r 0.8329434692071217 0.2549101067936458 -1.2916642376925322 0.27878188288879996 -3.8597656076312337 0.0 0.0 
r 0.8290146812619809 0.255730048621171 -1.2928630574049973 0.28380482767134213 -3.8640857110255746 0.0 0.0 
r 0.822974399774448 0.25707349173209026 -1.2946110854337491 0.29123238372351284 -3.8704392139471144 0.0 0.0 
r 0.8147058810454885 0.2590521543796741 -1.296847509367048 0.3009377446873383 -3.878686376847952 0.0 0.0 
r 0.8041438343590026 0.2617732591461333 -1.2994955719029004 0.3127519178989692 -3.8886547429012905 0.0 0.0 
r 0.7913248980363139 0.2653187354365668 -1.3024627328961282 0.3264814939919943 -3.9001572371080453 0.0 0.0 
r 0.7764227903622027 0.26972606589469705 -1.3056454629463803 0.3418929196226234 -3.912995877980612 0.0 0.0 
r 0.7597660042554228 0.2749757250589627 -1.3089327120543948 0.3587326363209165 -3.9269780005236052 0.0 0.0 
r 0.7418214521442771 0.2809889612819186 -1.3122118329580381 0.37673380761363545 -3.9419227356557416 0.0 0.0 
r 0.7231549790160218 0.28763283188016064 -1.3153750278932415 0.39561892282713745 -3.95766737977485 0.0 0.0 
r 0.7043760105416842 0.2947334458726438 -1.318324019613074 0.4151213379682244 -3.9740700444130796 0.0 0.0 
r 0.6860730607435519 0.30209341391937417 -1.3209765254084247 0.43495515957130465 -3.990995833530776 0.0 0.0 
r 0.6687622281301169 0.3095097348860078 -1.323269681021576 0.4548414958889831 -4.008322797005621 0.0 0.0 
r 0.6528572983631576 0.31678113345231945 -1.3251664126712661 0.4744640005081234 -4.025898496413969 0.0 0.0 
r 0.638656403741991 0.3237205516041287 -1.3266535497372969 0.4935128769974168 -4.0435582300514294 0.0 0.0 
r 0.6263371660957884 0.3301681996424341 -1.32773910781949 0.5116503923526776 -4.061080716951485 0.0 0.0 
r 0.615985967668715 0.33597814368571666 -1.3284548541086765 0.5285170760610001 -4.078168361503923 0.0 0.0 
r 0.6076120922589107 0.34102189278993084 -1.3288524665374395 0.5437586797719198 -4.094451619425447 0.0 0.0 
r 0.6011919421675815 0.3451757816790306 -1.3289961941817305 0.5570467847291989 -4.109507975381781 0.0 0.0 
r 0.5966707615199149 0.34832616430343794 -1.328962022907352 0.5681136987103446 -4.122920678930776 0.0 0.0 
r 0.5939781195599811 0.35036902159181665 -1.328833482582982 0.5767947819821198 -4.134383362341366 0.0 0.0 
r 0.5930539144385746 0.3512063323810552 -1.328693586689263 0.5830574634081824 -4.143800333036284 0.0 0.0 
r 0.5938338556364628 0.3507613213467122 -1.328622818874372 0.5870237529537761 -4.151355366566625 0.0 0.0 
r 0.5962502918362055 0.348989378724869 -1.3286919814310367 0.5889640628199801 -4.157485793513174 0.0 0.0 
r 0.600219841008094 0.34589256007751373 -1.3289579746655205 0.5892719982969998 -4.1627788400789365 0.0 0.0 
r 0.6056450527774079 0.3415256300376229 -1.3294571322541358 0.5884096507870757 -4.167825566708885 0.0 0.0 
r 0.6123946644969032 0.33601130341971475 -1.3302006397690855 0.5868552788828265 -4.173119432287132 0.0 0.0 
r 0.6202834273867586 0.329543274895251 -1.3311765929105541 0.5850245665970095 -4.178980332521785 0.0 0.0 
r 0.6290839576436347 0.3223738585209326 -1.3323458817057878 0.5832318187757808 -4.185571418328932 0.0 0.0 
r 0.6385101431807853 0.31480723014310874 -1.3336472208698393 0.5816497536373508 -4.192911255642892 0.0 0.0 
r 0.6482112118071721 0.30718294484795167 -1.3350045232254066 0.5802799000875745 -4.20090159526915 0.0 0.0 
r 0.6577992879131339 0.299846036687977 -1.3363313273611062 0.5789688830254156 -4.2093686530723815 0.0 0.0 
r 0.6668516310169842 0.2931262486601273 -1.3375447652402 0.5774105787492521 -4.218062999487972 0.0 0.0 
r 0.6749282725840504 0.2873216647513016 -1.338573372269241 0.5751792640020945 -4.226666988065951 0.0 0.0 
r 0.6816279183915348 0.2826677966301414 -1.3393640678825263 0.5717713346713904 -4.234797550395144 0.0 0.0 
r 0.6866043452601795 0.2793332631854034 -1.339889199225142 0.5666596879833703 -4.242013653327862 0.0 0.0 
r 0.6896028792154136 0.2774111239697921 -1.3401480683073732 0.5593481875039861 -4.247840256689651 0.0 0.0 
r 0.6904714957267722 0.2769196317553376 -1.340169910610715 0.5494343098198773 -4.251828235667018 0.0 0.0 
r 0.6891914408124672 0.2777983043476971 -1.3400076508172631 0.5366630261691594 -4.253632647265355 0.0 0.0 
r 0.6858564593977322 0.2799218647165862 -1.3397347304236191 0.5209792714269679 -4.253109014465177 0.0 0.0 
r 0.6806427790218994 0.2831171193533218 -1.3394394221051344 0.5025475288582588 -4.250348301066033 0.0 0.0 
r 0.6738075009633551 0.28716847818214497 -1.3392134854173068 0.4817536893868592 -4.245663461969208 0.0 0.0 
r 0.6656410792783521 0.29184475187742853 -1.3391437876239431 0.45919328536721743 -4.23952699778583 0.0 0.0 
r 0.6564562485005769 0.2969032617409692 -1.3393078147397472 0.43561873183762384 -4.232466251870974 0.0 0.0 
r 0.6465503557968558 0.3021213715188854 -1.3397617587240114 0.4118860253011685 -4.224995645629204 0.0 0.0 
r 0.6361914542932281 0.30730770252336315 -1.3405377477528002 0.3888878149292864 -4.217570319706401 0.0 0.0 
r 0.6256078414308259 0.31231520484059133 -1.3416405642608595 0.3674901624042595 -4.2105731137644735 0.0 0.0 
r 0.6149713499172165 0.31705535580786126 -1.3430484832605027 0.3484783522373844 -4.204319161357041 0.0 0.0 
r 0.6044047541569658 0.321494333593243 -1.344717499304678 0.332517144433679 -4.199069592569571 0.0 0.0 
r 0.5939772622150566 0.3256558837050847 -1.346585774864924 0.32012509801175154 -4.19502699393213 0.0 0.0 
r 0.5837147866804507 0.3296107696334569 -1.3485804073665821 0.3116582917269994 -4.192342877823505 0.0 0.0 
r 0.5736071067097283 0.33346568020874345 -1.350624744346054 0.30730811966348776 -4.191114098339506 0.0 0.0 
r 0.5636268717700588 0.3373452244214786 -1.3526437070420312 0.3071138444081168 -4.19138613932397 0.0 0.0 
r 0.5537450246714636 0.3413734705434201 -1.3545696327152539 0.3109552423518393 -4.193141845432802 0.0 0.0 
r 0.5439470027066506 0.345660356702083 -1.3563432084868532 0.3185854700911038 -4.196315533831059 0.0 0.0 
r 0.5342492690048875 0.3502814959167843 -1.3579174446644966 0.3296444594878856 -4.200793570078497 0.0 0.0 
r 0.5247065163843049 0.3552715163298669 -1.3592559196285046 0.343680452259396 -4.206423935826797 0.0 0.0 
r 0.5154236175311755 0.36060914271548106 -1.3603331968265209 0.36017181883357013 -4.213025469935809 0.0 0.0 
r 0.5065404162026879 0.36622562140457204 -1.3611328053508736 0.3785533930486587 -4.220400223276075 0.0 0.0 
r 0.4982325024849737 0.3720005514671898 -1.361645991601522 0.3982368895442781 -4.228338297413446 0.0 0.0 
r 0.4906965022842388 0.37776875067776583 -1.3618717591878728 0.4186406151339925 -4.236632734551789 0.0 0.0 
r 0.4841336204317997 0.38333527452775 -1.361814633510018 0.43920486383372187 -4.245082983146419 0.0 0.0 
r 0.4787385733628029 0.3884847825734861 -1.3614852678407412 0.45941583712423256 -4.253505445970887 0.0 0.0 
r 0.4746847494417277 0.39300035606235884 -1.3608992993716682 0.47881906261931045 -4.261737272412444 0.0 0.0 
r 0.4721178150088352 0.3966732165005961 -1.3600789115078074 0.49702726433196404 -4.2696376745902125 0.0 0.0 
r 0.47114884027058845 0.39931803346541384 -1.3590521270291829 0.513725152060083 -4.277089358705639 0.0 0.0 
r 0.4718498779351894 0.40078572905566534 -1.357852288335911 0.528672634610202 -4.283999603302279 0.0 0.0 
r 0.474252802650586 0.40097115631041325 -1.3565179172862103 0.541692318037313 -4.290292486844072 0.0 0.0 
r 0.4783501944458091 0.3998182775050596 -1.3550914166367012 0.5526833171849734 -4.2959124458260245 0.0 0.0 
r 0.48409121227302837 0.3973229884276356 -1.353619804294147 0.5615874843235631 -4.30080755643612 0.0 0.0 
r 0.49138984126586166 0.3935349648709292 -1.3521476926573972 0.568404110351904 -4.3049412167583805 0.0 0.0 
r 0.5001228244094013 0.3885454207345987 -1.3507221972645835 0.5731520942454686 -4.308259835185471 0.0 0.0 
r 0.5101334395004444 0.38248370444496843 -1.3493886200410656 0.5758882013365274 -4.310716078637274 0.0 0.0 
r 0.5212334729300434 0.375510801882377 -1.3481882497075988 0.5766902393888531 -4.312258104913004 0.0 0.0 
r 0.5332082774070794 0.3678082800847185 -1.3471574754373932 0.5756546748889728 -4.31283217578661 0.0 0.0 
r 0.5458217827025991 0.3595698269683717 -1.3463260566731337 0.5728898789669061 -4.312384208621129 0.0 0.0 
r 0.5588129438181586 0.3509971987107479 -1.3457176658633379 0.5685148651696408 -4.310865914774926 0.0 0.0 
r 0.5719059037200354 0.34229470289350905 -1.3453456230270362 0.562663837567589 -4.30824333695101 0.0 0.0 
r 0.5848112476541152 0.33366241315021916 -1.3452152503667585 0.5554824655898829 -4.304503826599514 0.0 0.0 
r 0.5972286683331547 0.32529627158128827 -1.3453221043825867 0.5471279853859892 -4.299660399602383 0.0 0.0 
r 0.608852104048591 0.31738606888604076 -1.3456516031546977 0.5377730373942529 -4.293761718117435 0.0 0.0 
r 0.6193749668988544 0.31011508422728823 -1.3461786627355496 0.5276045539735301 -4.286897395019038 0.0 0.0 
r 0.6285011718002376 0.303656098052113 -1.3468686122747522 0.5168213389884786 -4.279200430103902 0.0 0.0 
r 0.6359608355254056 0.2981669704800979 -1.3476778268636904 0.5056301038880793 -4.270844356039763 0.0 0.0 
r 0.6415304685723197 0.293785785634515 -1.348553965435949 0.49424675055192463 -4.262045733099683 0.0 0.0 
r 0.6450534611615403 0.2906248648422149 -1.3494377402197235 0.4828870287962858 -4.253051278522815 0.0 0.0 
r 0.6464711035818719 0.28876020856903717 -1.3502635039493471 0.4717608313550355 -4.244133212709718 0.0 0.0 
r 0.6458421590111734 0.28822354755247603 -1.3509617137527072 0.46107390858023106 -4.235574595506343 0.0 0.0 
r 0.6433560406742462 0.28899486892954274 -1.3514611360978577 0.45101379196359465 -4.227652018269611 0.0 0.0 
r 0.6393319743111907 0.2909983793300864 -1.3516908638026468 0.44175028114358256 -4.2206225688818755 0.0 0.0 
r 0.6342059204131594 0.29409875037406186 -1.3515836532811605 0.43343407647955573 -4.214711571030003 0.0 0.0 
r 0.6284921518639686 0.2981090768747139 -1.351078610715854 0.4261933495152816 -4.210095734636084 0.0 0.0 
r 0.6227565906153686 0.30278692732221835 -1.3501269125215225 0.4201301297254943 -4.2068947258830445 0.0 0.0 
r 0.6175649046466153 0.30785074440441185 -1.3486946946408143 0.4153275542123465 -4.205169743762004 0.0 0.0 
r 0.6134412276476141 0.31299328817909616 -1.3467674500642897 0.4118462534339539 -4.204918900665899 0.0 0.0 
r 0.6108388331702781 0.31789505844846566 -1.3443539645674634 0.40972868594436723 -4.206086726635551 0.0 0.0 
r 0.610122193504138 0.32223857695191416 -1.3414890936034665 0.40899102621141586 -4.2085616342666325 0.0 0.0 
r 0.6115522888667134 0.32572647636077834 -1.3382357612947038 0.40963171537279847 -4.212198830576128 0.0 0.0 
r 0.6152879088202211 0.32809631365105946 -1.334683462303003 0.4116274326629807 -4.216828135449187 0.0 0.0 
r 0.6213953731990302 0.3291276018043494 -1.33094783957599 0.4149292166935729 -4.222261920882199 0.0 0.0 
r 0.629855104924032 0.328658618764839 -1.3271621256281172 0.41946841419697894 -4.228316153652715 0.0 0.0 
r 0.6405789174077436 0.3265862576254294 -1.3234725770652849 0.42515088599739154 -4.2348120017662385 0.0 0.0 
r 0.6534198142330482 0.3228730688782703 -1.3200283370459491 0.43186372315533134 -4.241588604956689 0.0 0.0 
r 0.6681826067625198 0.3175499614113548 -1.3169703897399492 0.43947921670433693 -4.248506982540663 0.0 0.0 
r 0.6846390186897091 0.3107094756286912 -1.314422692976357 0.44785893572867513 -4.255454061540496 0.0 0.0 
r 0.702518835131454 0.3025127751225871 -1.3124815994888288 0.45686034960349725 -4.262341354497501 0.0 0.0 
r 0.7215221310257114 0.2931775941323433 -1.3112083937910128 0.46634542697438547 -4.269109027475771 0.0 0.0 
r 0.7413125584229556 0.2829719555966181 -1.3106258279191243 0.4761841882586348 -4.275718719786205 0.0 0.0 
r 0.761513972269258 0.27220252210201634 -1.3107176404681833 0.4862579050753087 -4.28215146743212 0.0 0.0 
r 0.7817209983613338 0.2611937188161491 -1.311431509578793 0.4964604195379077 -4.288400792537452 0.0 0.0 
r 0.801490292075906 0.2502764169185797 -1.3126860098904742 0.5066955828722701 -4.294467192949838 0.0 0.0 
r 0.8203633936380483 0.23976283840601637 -1.314380073595569 0.5168694541880239 -4.300348548622579 0.0 0.0 
r 0.8378832100274765 0.2299308974489679 -1.3164029386497984 0.5268834144266994 -4.306032998887806 0.0 0.0 
r 0.8536294603514643 0.22100569201872228 -1.318644300725153 0.536627552419777 -4.3114921901314105 0.0 0.0 
r 0.8672525060110519 0.21314833440544703 -1.321003270293628 0.545971467022166 -4.316674217304287 0.0 0.0 
r 0.8785136353161231 0.20644740435378325 -1.3233946242826333 0.5547644910387046 -4.3215020738753775 0.0 0.0 
r 0.8873138674812245 0.2009175731277146 -1.3257527930748652 0.5628411255251757 -4.325878754272868 0.0 0.0 
r 0.8937083357079658 0.19650461616957893 -1.3280323551060071 0.5700223946425662 -4.329683513315068 0.0 0.0 
r 0.8979062736733474 0.1930925460289911 -1.3302079709669976 0.5761367174388579 -4.332788534571546 0.0 0.0 
r 0.9002485249507968 0.19051884835891336 -1.3322697652562898 0.5810247790227758 -4.335060993107281 0.0 0.0 
r 0.901169832193859 0.18859071004885034 -1.3342200302044798 0.5845630162470872 -4.3363821788489805 0.0 0.0 
r 0.9011488473239179 0.1871058705956682 -1.3360672498123838 0.586672791995617 -4.33665644316617 0.0 0.0 
r 0.9006605573587121 0.18587041668687074 -1.337821951761443 0.5873307661570581 -4.335822503131439 0.0 0.0 
r 0.900128158008437 0.18471794284258689 -1.3394917081003626 0.5865699411052974 -4.333859158257252 0.0 0.0 
r 0.899896513964112 0.1835195941169954 -1.3410784814102674 0.584480461004788 -4.330791897606266 0.0 0.0 
r 0.9001891216852607 0.18220034361949375 -1.3425765290142468 0.5812037613245493 -4.326697020898468 0.0 0.0 
r 0.9011037025468465 0.1807401957791762 -1.3439712431309447 0.5769209083471298 -4.32169616902279 0.0 0.0 
r 0.9025989590751323 0.1791760305816877 -1.3452408014317894 0.5718463602579671 -4.315956112049854 0.0 0.0 
r 0.9045138342871867 0.17759015876235462 -1.3463591904980636 0.5662039020144518 -4.309677257335927 0.0 0.0 
r 0.9065896104849333 0.1761014282078406 -1.3472951410762528 0.5602266223268122 -4.303089374788249 0.0 0.0 
r 0.9085087135156563 0.1748451034862229 -1.348018760664851 0.5541439818245899 -4.296443872353617 0.0 0.0 
r 0.909937448102868 0.1739568826174783 -1.3485031740000049 0.5481659157280003 -4.28999565925575 0.0 0.0 
r 0.9105694432610915 0.17355832216574382 -1.348725886237925 0.5424849932935627 -4.283999798692863 0.0 0.0 
r 0.9101812940699178 0.17373892648564834 -1.3486700069297104 0.5372675453767892 -4.278694557228933 0.0 0.0 
r 0.9086509511168884 0.17454953339568727 -1.34832744786921 0.5326504607029308 -4.274288791606279 0.0 0.0 
r 0.9059773668072127 0.17599959397994716 -1.3476950260782594 0.5287476560084852 -4.270959593428112 0.0 0.0 
r 0.9022806202183106 0.1780551844563429 -1.3467760090481473 0.5256465460803883 -4.268840929296335 0.0 0.0 
r 0.8977881585783696 0.18064267420505284 -1.345578471567 0.5234092745023771 -4.268014853495369 0.0 0.0 
r 0.8928068434546403 0.1836554452433172 -1.3441147768400088 0.5220730473470523 -4.268511629937361 0.0 0.0 
r 0.8876968148071255 0.1869607977362647 -1.3423998412609968 0.5216516714399433 -4.270309406271496 0.0 0.0 
r 0.8828485628661457 0.19040527646893393 -1.340450732585958 0.5221284930325367 -4.273331346224511 0.0 0.0 
r 0.8786419690830599 0.19382613503852528 -1.3382887866438304 0.5234549131938357 -4.277450554512593 0.0 0.0 
r 0.8754534810959687 0.1970489473836561 -1.3359387013223853 0.5255483368954923 -4.28250190973737 0.0 0.0 
r 0.8736319206658927 0.19989592058640415 -1.3334309028026379 0.5282893562655695 -4.288286519036723 0.0 0.0 
r 0.8735005678762091 0.2021865945859003 -1.330802907270597 0.5315123786421918 -4.294572883655526 0.0 0.0 
r 0.875357004544931 0.20374046285302988 -1.3281008528289893 0.5350158500301405 -4.301121484141309 0.0 0.0 
r 0.8794708652852007 0.20438171486713805 -1.325380808586692 0.5385622142966373 -4.30768649687165 0.0 0.0 
r 0.8860837106569602 0.20394518313184368 -1.322708633986648 0.5418833386659971 -4.314024217517088 0.0 0.0 
r 0.8954042808443833 0.2022849926606078 -1.3201592643807054 0.5446924973175629 -4.319904563769003 0.0 0.0 
r 0.9075897228174697 0.19929282308958954 -1.3178106728339307 0.5467027761672154 -4.3251202244784785 0.0 0.0 
r 0.9227384902521709 0.19490663980998837 -1.315741449023721 0.5476375253845809 -4.32949028722728 0.0 0.0 
r 0.9408647931005235 0.18912728974476767 -1.3140239494515784 0.5472508407921088 -4.332868414375746 0.0 0.0 
r 0.9618728662680481 0.18203025923029142 -1.3127174738534015 0.5453424530846964 -4.335143544198188 0.0 0.0 
r 0.9855287251342836 0.1737719014706854 -1.3118623642540022 0.5417786531269997 -4.336249739893951 0.0 0.0 
r 1.0114336688087153 0.16458796169532736 -1.31147601359944 0.536501105189424 -4.336162743643 0.0 0.0 
r 1.0390072448198737 0.15478328809341357 -1.3115508128089224 0.529537453184634 -4.3348999036195845 0.0 0.0 
r 1.0674818439928957 0.14471507671358771 -1.3120541538065305 0.5210100819633432 -4.332525969746048 0.0 0.0 
r 1.0959247901116855 0.13476604647001797 -1.3129344732346853 0.5111265464308721 -4.329138943017638 0.0 0.0 
r 1.1232833157203779 0.12531895765549975 -1.31412426384593 0.5001765711812789 -4.32487265560903 0.0 0.0 
r 1.1484625769704293 0.11672680782505411 -1.3155479152748173 0.4885098351569161 -4.3198839793564545 0.0 0.0 
r 1.1704067048401998 0.10929135359989646 -1.3171301031447091 0.47651348966193724 -4.314343564577775 0.0 0.0 
r 1.1882007174027116 0.10324388797876533 -1.3188000134841003 0.46458377336540996 -4.308426594520488 0.0 0.0 
r 1.2011414897864023 0.09873706329053031 -1.320498727290868 0.4530925336739146 -4.30229920771867 0.0 0.0 
r 1.2087862255196935 0.09584494453885449 -1.3221809362794605 0.44236681173329023 -4.296113085213312 0.0 0.0 
r 1.2109658233490523 0.0945697446544107 -1.323816416921816 0.43266770625813417 -4.289998703082441 0.0 0.0 
r 1.2077640948690207 0.09485498674653915 -1.3253882466194922 0.42418517409477147 -4.284062868602976 0.0 0.0 
r 1.1994492797585 0.09660817927490112 -1.3268899901436266 0.4170376100356334 -4.27838873000291 0.0 0.0 
r 1.1864401583194906 0.09971145737608543 -1.3283205109252838 0.41128405378061755 -4.273041614830453 0.0 0.0 
r 1.1692240530686437 0.10404438114001446 -1.3296789496676515 0.40694018130704485 -4.268074287321071 0.0 0.0 
r 1.148316118483626 0.10949534119296758 -1.3309590327601748 0.40399325838511296 -4.2635359099819645 0.0 0.0 
r 1.1241920717234244 0.11598012065551744 -1.3321472757533401 0.40241266318490115 -4.259476142898233 0.0 0.0 
r 1.0973173545828854 0.12343512389980588 -1.3332190014696437 0.4021614605398867 -4.255950390160766 0.0 0.0 
r 1.068132180118966 0.13182215891283663 -1.3341388156373823 0.4031969094103475 -4.253021454222879 0.0 0.0 
r 1.0370775817473612 0.14112020588114563 -1.3348626716641974 0.405469404411998 -4.25075530693308 0.0 0.0 
r 1.0046196914839751 0.15131455637823937 -1.3353420113815528 0.4089211093513551 -4.249221913696949 0.0 0.0 
r 0.9712680245931778 0.16238385498304822 -1.335528544783028 0.4134742819312492 -4.248480299007321 0.0 0.0 
r 0.9375717263710948 0.17428811833809507 -1.3353815458014662 0.41903126041976485 -4.248571810761454 0.0 0.0 
r 0.904118664300872 0.18695281831764116 -1.3348725885343882 0.42546814282588535 -4.249510729062377 0.0 0.0 
r 0.8714961536941339 0.20026317269970118 -1.3339906569027324 0.432634571356823 -4.251276182216139 0.0 0.0 
r 0.8402633488344284 0.21405612469317736 -1.3327453095529105 0.4403616570324635 -4.253809159051777 0.0 0.0 
r 0.810911338251926 0.2281233131061125 -1.3311668418664453 0.4484662274727505 -4.257014263778408 0.0 0.0 
r 0.7838348501541951 0.24221994597211227 -1.329303430408316 0.45676142318382024 -4.260765283670345 0.0 0.0 
r 0.7593372899723788 0.2560677260594635 -1.3272179075621664 0.46506449115311105 -4.264916602624668 0.0 0.0 
r 0.7376186794967019 0.2693771347646753 -1.3249803908292888 0.473206089024751 -4.269317949857615 0.0 0.0 
r 0.7187987740583881 0.28185855277377303 -1.3226618438507887 0.48103737148577 -4.273831956330995 0.0 0.0 
r 0.7029289092876434 0.29324349271509503 -1.3203256940453896 0.48843193601181195 -4.278348717291207 0.0 0.0 
r 0.6900075049896477 0.30329736194267426 -1.3180257620685047 0.4952871949392788 -4.28279257981935 0.0 0.0 
r 0.679994428197347 0.3118384082313406 -1.3157973562059648 0.5015227215911799 -4.287131664943104 0.0 0.0 
r 0.6728143878211794 0.3187488073196586 -1.3136576482682907 0.5070828265316036 -4.291379430727197 0.0 0.0 
r 0.668359384654852 0.3239806686529534 -1.311606954061698 0.5119283581148966 -4.295582245664641 0.0 0.0 
r 0.6664846050203088 0.32755901290929146 -1.3096317868847778 0.5160364812951761 -4.299806814879039 0.0 0.0 
r 0.6669944969376832 0.32958684619184475 -1.3077074943161446 0.5193988393604119 -4.304123514525441 0.0 0.0 
r 0.6696305005780346 0.3302381133169546 -1.3058066689112782 0.5220169845506746 -4.308582607295789 0.0 0.0 
r 0.6740656228531826 0.32974783432011917 -1.303903645826171 0.5239031969475343 -4.313200523234309 0.0 0.0 
r 0.6798936689168442 0.3284007481013717 -1.301981576645633 0.5250745486898609 -4.317945487415939 0.0 0.0 
r 0.6866300774147325 0.32651634890574666 -1.3000365956887863 0.5255528535885834 -4.322729721054605 0.0 0.0 
r 0.6937352428119951 0.3244232018034687 -1.2980810813623334 0.5253572937454594 -4.327419340117152 0.0 0.0 
r 0.7006307796517025 0.32244299768335394 -1.296145729860153 0.5245095122191121 -4.331845269684259 0.0 0.0 
r 0.7067530935125227 0.32086151871478874 -1.2942769568198622 0.5230255290259578 -4.335818976470538 0.0 0.0 
r 0.7115806703837937 0.3199149261479348 -1.292538231142128 0.5209164860108528 -4.339149341884829 0.0 0.0 
r 0.7146892960793767 0.3197672575151557 -1.2910057660917669 0.5181870674944096 -4.341655493449811 0.0 0.0 
r 0.7157827609781554 0.3205038481218308 -1.289762601144836 0.5148459470081019 -4.343191047702103 0.0 0.0 
r 0.7147135028087802 0.32212399283207155 -1.2888961751161891 0.5108960872196597 -4.34363761713661 0.0 0.0 
r 0.711498290439966 0.3245367531625879 -1.28849227548044 0.5063412566211483 -4.342911465316442 0.0 0.0 
r 0.7062873526582727 0.3275788088822591 -1.2886312735197112 0.5011881048307993 -4.34096315108073 0.0 0.0 
r 0.6993399205619587 0.3310287008335319 -1.2893825766274711 0.49544788434774006 -4.337775110678276 0.0 0.0 
r 0.6909856927897773 0.33462623955342147 -1.290802387477573 0.489134843347456 -4.33335708204647 0.0 0.0 
r 0.6815863144901614 0.3380990019193016 -1.2929273050346197 0.48227379257052155 -4.327747457283126 0.0 0.0 
r 0.6714996627047142 0.3411865958133715 -1.295771491993838 0.47490077481624987 -4.321012046576722 0.0 0.0 
r 0.6610525550051914 0.34366419261665326 -1.2993231597627584 0.4670693950915861 -4.313248150502616 0.0 0.0 
r 0.6505202926186557 0.3453637706007816 -1.3035420203946702 0.4588668870716122 -4.304586303271023 0.0 0.0 
r 0.6401197504940545 0.3461894475367866 -1.3083561085115083 0.45041396141733075 -4.295192995244124 0.0 0.0 
r 0.6300026684586766 0.3461295866651389 -1.3136617856687187 0.4418790362508002 -4.285274554076608 0.0 0.0 
r 0.6202613945532964 0.3452607378263388 -1.3193234175462971 0.43348330602152535 -4.275072679018174 0.0 0.0 
r 0.6109407106889291 0.3437409084512883 -1.3251772116540637 0.4255029958093081 -4.26486387405706 0.0 0.0 
r 0.6020475524169976 0.3418008862534381 -1.3310362606100428 0.41826508795215517 -4.2549510577074665 0.0 0.0 
r 0.5935658366568936 0.3397245777247159 -1.3366997689961444 0.41213291412686 -4.245652923575224 0.0 0.0 
r 0.5854748498872973 0.33782279246177793 -1.341963749469481 0.4074783638145271 -4.237287292653285 0.0 0.0 
r 0.5777599932708586 0.33640332833006203 -1.3466364606225787 0.40464866269167304 -4.230152762507926 0.0 0.0 
r 0.5704230490058898 0.33574091151575935 -1.350552354404939 0.4039225862999967 -4.224506768234577 0.0 0.0 
r 0.5634997871904679 0.336045290181442 -1.3535821431221589 0.40547644911392516 -4.2205519471927015 0.0 0.0 
r 0.5570515276288611 0.3374398659087204 -1.3556462853554871 0.40934043826299243 -4.2184131911554505 0.0 0.0 
r 0.5511419287433348 0.33996106153553884 -1.3567204955482464 0.4153824376147595 -4.218125646045304 0.0 0.0 
r 0.5458476517008051 0.3435455960712951 -1.3568340730303665 0.4233084468191219 -4.219630150875796 0.0 0.0 
r 0.5412337329661423 0.34804567103694173 -1.3560674630315679 0.43268110237359564 -4.222770793915487 0.0 0.0 
r 0.5373387927484505 0.3532512898451345 -1.3545432131026616 0.4429550906328716 -4.2273018262386355 0.0 0.0 
r 0.5341696045863888 0.3589151804346373 -1.3524135611968287 0.45352682128547633 -4.232901526294476 0.0 0.0 
r 0.5317111097722964 0.3647732286463771 -1.3498453532557457 0.46379178720407305 -4.239198311483143 0.0 0.0 
r 0.5299097471583354 0.37058021991648726 -1.3470088201216504 0.47319360890947565 -4.245792999500744 0.0 0.0 
r 0.5286884291716932 0.3761208692500528 -1.344066928830699 0.48126397845241214 -4.252283839158568 0.0 0.0 
r 0.5279506774484156 0.38122439361108673 -1.3411665820139769 0.4876490334143429 -4.258293657707186 0.0 0.0 
r 0.5275886568185254 0.38576652548462637 -1.3384346527658715 0.4921211619395525 -4.263485143644911 0.0 0.0 
r 0.5274829145810173 0.38967251710559725 -1.3359764365307112 0.4945808482272825 -4.2675781130356425 0.0 0.0 
r 0.527516500564659 0.39290187795271053 -1.333877597757128 0.4950381740908802 -4.270352662933539 0.0 0.0 
r 0.5275787244376478 0.3954377045208302 -1.3322079387089016 0.49359200348080684 -4.271646353608772 0.0 0.0 
r 0.527578097471502 0.3972688124718649 -1.3310248438880743 0.4904082942183678 -4.271352528777809 0.0 0.0 
r 0.5274500717741324 0.3983747076740818 -1.3303776450990776 0.48568613521084575 -4.269409432150159 0.0 0.0 
r 0.5271704221578934 0.39870871366898614 -1.3303103907660716 0.4796381807599877 -4.265792502051331 0.0 0.0 
r 0.5267604669403119 0.39819287656109914 -1.3308616493958254 0.47247311835262146 -4.260509010167057 0.0 0.0 
r 0.5262927349287745 0.3967160772190585 -1.3320625212399857 0.46438336565655586 -4.253592496990674 0.0 0.0 
r 0.5258981508300953 0.39413375115683613 -1.3339336146226068 0.4555398572270097 -4.245102887292848 0.0 0.0 
r 0.5257560192966474 0.3902902881893783 -1.3364777021667507 0.44609473038119934 -4.235127151660068 0.0 0.0 
r 0.5261027250098234 0.3850255304077702 -1.3396743698353397 0.43618898071910134 -4.223786296141245 0.0 0.0 
r 0.5272181504874489 0.37820248498142456 -1.3434746015469186 0.4259579967599982 -4.211240825158895 0.0 0.0 
r 0.5294175981336084 0.3697284131977068 -1.3477983025349671 0.4155439136442744 -4.197696577657958 0.0 0.0 
r 0.5330441654065171 0.35957468664789516 -1.3525332611054837 0.4051007696251246 -4.183411635252378 0.0 0.0 
r 0.5384554330431685 0.34779030703536445 -1.3575404474475472 0.39479929864763214 -4.168700066309899 0.0 0.0 
r 0.54600497150983 0.334512178752303 -1.3626611028119515 0.3848257173446456 -4.153929371227187 0.0 0.0 
r 0.5560249103616964 0.3199563105383426 -1.3677305673505267 0.37537471678784023 -4.139510321492186 0.0 0.0 
r 0.5688037285151208 0.30440929094081015 -1.3725875618002696 0.3666449587376445 -4.125883728695493 0.0 0.0 
r 0.5845487975211979 0.28821135016801197 -1.3770877910557973 0.35882274497665984 -4.113490532803645 0.0 0.0 
r 0.6033342862386267 0.2717385680707221 -1.3811158139364939 0.35206890070775304 -4.102738374486242 0.0 0.0 
r 0.6250875873432696 0.25536230829889417 -1.3845918796903565 0.34649947117537666 -4.093958593749935 0.0 0.0 
r 0.6495359595341775 0.23944012878330947 -1.387473007901362 0.34218542473152175 -4.087366619231071 0.0 0.0 
r 0.6761843197575773 0.22428969163444823 -1.3897574446788448 0.33912310680587937 -4.083025869482229 0.0 0.0 
r 0.7043200076218475 0.21017907991030005 -1.3914771319186046 0.33724520991980095 -4.0808407622641045 0.0 0.0 
r 0.7330436298978187 0.19732119535720774 -1.392690691895897 0.3364186476163244 -4.080558995510413 0.0 0.0 
r 0.7613193357730035 0.18587604134531222 -1.393476373258558 0.3364556037834066 -4.0818030338108215 0.0 0.0 
r 0.7880567900749799 0.1759534953964631 -1.3939241385157055 0.3371274813718857 -4.084107318888315 0.0 0.0 
r 0.8121936906334365 0.16762377912545384 -1.3941259007666145 0.3381867652912011 -4.086973680302806 0.0 0.0 
r 0.8327440427960132 0.16093459832689486 -1.3941689888171103 0.3393877900313604 -4.089922553315182 0.0 0.0 
r 0.8488903058407927 0.15590863613094952 -1.3941294834292284 0.34050779794795744 -4.09253135910107 0.0 0.0 
r 0.8600066049362789 0.15255537143484307 -1.3940679526631365 0.34136135784735405 -4.0944643272144265 0.0 0.0 
