l -0.8432885891997154 4.004386467514459 2.490284456338108 -1.4132796214653536 2.7891569778658445 0.0 0.0 
l -0.8443614017582556 4.005133584678885 2.4920543734101273 -1.4205082489481498 2.7896041180697697 0.0 0.0 
l -0.8459380196067066 4.006261907496607 2.494682650820404 -1.4320643006098668 2.7902006086721083 0.0 0.0 
l -0.8479836655252468 4.007778079816755 2.4981391818366543 -1.4489114648464134 2.7908603861545567 0.0 0.0 
l -0.8504609313288549 4.009685039723522 2.502386846260519 -1.4725097879806022 2.791475348843983 0.0 0.0 
l -0.8533312635474658 4.011980681248506 2.5073817288170854 -1.5048666571129943 2.7919191462018946 0.0 0.0 
l -0.8565608560150416 4.0146543646046995 2.5130755217625165 -1.5485263115044399 2.7920506414005426 0.0 0.0 
l -0.8601240140824447 4.017685966253825 2.5194179444753666 -1.6062322106477749 2.791723182953759 0.0 0.0 
l -0.8640028012353976 4.0210458504985045 2.5263564774181297 -1.680252109500061 2.790781343373759 0.0 0.0 
l -0.8681898584679141 4.024694010435137 2.533838345535255 -1.770926063616615 2.7890738016609045 0.0 0.0 
l -0.8726850449105926 4.028584085392465 2.5418112705667366 -1.8749814983245179 2.7864554815835456 0.0 0.0 
l -0.8774917006095811 4.03266816290702 2.550224611598423 -1.9847134286745216 2.782792216667051 0.0 0.0 
l -0.8826115875148548 4.036900455178892 2.5590281930162417 -2.0895523419155717 2.7779642244561638 0.0 0.0 
l -0.8880408624416516 4.041242351091407 2.5681734341552884 -2.179659425508616 2.77187271242529 0.0 0.0 
l -0.893765023362824 4.045669077480146 2.577614993464615 -2.249304977821159 2.7644555906858312 0.0 0.0 
l -0.8997541254014882 4.050173701557723 2.5873101219906345 -2.2972094189768657 2.755673548977347 0.0 0.0 
l -0.905960143939018 4.054770883802407 2.5972197289758276 -2.3254081433994833 2.7455363164954663 0.0 0.0 
l -0.9123178104082035 4.059496822413568 2.6073090315697733 -2.337516809201317 2.7341073750552845 0.0 0.0 
l -0.9187456454967267 4.064409058941568 2.61754818499054 -2.3375629615129565 2.721513963772397 0.0 0.0 
l -0.9251496477810851 4.06958354751066 2.6279127911766693 -2.3292639029925732 2.7079618157367884 0.0 0.0 
l -0.9314287096457918 4.075108746232983 2.638383315634436 -2.315740310436648 2.6937439097835654 0.0 0.0 
l -0.9374775884820328 4.081080029381385 2.6489427832998858 -2.299439836954146 2.679245651494339 0.0 0.0 
l -0.9431919290567219 4.087593700777486 2.6595761900830377 -2.282143983316609 2.664946400209999 0.0 0.0 
l -0.9484712349334281 4.094740641143847 2.67026806800083 -2.264950999319103 2.6514086059849005 0.0 0.0 
l -0.9532207776505386 4.10259909794165 2.680998762568568 -2.2484761565696885 2.63926567474502 0.0 0.0 
l -0.9573503902885536 4.111230898255892 2.6917413897495845 -2.2328915547000485 2.6291925782594014 0.0 0.0 
l -0.9607727283478223 4.120677570913382 2.7024586432026307 -2.218101939622696 2.621879861377915 0.0 0.0 
l -0.9633982742017901 4.13095922391455 2.713099581693385 -2.203657548696544 2.6179975883938984 0.0 0.0 
l -0.965132717465171 4.142074821317639 2.7235998276794047 -2.1888719488639343 2.6181625418288297 0.0 0.0 
l -0.9658778971655632 4.153992978573788 2.733876920711553 -2.172798838759856 2.622904426764478 0.0 0.0 
l -0.9655257814823056 4.166658727292025 2.743833138305317 -2.1541836664510012 2.6326442409841153 0.0 0.0 
l -0.9639657886933807 4.179988837167543 2.753358890973912 -2.1314143827196306 2.6476622079589958 0.0 0.0 
l -0.9610876953167279 4.193871869350982 2.7623353231805265 -2.102201437289887 2.668073229208586 0.0 0.0 
l -0.9567899461871685 4.208168504484556 2.7706396252724477 -2.0632505413864806 2.693803858751906 0.0 0.0 
l -0.9509900442796644 4.222713634133321 2.778151116258685 -2.0094694788171443 2.7245549268865084 0.0 0.0 
l -0.9436396534255077 4.2373191065807365 2.7847587695519067 -1.9322169510192626 2.759785204512991 0.0 0.0 
l -0.9347357825929768 4.251781821122906 2.7903679718070067 -1.8152005660379886 2.798688150684717 0.0 0.0 
l -0.9243330968364597 4.265893757642957 2.7949083528395935 -1.6254434209344286 2.8402027139244757 0.0 0.0 
l -0.9125517424064447 4.279452486677086 2.7983389919747843 -1.2996002187774744 2.8830452631387278 0.0 0.0 
l -0.8995837765534492 4.292271371706353 2.800654101208538 -3.9279275732762327 -0.215814533913397 0.0 0.0 
l -0.8856932882147129 4.304190333306065 2.801888201886989 -3.39097947912604 -0.17469103798022356 0.0 0.0 
l -0.8712098875843858 4.315082374917003 2.8021177746716277 -3.0330934790292226 -0.13663662880555583 0.0 0.0 
l -0.8565193602375347 4.324856540182405 2.8014624468567946 -2.8239376036488406 -0.10298241999060131 0.0 0.0 
l -0.842047035262227 4.333457841436922 2.8000824657725794 -2.696317223947637 -0.07486203041196471 0.0 0.0 
l -0.8282379271039307 4.340864931579567 2.7981741355041603 -2.6146698627256413 -0.0531817514489068 0.0 0.0 
l -0.8155360530015099 4.34708387789745 2.7959610705451907 -2.5631453965166475 -0.038617178874449154 0.0 0.0 
l -0.8043641535958986 4.35214185048522 2.793683450362616 -2.535801848240075 -0.03162489925998546 0.0 0.0 
l -0.7951037854776253 4.3560809891061645 2.7915841988275814 -2.532786364657504 -0.03246332259763007 0.0 0.0 
l -0.7880779823285036 4.3589524294154245 2.7898929989529466 -2.559987676117876 -0.04120599988653928 0.0 0.0 
l -0.7835374667993089 4.360811971139502 2.7888107570808103 -2.6316170767212594 -0.057753272862610006 0.0 0.0 
l -0.7816535370573293 4.361714702992995 2.7884952228107776 -2.7758519328030324 -0.0818216892027328 0.0 0.0 
l -0.7825100044707632 4.361713700820818 2.7890496652222874 -3.0375201655144406 -0.11294233541505805 0.0 0.0 
l -0.7861015249331978 4.360858389986202 2.790516581964179 -3.4324154896028114 -0.15044663069276032 0.0 0.0 
l -0.7923351813473243 4.35919428509094 2.7928771217607817 -3.8395930382232173 -0.19346789094955907 0.0 0.0 
l -0.8010338699477442 4.356764820179128 2.796056158556981 -0.9810530278247269 2.90064283902331 0.0 0.0 
l -0.8119450825760506 4.353613186581723 2.799932559736507 -1.1443869674563907 2.8499151674701313 0.0 0.0 
l -0.8247533247704971 4.349785164537358 2.8043532246593155 -1.2344001247532361 2.797272743809 0.0 0.0 
l -0.8390921086483661 4.345333904597579 2.8091477962233933 -1.282683078130261 2.7441060046857357 0.0 0.0 
l -0.8545607677433074 4.3403247494129715 2.8141443436227673 -1.3066549072423153 2.6918056490622466 0.0 0.0 
l -0.8707410239971463 4.334838846384719 2.819181191195613 -1.3159943218418915 2.641714404607516 0.0 0.0 
l -0.8872164049459732 4.328976811045819 2.824118234044965 -1.3163779065184482 2.5950870557049037 0.0 0.0 
l -0.9035863848078205 4.322862252769986 2.8288432962299357 -1.3113305610749666 2.5530648041485 0.0 0.0 
l -0.9194834330091063 4.316639941505013 2.8332753105521724 -1.3031484029227223 2.5166629463281938 0.0 0.0 
l -0.9345833690988963 4.310473075411113 2.837363751199013 -1.2933589646309342 2.4867656747004356 0.0 0.0 
l -0.9486128526866526 4.304536697966032 2.841085143085 -1.2829883579299832 2.46412138378507 0.0 0.0 
l -0.9613546930194964 4.2990090553066835 2.8444390712208762 -1.2726844111835434 2.44933930030557 0.0 0.0 
l -0.9726484294831786 4.294059952731036 2.847441401445435 -1.2628107598496647 2.442875512991007 0.0 0.0 
l -0.9823854440474648 4.289839221394317 2.8501161980168987 -1.253487957948633 2.4450136124378234 0.0 0.0 
l -0.9905065304770763 4.286464151632709 2.852489358834637 -1.2446122250495477 2.455838637573791 0.0 0.0 
l -0.9969946046294736 4.284012514951507 2.854583583598237 -1.2358590825799367 2.475210826101523 0.0 0.0 
l -1.0018649685813708 4.282517345825075 2.85641241106331 -1.2266771804163137 2.5027361136416877 0.0 0.0 
l -1.0051663413481025 4.281957378471295 2.8579764484750507 -1.2162521511565876 2.5377381494166107 0.0 0.0 
l -1.0069660652566865 4.2822677342351385 2.859263240949442 -1.2034530865097375 2.5792916966646082 0.0 0.0 
l -1.007348140004213 4.283342409528037 2.86024746168674 -1.186744814953133 2.626224229731465 0.0 0.0 
l -1.0064095393004666 4.285042623022828 2.8608931612839235 -1.1640471052861405 2.6771887563535453 0.0 0.0 
l -1.004255097790896 4.287208908500431 2.861157096110398 -1.1325363750206476 2.730742944125341 0.0 0.0 
l -1.0009963117100933 4.289673416461282 2.8609942629976275 -1.0883566612040778 2.78544329176727 0.0 0.0 
l -0.9967499982280812 4.292271810870942 2.860363256798657 -1.0262872250552437 2.8399274610872087 0.0 0.0 
l -0.9916349901072371 4.294855560351818 2.859231356834178 -0.9395151674674067 2.892979590080481 0.0 0.0 
l -0.9857731424725136 4.297299649549506 2.8575797333670545 -3.961713090709769 -0.19803276271651837 0.0 0.0 
l -0.9792882260390265 4.299509581581515 2.855407863643552 -3.803265344535201 -0.15078289733367733 0.0 0.0 
l -0.9723030361423561 4.301426156377969 2.852736265430166 -3.607175823650496 -0.10756117590838321 0.0 0.0 
l -0.9649377763938697 4.30302570519589 2.849607415044902 -3.3899572312929616 -0.06893054826389577 0.0 0.0 
l -0.9573103847022173 4.304316901979349 2.8460856749881636 -3.1801852959064694 -0.03535142450054973 0.0 0.0 
l -0.949534004046452 4.305336129742202 2.842254502671876 -3.0020367929791703 -0.007212093887599247 0.0 0.0 
l -0.9417163639598767 4.306140318390069 2.8382125531654734 -2.864373546414569 0.015151951563921129 0.0 0.0 
l -0.9339581987404201 4.306802922391208 2.834071120622177 -2.7644224576344496 0.03144859018572621 0.0 0.0 
l -0.9263582936076629 4.307398500862717 2.82994588525162 -2.695725815963229 0.0414257909049609 0.0 0.0 
l -0.9190099999169967 4.307999433427398 2.8259522283067393 -2.652566501168562 0.04487513962971135 0.0 0.0 
l -0.912006721020699 4.308667915069329 2.8222016126452627 -2.6315080935320836 0.041642539481189456 0.0 0.0 
l -0.905443924016692 4.3094501493947845 2.8187970921661702 -2.631793394427395 0.031642893811287154 0.0 0.0 
l -0.8994209709658051 4.310372536096269 2.8158299753366713 -2.6557156869676244 0.01488682135023267 0.0 0.0 
l -0.8940413401839481 4.311440408427677 2.813377443214922 -2.709449348034606 -0.008503743594590274 0.0 0.0 
l -0.8894140049065965 4.312638364800809 2.811502248380764 -2.804835127761906 -0.03826564429973933 0.0 0.0 
l -0.8856507246492672 4.313932382426822 2.8102515383706947 -2.9616000605548467 -0.07397294693298662 0.0 0.0 
l -0.8828610886297457 4.315274379928594 2.8096566398659566 -3.204754118451648 -0.11501921908329171 0.0 0.0 
l -0.8811468575934902 4.316607223392988 2.8097331712130615 -3.5385267329950287 -0.16060976962170437 0.0 0.0 
l -0.8805957048379166 4.31786985688565 2.8104813186040487 -3.9001304827652614 -0.20976928506795445 0.0 0.0 
l -0.8812725675839624 4.31900351329886 2.811885998323601 -1.0582681068694013 2.880221809481201 0.0 0.0 
l -0.8832127747614128 4.319956363628108 2.813917202334069 -1.270267217901238 2.8274188936128626 0.0 0.0 
l -0.886416562504702 4.32068810882115 2.816531484627104 -1.4148949335062933 2.774708632533491 0.0 0.0 
l -0.890843615924543 4.321173912429357 2.8196730748629197 -1.5160091613371243 2.7233807848624805 0.0 0.0 
l -0.8964136782867888 4.32140546879255 2.823276289124579 -1.5897838299412825 2.674661678805596 0.0 0.0 
l -0.9030079665031377 4.321391773235984 2.8272679971192805 -1.6460309187938098 2.6296659794257033 0.0 0.0 
l -0.9104731521916056 4.321158401265397 2.831570081626187 -1.6906459682048003 2.5893679269627237 0.0 0.0 
l -0.9186288005464024 4.320745821647071 2.8361027917841706 -1.7272183523668725 2.5545754960900764 0.0 0.0 
l -0.9272766478410972 4.320205697611579 2.8407871529104822 -1.7579786520989569 2.5259341483750024 0.0 0.0 
l -0.9362105867624033 4.319597179112149 2.845547524997146 -1.7842959921931099 2.503919865720013 0.0 0.0 
l -0.9452266775862228 4.318981758663574 2.8503129009089516 -1.8069692172895304 2.48885358517368 0.0 0.0 
l -0.9541303534750075 4.318419543550545 2.855017738258853 -1.8263990309735554 2.4809061115856768 0.0 0.0 
l -0.9627433819959396 4.317964488318933 2.8596019953061473 -1.842674971744765 2.4801099727327647 0.0 0.0 
l -0.970907535902006 4.317660533013569 2.8640102138032892 -1.8556398466919728 2.486363235560799 0.0 0.0 
l -0.9784853516358982 4.317539186234615 2.868190259900232 -1.864925148505365 2.4994331758756188 0.0 0.0 
l -0.9853598573374389 4.317617817719908 2.8720921528276167 -1.869975965067904 2.5189588348570844 0.0 0.0 
l -0.9914314637555198 4.317899284724961 2.875666325110405 -1.8700554812471613 2.54444988924211 0.0 0.0 
l -0.9966164846434223 4.318371983231444 2.87886304242039 -1.8642184589430049 2.5752886846012517 0.0 0.0 
l -1.0008443180804114 4.3190110922226195 2.881631771591253 -1.8512335760174952 2.6107344557887817 0.0 0.0 
l -1.004057028994464 4.319780569187508 2.8839221649683022 -1.8294097511417802 2.649933345700588 0.0 0.0 
l -1.0062091080774667 4.320634831957381 2.8856846446642095 -1.7962894379659318 2.6919355920164447 0.0 0.0 
l -1.0072687835876046 4.321522716786416 2.886873162819087 -1.7480788574301263 2.735720468675974 0.0 0.0 
l -1.0072203910333264 4.3223907424689045 2.8874478454379195 -1.678705952029851 2.7802268577533162 0.0 0.0 
l -1.0060694250021134 4.32318710106261 2.887379522732134 -1.5783197317718687 2.8243861129354606 0.0 0.0 
l -1.0038446257575655 4.323865500628573 2.886652679875098 -1.4315869350860633 2.8671564417746858 0.0 0.0 
l -1.0006007527111864 4.324389306233304 2.8852693283446156 -1.2188288541061514 2.907550843405847 0.0 0.0 
l -0.996422070155617 4.324734422034347 2.8832529200646775 -4.072421114992952 -0.19692876248329827 0.0 0.0 
l -0.9914194725802389 4.324892524905599 2.880649732854653 -3.744460315591338 -0.16390291291244763 0.0 0.0 
l -0.9857295709303245 4.324872166640566 2.877530464490974 -3.4518461238058475 -0.13566305604787998 0.0 0.0 
l -0.9795137164267269 4.324696971803079 2.8739902179565098 -3.239110300949781 -0.11278975785636725 0.0 0.0 
l -0.9729467912889718 4.324407783651178 2.870145946481991 -3.1021706940162974 -0.09573997919875343 0.0 0.0 
l -0.9662200566355508 4.3240531412105145 2.8661329801300024 -3.022394791240263 -0.08485197263392719 0.0 0.0 
l -0.9595311497330257 4.323687978559603 2.862099891771241 -2.985386340304517 -0.08033246778353464 0.0 0.0 
l -0.9530774713126491 4.323369370347813 2.85820229019741 -2.984123472145925 -0.08225601700807217 0.0 0.0 
l -0.9470530027001696 4.323149373663389 2.8545953930463686 -3.018733971308714 -0.09055700372223208 0.0 0.0 
l -0.9416405664416602 4.323072137870511 2.8514263205977275 -3.0974777293499303 -0.10502367659876954 0.0 0.0 
l -0.9370076554454031 4.323169848631599 2.8488268085284303 -3.2397165099119296 -0.12528666076364292 0.0 0.0 
l -0.9333021076013891 4.323460090822227 2.846906509359998 -3.4771819092219625 -0.1508227404769078 0.0 0.0 
l -0.9306449038709101 4.323946374812234 2.8457470670781797 -3.829199706823379 -0.18095100594065205 0.0 0.0 
l -0.9291266456971681 4.324618170604799 2.8453982694552162 -4.228809806525323 -0.21485044541639575 0.0 0.0 
l -0.9288033300988103 4.325452849713783 2.845875941347558 -1.4114428675782567 2.89001443568015 0.0 0.0 
l -0.9296922561262554 4.326418510323373 2.8471614520132165 -1.62612342958562 2.851484756732585 0.0 0.0 
l -0.9317674901742594 4.327478554167598 2.8492032564532668 -1.761716834224138 2.81222480015394 0.0 0.0 
l -0.9349606125864316 4.328594418014806 2.8519208162047205 -1.8491519119110824 2.7733079233513998 0.0 0.0 
l -0.9391593912995597 4.32972966268988 2.855208942924378 -1.9077271346182503 2.735763450035843 0.0 0.0 
l -0.9442110108719342 4.330853278250757 2.8589443542041812 -1.9485795291559234 2.700540871667041 0.0 0.0 
l -0.9499273715764495 4.331941551472271 2.8629921141910337 -1.9783027787230456 2.668483784630973 0.0 0.0 
l -0.9560921758387335 4.332979755560337 2.867212469800811 -2.0009233950821086 2.6403154372894644 0.0 0.0 
l -0.962470812639382 4.333961842931294 2.871467024822467 -2.0190131338738735 2.6166284865938705 0.0 0.0 
l -0.9688213633125271 4.334889786993724 2.8756245097054025 -2.0342694982207443 2.597886639167693 0.0 0.0 
l -0.9749063006739704 4.3357716721493205 2.8795652920237234 -2.047828227795494 2.5844268219605375 0.0 0.0 
l -0.9805041265879346 4.336618292105999 2.8831842433524573 -2.0604159241171214 2.576459624762026 0.0 0.0 
l -0.9854194549601996 4.3374401195732535 2.88639276407778 -2.072459393220282 2.5740727843155486 0.0 0.0 
l -0.9894914776099941 4.338244798400835 2.8891202179056408 -2.0840988383811867 2.577228639268289 0.0 0.0 
l -0.9925998056259535 4.339033962321019 2.891313537162361 -2.0951912909857375 2.585762366034699 0.0 0.0 
l -0.9946671666858528 4.339801957985859 2.8929366785586854 -2.1052872510440515 2.5993799302276788 0.0 0.0 
l -0.9956582632534117 4.340536947201645 2.8939699200532365 -2.1135750321518794 2.617658303741369 0.0 0.0 
l -0.9955800710160092 4.34121787464194 2.8944072056370294 -2.1188113586782236 2.640050659321094 0.0 0.0 
l -0.9944747768539399 4.341821501865706 2.894256947461573 -2.1192403635098973 2.665896366000062 0.0 0.0 
l -0.9924149791220872 4.342322225289325 2.8935391964824713 -2.112476445554316 2.694441012514159 0.0 0.0 
l -0.9894976948861088 4.34269608064145 2.8922854185328544 -2.095361552918589 2.7248593475061798 0.0 0.0 
l -0.9858369905592557 4.342923291783908 2.890536824549551 -2.0637641547045815 2.7562836791457377 0.0 0.0 
l -0.9815581801302237 4.342989661632615 2.888342944415628 -2.0122828152768837 2.787837223310849 0.0 0.0 
l -0.9767930690050631 4.342887780264883 2.8857607901809 -1.9340199368562772 2.818660104013433 0.0 0.0 
l -0.9716748859685533 4.342617119362705 2.8828531357067764 -1.820790219120832 2.8479431523026095 0.0 0.0 
l -0.966334645309131 4.342184034138627 2.8796874506549583 -1.6651811991673158 2.8749443132854733 0.0 0.0 
l -0.9608982918952942 4.341601125208452 2.8763346699884327 -4.608206875117783 -0.24258434733292544 0.0 0.0 
l -0.9554841840500881 4.34088659867624 2.872867956905362 -4.3820967001031805 -0.22201931243867756 0.0 0.0 
l -0.9502020038367717 4.340063222304201 2.869361706942115 -4.160590374281888 -0.20541703570216518 0.0 0.0 
l -0.9451500586644325 4.339158792468972 2.8658905898993967 -3.9760329084120998 -0.1931394963450881 0.0 0.0 
l -0.9404143707863576 4.338205978952066 2.862528878299616 -3.8458280035807384 -0.1854506738417956 0.0 0.0 
l -0.9360664737384113 4.3372432203093165 2.8593496778821215 -3.7753109735848964 -0.18251685608461754 0.0 0.0 
l -0.9321626944818556 4.336315277613101 2.8564245558875228 -3.7681511409376243 -0.18440123730484226 0.0 0.0 
l -0.9287444237106021 4.335471175480354 2.8538215320692077 -3.833036518370796 -0.1910619701533145 0.0 0.0 
l -0.9258361975492868 4.334764434709578 2.851603519237987 -3.981923658002372 -0.20234629941861204 0.0 0.0 
l -0.9234497759738824 4.334250303991833 2.8498277447817815 -4.211499587084936 -0.2179818166993961 0.0 0.0 
l -0.9215828253535957 4.333981452312173 2.84854087136683 -1.3330449403324056 2.9040209080455988 0.0 0.0 
l -0.9202230330834859 4.334004204120108 2.847777705561844 -1.5603548534086507 2.8809997139872925 0.0 0.0 
l -0.9193487777227624 4.334352324666959 2.8475561045243682 -1.720675639342465 2.8551917298229306 0.0 0.0 
l -0.9189341693046446 4.335044014392199 2.8478771748820715 -1.8222278611744123 2.8273455721851577 0.0 0.0 
l -0.9189469867638138 4.336077484143921 2.848720480337655 -1.8829815935266219 2.798292362220395 0.0 0.0 
l -0.9193516727662391 4.3374305387316685 2.850045650050323 -1.917477191408038 2.7689113123477855 0.0 0.0 
l -0.9201098548665398 4.339061948966946 2.851794232680772 -1.935417311256553 2.7400952845894366 0.0 0.0 
l -0.9211783633930202 4.340913913308769 2.8538911678290853 -1.9429993363056755 2.712711284669218 0.0 0.0 
l -0.9225080325578484 4.342917568287217 2.8562492648468605 -1.9441775489329431 2.687567078440118 0.0 0.0 
l -0.9240422443839554 4.344998751890999 2.858773729044078 -1.941475698565707 2.665385699551676 0.0 0.0 
l -0.9257143371500189 4.347086505952038 2.8613681367892267 -1.936521148830953 2.6467833901305378 0.0 0.0 
l -0.9274459256708382 4.349118523589931 2.8639382790094308 -1.9303550219702121 2.632259093008658 0.0 0.0 
l -0.9291482177948363 4.351046114886578 2.8663970201097215 -1.9236023714865935 2.622194537402511 0.0 0.0 
l -0.9307213967192984 4.352837697929816 2.8686666302785886 -1.916610249520611 2.616846817610786 0.0 0.0 
l -0.9320582143733781 4.354479484256915 2.870680961642896 -1.9095001210011382 2.616356579256911 0.0 0.0 
l -0.9330467307419514 4.355975134056625 2.8723861656415144 -1.9021852863783473 2.6207507163302615 0.0 0.0 
l -0.933577673739774 4.3573400500486095 2.873739613439307 -1.8943550573200818 2.6299466480921456 0.0 0.0 
l -0.9335494267123216 4.358598631704293 2.8747098722124536 -1.885404597160533 2.6437526664734534 0.0 0.0 
l -0.932875991221635 4.359778486179261 2.875275958142321 -1.8743113976380934 2.6618681438463287 0.0 0.0 
l -0.9314944625509837 4.36090463440445 2.8754264156012384 -1.8594019457419215 2.6838812314643548 0.0 0.0 
l -0.9293697021674266 4.361995404153038 2.875158316314805 -1.8378800346826527 2.709267387826428 0.0 0.0 
l -0.9265005881927438 4.363057508781613 2.8744765111424027 -1.8048240263039503 2.737387312741257 0.0 0.0 
l -0.9229194230693015 4.364088493005356 2.8733951089253007 -1.7508520897117925 2.7674969979631303 0.0 0.0 
l -0.9186961691289256 4.365072711314478 2.8719364887036187 -1.6556874007206546 2.798759035768613 0.0 0.0 
l -0.9139305587073518 4.365985156943515 2.8701301829009007 -1.4686409804278415 2.8302655586424574 0.0 0.0 
l -0.9087514399176458 4.36679459576604 2.868015249170953 -1.055419783541353 2.8610798118363485 0.0 0.0 
l -0.9033073498159851 4.367463350059914 2.8656354215687365 -3.4565381972290803 -0.2513238489958902 0.0 0.0 
l -0.8977608027173903 4.367954113148166 2.8630421117136957 -2.8923763022141573 -0.22464196593624863 0.0 0.0 
l -0.892277589217396 4.368232655613878 2.860291569615267 -2.6346884876856453 -0.20125722049667605 0.0 0.0 
l -0.8870196931669599 4.3682692958819604 2.857442958080588 0.6302837794217848 -0.1818369021841395 0.0 0.0 
l -0.8821392304874761 4.368041116919279 2.854557514955487 0.6945692849219942 -0.16690313004069246 0.0 0.0 
l -0.8777729011024047 4.367532447526301 2.851696356800451 0.7264045713428688 -0.15682208552009702 0.0 0.0 
l -0.8740395662420688 4.366736724005127 2.8489209511288607 0.7348536983036396 -0.15179911536794322 0.0 0.0 
l -0.8710396768352566 4.36565557454839 2.8462920107238094 0.7204843920864163 -0.1518856904595718 0.0 0.0 
l -0.8688556255107557 4.364298402297894 2.8438690863505407 0.6770262311625359 -0.15698231237922666 0.0 0.0 
l -0.8675519581811627 4.362683014574438 2.841710794052511 -2.5536035392531136 -0.16685439331010188 0.0 0.0 
l -0.8671879910178943 4.360830453983123 2.8398769259082597 -2.724010088281355 -0.18113921665760957 0.0 0.0 
l -0.8678109179009302 4.358767761449874 2.838426310884518 -3.040696751818468 -0.1993702125751553 0.0 0.0 
l -0.8694630375335605 4.356528767895986 2.8374209283581457 -3.528253176916205 -0.22099886415653947 0.0 0.0 
l -0.8721816214694034 4.354149707154827 2.8369212073144148 -3.991597012753604 -0.24540872176732131 0.0 0.0 
l -0.8759956700171936 4.3516725370828535 2.8369862024621435 -1.1346692344242517 2.8696303737303888 0.0 0.0 
l -0.8809239313588951 4.349146061001046 2.8376724810703906 -1.2876717071565635 2.8415717114427674 0.0 0.0 
l -0.8869669000923649 4.346627106462937 2.839029496486031 -1.3696516847285107 2.8126199935748577 0.0 0.0 
l -0.8940992084787063 4.344182680456501 2.8410960247880404 -1.412814609161601 2.7833422871494875 0.0 0.0 
l -0.9022617264581143 4.341889725366881 2.8438945138496536 -1.4331668214095745 2.7542564239729894 0.0 0.0 
l -0.9113539564751222 4.339834882053094 2.8474259717947463 -1.4391842967345456 2.7258338173911527 0.0 0.0 
l -0.9212275409813089 4.338112868952528 2.85166491392605 -1.4357733053593933 2.6985137477317287 0.0 0.0 
l -0.931684485327608 4.3368216011555845 2.8565551853108846 -1.4260223070378129 2.6727268667759194 0.0 0.0 
l -0.9424783225547988 4.336055860085777 2.8620073818976515 -1.4120161678421381 2.6489177649864617 0.0 0.0 
l -0.9533207556482983 4.335899156661068 2.8678990934954425 -1.3952519057221655 2.6275608093642417 0.0 0.0 
l -0.9638947320912497 4.336411649518961 2.874076757672849 -1.3768240608056546 2.6091703995807567 0.0 0.0 
l -0.973869349067172 4.337619730202952 2.8803605586748637 -1.3575122563240807 2.594302845417092 0.0 0.0 
l -0.9829184224844674 4.3395052996017505 2.8865511156373618 -1.3378363083053062 2.5835427479684068 0.0 0.0 
l -0.9907402508121621 4.341998368174638 2.892438340770682 -1.3180969565890388 2.5774690091995156 0.0 0.0 
l -0.9970752825799651 4.344975748386892 2.897811557496642 -1.2983720431254029 2.5766219259158927 0.0 0.0 
l -1.0017227485053444 4.348264133593873 2.9024693122433964 -1.278533286857057 2.5814537896335557 0.0 0.0 
l -1.004547371887475 4.351653281660472 2.906228022004192 -1.2582454827715985 2.592277683425368 0.0 0.0 
l -1.0054887787117228 4.354913316452457 2.908932187990064 -1.2369514469456144 2.6092192142187347 0.0 0.0 
l -1.0045593175688028 4.357815484174102 2.910459775445231 -1.2138327773632727 2.6321753491501854 0.0 0.0 
l -1.0018402478075914 4.360154115298302 2.9107281210644462 -1.1877524463956064 2.6607928536243 0.0 0.0 
l -0.9974719001072947 4.361762329257411 2.90969480960747 -1.1571422768317603 2.694472553696407 0.0 0.0 
l -0.9916456264563169 4.362524581528338 2.907360662937948 -1.119833511152654 2.7323943353009645 0.0 0.0 
l -0.9845882681340524 4.36238114263365 2.903767193302154 -1.0727541883358196 2.7735749258159084 0.0 0.0 
l -0.9765492071120786 4.361326105916405 2.8989938795744625 -1.0114708157327295 2.8169331464343292 0.0 0.0 
l -0.9677903702317315 4.359401020987689 2.8931556745756675 -0.9294926835125885 2.8613590581326678 0.0 0.0 
l -0.9585730685105602 4.356685730955864 2.886397357538 -3.9590332872410237 -0.23581349295540965 0.0 0.0 
l -0.9491486044188966 4.353287661253295 2.8788876966442167 -3.804514889165291 -0.1923908548698714 0.0 0.0 
l -0.9397507861792129 4.349331186223367 2.870812733706321 -3.595757710974532 -0.15085451390046534 0.0 0.0 
l -0.9305913074536485 4.344949416440405 2.8623700571483837 -3.3345583502714886 -0.11198370567932403 0.0 0.0 
l -0.9218543388368169 4.340276979966339 2.853761035896651 -3.052793293744859 -0.07645810386622309 0.0 0.0 
l -0.913696611710798 4.3354433249769695 2.8451843143978484 -2.8001690164179083 -0.044868161813887975 0.0 0.0 
l -0.9062454423692753 4.330569379863358 2.836829254828194 -2.606044337266863 -0.017730490768740337 0.0 0.0 
l -0.8995995357871363 4.325763718820504 2.8288695197858345 -2.4707241883938775 0.004508809751506249 0.0 0.0 
l -0.893829278390131 4.321121475726004 2.8214581618393137 0.7589462831074207 0.021478280054106014 0.0 0.0 
l -0.8889781928228754 4.316721202729463 2.8147217095999717 0.8111077795247044 0.03289416952904545 0.0 0.0 
l -0.8850636512594959 4.312624103373285 2.808756178111202 0.8352942931445182 0.03858127670958944 0.0 0.0 
l -0.8820766243888015 4.308874796981268 2.803624466850867 0.8362337291642346 0.03849946116505043 0.0 0.0 
l -0.8799835341714285 4.305500620063932 2.799354664144387 0.8161070484441455 0.032773767253358566 0.0 0.0 
l -0.8787277815902816 4.302513364866786 2.7959411802297973 0.7748663990653581 0.02172074366845078 0.0 0.0 
l -0.8782314905027707 4.29990876252677 2.793344928848023 0.7101255627670129 0.005864772461730672 0.0 0.0 
l -0.8783948620056405 4.297672476644602 2.7914983493880383 0.616402578869967 -0.014050394768772012 0.0 0.0 
l -0.8791037185903423 4.295780193228667 2.790311173006926 -2.657861207756708 -0.03707260112209587 0.0 0.0 
l -0.8802277495600908 4.294202123987204 2.7896742863247006 -2.845054325024134 -0.062077286383355634 0.0 0.0 
l -0.8816289338413583 4.292907385613405 2.7894702369605526 -3.104039010661354 -0.08780923358713122 0.0 0.0 
l -0.8831658437933332 4.291864007942675 2.7895771329764125 -3.431585743734887 -0.11295806948412457 0.0 0.0 
l -0.8847001065967722 4.291041237973044 2.789875739794678 -3.7734468359400823 -0.13623836921600985 0.0 0.0 
l -0.8861029649915448 4.290413549678652 2.790257820106156 -4.055599008871062 -0.1564504737309791 0.0 0.0 
l -0.887262522611018 4.289960668642283 2.7906311677571987 -4.250008476864358 -0.17256848031413585 0.0 0.0 
l -0.8880867225539981 4.289668361008877 2.7909222723271556 -1.224966510822158 2.9578110471880255 0.0 0.0 
