r -2.5858744377488287 0.39405907945800933 1.8234934829416969 0.37117554500182265 -1.7512271929315666 0.0 0.0 
r -2.583852169957852 0.3949604968638732 1.8252049562557708 0.6073590130328578 -1.9109593584437738 0.0 0.0 
r -2.5882531979685255 0.37825079293514735 1.8115059886237181 -0.7185414544187995 -1.616855615743518 0.0 0.0 
r -2.592464687561884 0.3692011412069999 1.8032884149928443 -3.0117666850407163 1.6085854576456806 0.0 0.0 
r -2.599668981594815 0.3658970778218594 1.7975055131874862 -2.94429990494247 1.650451784222858 0.0 0.0 
r -2.6172133760624687 0.365845664361236 1.7888501796510465 -2.877684843374662 1.6890075422401356 0.0 0.0 
r -2.629160338903797 0.36833648816543313 1.7845969804778776 -2.8275970563675203 1.7280629264889231 0.0 0.0 
r -2.6357281750440062 0.37237492697151237 1.7838801398277466 -2.8082233497257505 1.7477332257554634 0.0 0.0 
r -2.636422244214297 0.37551901931958726 1.7854580940821694 -2.8026689629568016 1.7486654429412163 0.0 0.0 
r -2.643688974875478 0.3801488808016662 1.7846820341365857 -2.7482246063862843 1.7761657804426483 0.0 0.0 
r -2.650895716826705 0.38292647042144223 1.7827778199263027 -2.7273236835181693 1.795409494190055 0.0 0.0 
r -2.6532450498680094 0.3843916907902865 1.7824818209068378 -2.7177001393323943 1.8073797015983668 0.0 0.0 
r -2.654655792031104 0.38667619314438406 1.7831294109961027 -2.7121181133192347 1.8135896111098233 0.0 0.0 
r -2.655365106269591 0.38778295379136024 1.7834281412775013 -2.7019538351622354 1.8203946851587962 0.0 0.0 
r -2.659369407031842 0.3892494742222318 1.7822890419727093 -2.68873283849062 1.8256307664327587 0.0 0.0 
r -2.662049813419416 0.3893709352269644 1.78102215663644 -2.675742082505206 1.828282169224711 0.0 0.0 
r -2.6642049930749243 0.38980406943719914 1.7801991047697998 -2.6699964935681386 1.828931087899472 0.0 0.0 
r -2.6577980138763277 0.39010819399989355 1.7835783688802227 -2.661260433729633 1.8310651838283338 0.0 0.0 
r -2.6557523719149976 0.3894749276080573 1.7842314652589453 -2.665799581435374 1.8290754467076458 0.0 0.0 
r -2.65677595263998 0.38924289381942945 1.7835820961297963 -2.672428548746536 1.8268936609029567 0.0 0.0 
r -2.6581030540369137 0.3897406997902505 1.7832099614048222 -2.680332869059716 1.8257725798170226 0.0 0.0 
r -2.6565967585880266 0.39034029960622474 1.7843174561787767 -2.692887179523696 1.8181863500063495 0.0 0.0 
r -2.6525795243700414 0.38938083479297153 1.7857684259588678 -2.7022086857001577 1.8147826738288144 0.0 0.0 
r -2.658656267958039 0.3909434688858855 1.7836376726652974 -2.711216759612417 1.8047803959281745 0.0 0.0 
r -2.6634625767709217 0.3922185433878698 1.781969144069444 -2.725236869657674 1.7956510825118646 0.0 0.0 
r -2.65858762702803 0.3934345216278364 1.7851332789698322 -2.7114434083511525 1.7984159263244284 0.0 0.0 
r -2.6616916061343816 0.3949198149810393 1.78443309879972 -2.7121182428280735 1.799785791386807 0.0 0.0 
r -2.671866529220897 0.3968765376058989 1.7804231904118022 -2.729666733207729 1.7925813316858674 0.0 0.0 
r -2.675764866280356 0.3979935286856221 1.7790926930590096 -2.7451415416141116 1.7822790452989057 0.0 0.0 
r -2.6706565006619583 0.3983347875235035 1.7818689141573785 -2.733130578657253 1.7873877058746976 0.0 0.0 
r -2.66629103626425 0.3980216487151156 1.7839034342646494 -2.703203858805847 1.8033156288500614 0.0 0.0 
r -2.661737748788158 0.3988685484340034 1.7867160651664165 -2.6864735489745435 1.811150096830161 0.0 0.0 
r -2.658185567491522 0.39648587251665846 1.7871307090725201 -2.6804928941512576 1.8152213294552921 0.0 0.0 
r -2.655859659225196 0.3979320202600617 1.789172548510404 -2.6890238301060037 1.8121281772751363 0.0 0.0 
r -2.6561485084795238 0.3979499053247007 1.7890351757995244 -2.68684571909406 1.8158103981583071 0.0 0.0 
r -2.655296950850987 0.3997146922637894 1.790518155884624 -2.700444689066012 1.806404486414673 0.0 0.0 
r -2.656257160045252 0.40047970152165346 1.7904770941003032 -2.7230280453316853 1.7983509006456475 0.0 0.0 
r -2.6557953352303865 0.40145621276356064 1.7912944168660514 -2.739065441723687 1.791982312557206 0.0 0.0 
r -2.663914676433717 0.40238290227162454 1.7876517696589311 -2.738961018007723 1.790222669099546 0.0 0.0 
r -2.6565646367968325 0.4020002336235133 1.791219197104887 -2.7808803170764778 1.7636471269894807 0.0 0.0 
r -2.64378813385933 0.40154496444072285 1.7975859547132638 -2.7959775107915648 1.7614942649593726 0.0 0.0 
r -2.6303246773959597 0.4022577291082473 1.8051040697359708 -2.8145660096853655 1.7519968689891015 0.0 0.0 
r -2.6227271617370933 0.4031741971243598 1.8097219699593992 -2.8206255604768953 1.7493437872516169 0.0 0.0 
r -2.6208410151057615 0.4038475440881498 1.811160700739019 -2.8296751404747655 1.7439620244829537 0.0 0.0 
r -2.621561973387256 0.4034929969995263 1.810548079420085 -2.8331238257916933 1.7417840474603505 0.0 0.0 
r -2.6233146798297655 0.40185786891951664 1.8085709587149248 -2.8224805795433285 1.7481272029544404 0.0 0.0 
r -2.6298575210755497 0.40171613462464967 1.8050115608036936 -2.812454838199036 1.7507547395231902 0.0 0.0 
r -2.6015658900709773 0.40258884762319275 1.820739611673037 -0.37904067091010796 -1.7886267855747455 0.0 0.0 
r -2.5941531416027153 0.4045271191477146 1.8260903614271817 -0.6390139919306811 -1.9591933576334903 0.0 0.0 
r -2.5969727963572464 0.4053425848561374 1.8250899577422117 -0.6648299868945233 -1.9737994089452628 0.0 0.0 
r -2.591917959832902 0.40618711384397654 1.8284469465418796 -0.6301219348926181 -1.8939647813332936 0.0 0.0 
r -2.591853631099614 0.407647746227617 1.8294745790125377 -0.5317337694890826 -1.8129702799335712 0.0 0.0 
r -2.583516660114787 0.40534540423798154 1.8325317285808345 -0.5262120800680586 -1.8274220263170922 0.0 0.0 
r -2.5826027564844454 0.4048690937389766 1.8327113903539207 -0.4465825441750344 -1.8349935130429083 0.0 0.0 
r -2.5826072712199553 0.40424170748578575 1.8322755613085708 -0.399969144333215 -1.8174408676356921 0.0 0.0 
r -2.58207045305644 0.40384093542532074 1.8322967804954606 -0.32665389054145294 -1.770297500262204 0.0 0.0 
r -2.587765938303456 0.4033746399762394 1.8288246341929137 -0.2298392055245191 -1.6989104561329174 0.0 0.0 
r -2.5892350604570296 0.3999536066936366 1.8256855480903196 -0.0030276794574068725 -1.572566917073046 0.0 0.0 
r -2.5809083503052825 0.3977819267542002 1.8287513811722544 -3.0573120495024737 1.620279093684826 0.0 0.0 
r -2.565001486936828 0.3944645480533011 1.8351717911449583 -2.9323889269894234 1.6845335864621527 0.0 0.0 
r -2.5531501239267076 0.39507957763319274 1.842198745151053 -2.861056348283333 1.7077015429655464 0.0 0.0 
r -2.540721949362477 0.39363352206115765 1.8481202400028762 -2.776712919173827 1.7477214873090288 0.0 0.0 
r -2.53016369051496 0.39195886183076434 1.8528469336439783 -2.83465337919273 1.7127827306160146 0.0 0.0 
r -2.5193462818693404 0.3913616760563608 1.8585742749674603 -2.793372404620783 1.7323658698179576 0.0 0.0 
r -2.5240008364208784 0.3953939408104028 1.858995367566866 -2.3180766376767545 1.8764307244923581 0.0 0.0 
r -2.5287161651710117 0.39715337677880863 1.8576185357308508 -1.9691631186686371 1.9955282432264148 0.0 0.0 
r -2.5346474163834096 0.39857997460042127 1.8552829210283983 -1.6759074190670238 2.183355630791199 0.0 0.0 
r -2.5380196640665704 0.4044948730639071 1.8577803323927569 1.6762408149468104 2.2341743174099515 0.0 0.0 
r -2.5390198363032477 0.4071523506775366 1.8591912103203296 1.7736776490312505 2.3229819505662963 0.0 0.0 
r -2.5408366455621265 0.4085209937314577 1.8591545359606565 1.8415894731144498 2.423100854887841 0.0 0.0 
r -2.5433849142983798 0.4095603826583135 1.8584404422441207 1.8637719766423517 2.497564058856506 0.0 0.0 
r -2.552448274883121 0.4130746809219635 1.8557430932451968 1.8855258172792753 2.6038334934531226 0.0 0.0 
r -2.5573644129060953 0.41445273404312427 1.8538816989732299 1.9013931351331534 2.678291406957044 0.0 0.0 
r -2.552974307868458 0.4125911119062763 1.8550815588028113 1.881343099047689 2.7176929427052734 0.0 0.0 
r -2.551894062279496 0.41183779513461466 1.8551585901138483 1.8646041025848898 2.781883352418494 0.0 0.0 
r -2.5500989639529443 0.41174967719482825 1.8561404877332892 1.8613073116757717 2.817055107707607 0.0 0.0 
r -2.5523544221616437 0.41161000668049513 1.8547233714426337 1.8635801838020831 2.8608354757833894 0.0 0.0 
r -2.550750895750433 0.41461338151558375 1.8578680099583997 1.9169118740374183 2.8268812182640426 0.0 0.0 
r -2.55023845891568 0.4161570117298278 1.8593072459108233 1.9540957163980834 2.823555426608469 0.0 0.0 
r -2.5512306539878655 0.4158051238835292 1.8584636706148279 1.967462939688964 2.810085947060459 0.0 0.0 
r -2.551041767577708 0.4146865395375136 1.8577511487359355 1.9663071900055644 2.7885412311832742 0.0 0.0 
r -2.5455680755855155 0.41272263205779985 1.859513086069226 1.9681956349681204 2.770588761902588 0.0 0.0 
r -2.5447719696832043 0.4109787287721234 1.8586841855521152 1.9614134665168301 2.7537071733189964 0.0 0.0 
r -2.542216142738105 0.4084422318194813 1.8582897704975216 1.9399905055308075 2.7271899845816794 0.0 0.0 
r -2.553756593616033 0.41077394901604297 1.8532963395654845 1.9810047531993744 2.74469239557621 0.0 0.0 
r -2.560015559724544 0.4111912395538476 1.8499783517150352 1.977160904280089 2.748759893053585 0.0 0.0 
r -2.5617755153536717 0.4106004528815303 1.8485378840249054 1.955089474327846 2.7707349339554503 0.0 0.0 
r -2.5615556353693423 0.40943235761959085 1.8478227074351328 1.937724991967932 2.775026565409309 0.0 0.0 
r -2.5630284875640568 0.4092450850242378 1.8468435696548609 1.9394943226791268 2.782815732243283 0.0 0.0 
r -2.562608166898711 0.40792153049900914 1.8461331546904203 1.9494655975290724 2.7767210194948637 0.0 0.0 
r -2.564410937520989 0.40642538603217276 1.8440332753204138 1.9401382372987297 2.7590079621156973 0.0 0.0 
r -2.564159704121939 0.4060555693306793 1.8439113250233852 1.933897732981355 2.750016181917717 0.0 0.0 
r -2.5637420879891626 0.4070283276872937 1.8448455102899595 1.922991870910026 2.7320963490524193 0.0 0.0 
r -2.564802844661543 0.4089766568544526 1.845635953983328 1.9275130399504936 2.736539425121241 0.0 0.0 
r -2.562758715101168 0.4137450595617116 1.850235612365691 1.912037011528759 2.7490914541688363 0.0 0.0 
r -2.5615812073963813 0.4171137945508803 1.8533510641243325 1.9362573134647147 2.780124340262772 0.0 0.0 
r -2.565019903562095 0.4201894176829162 1.8535567684726533 1.9531618588458364 2.769225111453435 0.0 0.0 
r -2.5640954087731607 0.4206841884107305 1.854455564321558 1.9686561549497623 2.7542459574658795 0.0 0.0 
r -2.563379346095119 0.4212673896081361 1.8552973082909037 1.9788094395314615 2.746967167154377 0.0 0.0 