l -0.5341476026837942 2.7449103791768428 1.327914696527809 -1.9772925000506973 -0.5038211203302412 0.0 0.0 
l -0.5288303819999637 2.744825799648387 1.3306856967539549 -1.9820290567110477 -0.5191514557461374 0.0 0.0 
l -0.5239924480308855 2.742398203456169 1.3316866942363994 -1.9899855209846942 -0.5482938428175381 0.0 0.0 
l -0.5231731609692262 2.741675419380271 1.3316579815269034 -1.9999621966475638 -0.559506448176333 0.0 0.0 
l -0.5247101531765175 2.742018669870875 1.3310611179903757 -1.9998504358865945 -0.5453412534934529 0.0 0.0 
l -0.5259286614037384 2.7432997495725497 1.3312388075660448 -1.9950550727778762 -0.5342576093804029 0.0 0.0 
l -0.5244270821494423 2.743684456452533 1.3322827001735906 -2.0095873677766227 -0.5746796541221368 0.0 0.0 
l -0.52271518905394 2.7432893367019804 1.3329356667108205 -2.016419338118368 -0.5884430547205506 0.0 0.0 
l -0.523629841986101 2.744365205959897 1.3331415165804974 -2.0606184009425697 -0.5975222001780839 0.0 0.0 
l -0.5266319506486176 2.746157769164498 1.3327093569118926 -2.1363219334502013 -0.6339585761561622 0.0 0.0 
l -0.5246873892548419 2.7447171489547357 1.3328086544415934 -2.171057600444321 -0.6620184962007764 0.0 0.0 
l -0.5142536495248331 2.742415703827762 1.3368481102761594 -2.1976887176830284 -0.7167408456353893 0.0 0.0 
l -0.5019093582294533 2.742722787675564 1.3435016178439911 -2.234435759016885 -0.7573328590078701 0.0 0.0 
l -0.5034014652434684 2.7424866449610605 1.3425790819466732 -2.249244981792409 -0.7436840715322847 0.0 0.0 
l -0.505342110790028 2.743899299901667 1.342438855283793 -2.286686984423451 -0.7464359633776644 0.0 0.0 
l -0.49245996755717303 2.7404037665411907 1.347005780730227 -2.3699917767931264 -0.8584826350644176 0.0 0.0 
l -0.48367958645590986 2.735248139455618 1.3485007721303317 -2.3926716235848806 -0.9605660045433364 0.0 0.0 
l -0.4824954511643596 2.7337737399157342 1.3482475988854348 -2.418309132332141 -0.9620929565417907 0.0 0.0 
l -0.48306888362812805 2.7328082054260183 1.3473754118323875 -2.4726390442116624 -0.9366005982759161 0.0 0.0 
l -0.481489634640808 2.73107675784284 1.3471817538848436 -2.5254709791614602 -0.9685746041880366 0.0 0.0 
l -0.48227727251045277 2.7298991261850136 1.3460693305160683 -2.6157355986603026 -1.0252764722613747 0.0 0.0 
l -0.47969340844998737 2.725838849037596 1.3450394579928406 -2.646826693098071 -1.0420129023260913 0.0 0.0 
l -0.4806355521907201 2.7262437954249177 1.34477681267085 -2.757154091117328 -1.1033070743491897 0.0 0.0 
l -0.4813382241814841 2.7248878532879415 1.3435986945372227 -2.8456532343134975 -1.1819131723964966 0.0 0.0 
l -0.47418210524963395 2.7204934162029666 1.3448465036484647 -2.914768543497749 -1.2268309001484823 0.0 0.0 
l -0.4602352727449182 2.7177781563000054 1.3507608283389174 -3.0023790934847545 -1.3422439045127872 0.0 0.0 
l -0.4502283421015208 2.715485356529826 1.3548229712728128 -3.0416184763632206 -1.3924246808176644 0.0 0.0 
l -0.4491951607110562 2.7181177731649053 1.3568339825820097 -3.068442742650157 -1.4151924899084054 0.0 0.0 
l -0.4538944800310455 2.7239324177115574 1.3575864435256593 -0.012113506970688344 1.5401760289571353 0.0 0.0 
l -0.45690453180716734 2.7286647601731717 1.3586590366906282 -0.050421368350552685 1.4237295325759733 0.0 0.0 
l -0.4594990224273603 2.7316254478138777 1.3589751664407164 -0.08176339358479583 1.3064382091021365 0.0 0.0 
l -0.4586561035278142 2.730212408416077 1.3586175498794482 -0.0834997005944542 1.2617820299803282 0.0 0.0 
l -0.4556107848282662 2.7278240011398047 1.35886176505116 -0.08110171718152939 1.2541347296398313 0.0 0.0 
l -0.45421753486574706 2.7266999963641494 1.3589604121094305 -0.07727396401839143 1.2199497278741847 0.0 0.0 
l -0.4540151882643845 2.724631640912113 1.3579131398760893 -0.06461244717164394 1.18427488377995 0.0 0.0 
l -0.45345400029019683 2.723263635879291 1.357444820334818 -0.05988424027917214 1.1385750824070997 0.0 0.0 
l -0.4525027109964183 2.722125644692986 1.3573112923718968 -0.04886557386980867 1.0680452240964993 0.0 0.0 
l -0.4521244298228859 2.7214472113485852 1.3571330507129151 -0.042746118264724534 0.9368356697842481 0.0 0.0 
l -0.4539680236103167 2.7217824055180113 1.3563475357446642 -0.0369545752365065 0.5932951714467788 0.0 0.0 
l -0.45386685601385746 2.7228158874749906 1.3569779566100924 -3.1295278865954717 -1.4747139323940597 0.0 0.0 
l -0.44997236381386296 2.7187546645314185 1.356774907509598 -3.082328435594872 -1.250527419397001 0.0 0.0 
l -0.4470773810750291 2.71625605651263 1.3569298074888767 -3.0576038452187255 -1.1799019001325002 0.0 0.0 
l -0.45159309659569374 2.7193117412344874 1.3562255925824829 -3.046926471455101 -1.1702807600673837 0.0 0.0 
l -0.44879462544645077 2.7161775327329116 1.3559721139091425 -2.984191235749137 -1.060615160214639 0.0 0.0 
l -0.44728386319743063 2.7145898961572024 1.355899587236067 -2.9349425536136122 -1.0257075062276237 0.0 0.0 
l -0.4486320836868363 2.716552523006628 1.3562663692084103 -2.9003072702826143 -0.9897562841818236 0.0 0.0 
l -0.44580316357272204 2.715753359663454 1.3573307941143398 -2.836886426629287 -0.9131483279302779 0.0 0.0 
l -0.44283118429522866 2.7160715076864514 1.359084580417718 -2.7796126298845225 -0.8701804142941366 0.0 0.0 
l -0.44181538821864613 2.716541861889531 1.3598797457714593 -2.754735115935841 -0.8756881647420329 0.0 0.0 
l -0.4415699121553342 2.716861579940405 1.360183852351575 -2.7398932145878314 -0.8850706365645342 0.0 0.0 
l -0.4371843388686521 2.716030715431586 1.362052905936411 -2.7158239422589645 -0.91284907052672 0.0 0.0 
l -0.4351845258833715 2.7158843404049913 1.3630305916326895 -2.6759894582361605 -0.8980940978569986 0.0 0.0 
l -0.4407233743467899 2.716501636012839 1.3604360245864326 -2.6091998038671815 -0.8412615134209874 0.0 0.0 
l -0.44310790108072395 2.7168610889630926 1.3593693351340714 -2.559925957778378 -0.8267208206497321 0.0 0.0 
l -0.4459871021674627 2.7211730282894173 1.360211544583924 -2.5612982474547614 -0.8202260768469214 0.0 0.0 
l -0.43684030717616207 2.7232798662780673 1.3661304769902127 -2.5806484470231146 -0.8224510145236411 0.0 0.0 
l -0.42953579271670256 2.721016261345765 1.3687191663625604 -2.528682736207857 -0.8123227694925056 0.0 0.0 
l -0.4246678338760258 2.71921202623552 1.3703016871037752 -2.492963974396985 -0.8192278047249941 0.0 0.0 
l -0.43352445650039007 2.723368710215293 1.3678969591990808 -2.475281811192812 -0.7970581186666265 0.0 0.0 
l -0.44007273277812975 2.726249724042387 1.3660534530572457 -2.443303244833593 -0.7785085955174526 0.0 0.0 
l -0.43836305561490896 2.7253067880124755 1.3664294455319497 -2.376518553134224 -0.7618242074389242 0.0 0.0 
l -0.43847051997979936 2.725672264773817 1.3665702865766782 -2.3849557185016317 -0.8059737630988025 0.0 0.0 
l -0.4390214972140246 2.7260702743408345 1.3664996913416467 -2.2529873818952937 -0.7016055713982133 0.0 0.0 
l -0.4414537958214652 2.7277585673986007 1.366155599994646 -2.17967445274555 -0.6386351538445755 0.0 0.0 
l -0.4527398062267316 2.729973609884459 1.3615463953785731 -2.059632404177366 -0.5638843556052312 0.0 0.0 
l -0.4604514722142787 2.7322487516286866 1.3588336525133062 -2.0053637331891148 -0.5215720701950558 0.0 0.0 
l -0.4646291244561993 2.7333241386793676 1.3572830710346588 -1.955469709310055 -0.5041543794537711 0.0 0.0 
l -0.4691189469239284 2.734158113346307 1.355436659320375 -1.8267797843457698 -0.4344743383653417 0.0 0.0 
l -0.4716423388760743 2.7349970058903774 1.3546130078198428 -1.7690521104651156 -0.3966286262188386 0.0 0.0 
l -0.4726236067646667 2.735454216121776 1.3543691248620602 -1.7142425084725577 -0.3761273527003923 0.0 0.0 
l -0.4740360821530689 2.7353524982446027 1.3535788641393793 -1.5992560599147705 -0.3137709419193875 0.0 0.0 
l -0.47324301509791694 2.7354764568639713 1.3540614056935731 1.6008440744203773 -0.27923962386363665 0.0 0.0 
l -0.4817275568636786 2.7353098515774406 1.3495559792967717 1.6265023578794684 -0.27000422340876434 0.0 0.0 
l -0.4881400682286511 2.735368876667895 1.3462388465758457 1.650775633581857 -0.29710775998813893 0.0 0.0 
l -0.4889252631984209 2.7413360483372973 1.3493957518123703 1.6639207064966044 -0.23329503592483572 0.0 0.0 
l -0.4869699272406663 2.744714861856438 1.3524117782067693 1.6757490685687788 -0.1868579411518095 0.0 0.0 
l -0.4926593290903817 2.746471813052115 1.3505499442568487 1.6906069545076738 -0.13761095201241802 0.0 0.0 
l -0.4965672788800648 2.7477927965609763 1.3493465131387392 1.6901498499204612 -0.1322459785652423 0.0 0.0 
l -0.4989619403311809 2.748034922243291 1.3482674000302282 1.6792826677632515 -0.16276090823623043 0.0 0.0 
l -0.4990835391581696 2.7480941865018824 1.3482411307469115 1.6595657518523756 -0.21459654904838354 0.0 0.0 
l -0.5035416789739102 2.74745365043203 1.3455597411718367 1.637055167173132 -0.2788828806938492 0.0 0.0 
l -0.5052957697231676 2.7444860221304315 1.3428252038432467 1.6087121196176655 -0.347238631732381 0.0 0.0 
l -0.5037467193244345 2.7421791682573713 1.3422095978712694 1.572622608214429 -0.4381676931982516 0.0 0.0 
l -0.49292191770634197 2.7425895532560443 1.348081950881984 -1.663070722917841 -0.6689219825371544 0.0 0.0 
l -0.5045843712122443 2.7409396809888738 1.3410069309274832 -1.661679080277076 -0.6921940632399199 0.0 0.0 
l -0.508602107334095 2.7415901282304245 1.3393027270957285 -1.7054038035460108 -0.78167511526042 0.0 0.0 
l -0.5122565374177809 2.7419130867742356 1.3375835444168411 -1.770443218737415 -0.9317228911015942 0.0 0.0 
l -0.517829785746629 2.7433241395190247 1.3355382926831814 -1.7071956271485589 -0.9976246302009198 0.0 0.0 
l -0.5167184130012531 2.7448578770263468 1.3370936359685248 -1.7279229055009977 -1.0793621713538901 0.0 0.0 
l -0.5214139469421575 2.7443540112320335 1.3343040578618257 -1.7174571576232112 -1.103366378035846 0.0 0.0 
l -0.5232412318410964 2.7411443019584603 1.3312808750134282 -1.7023029833585162 -1.155956854736469 0.0 0.0 
l -0.5260603172868447 2.7405541849590227 1.32939688882735 -1.6806488875528978 -1.2264853763553292 0.0 0.0 
l -0.532053102897773 2.7457234766203085 1.3295597277604976 -2.0790988995324398 -1.351708405668873 0.0 0.0 
l -0.5362831274135496 2.7515415565731125 1.3311312146525482 -2.6364425575516064 -1.4829529736433873 0.0 0.0 
l -0.5531514203796595 2.7573056226682473 1.3261077199022482 -2.8699188446115578 -1.515351490885116 0.0 0.0 
l -0.5668995141691672 2.7606847050024887 1.321175785910639 -3.1161512027237874 -1.5651282423099204 0.0 0.0 
l -0.5696992903520824 2.762255925774829 1.320789613910058 -0.34809101618545973 1.488132189730571 0.0 0.0 
l -0.58978575577059 2.7674118895109623 1.3138075816521684 -0.29381619359424976 1.484257960703361 0.0 0.0 
l -0.6006947081579463 2.7699123177513876 1.309815010749534 -0.400527524231446 1.436535140483889 0.0 0.0 