r 1.1550481746581667 -0.3613323090182888 -0.8628086600301748 -2.7684027250370407 0.21974041923898502 0.0 0.0 
r 1.1561484543525056 -0.3603697937491522 -0.862775461064305 -2.770944946749065 0.2161697094274566 0.0 0.0 
r 1.157747893574044 -0.358961881942652 -0.8627406557124844 -2.7747196898698077 0.21104120177521046 0.0 0.0 
r 1.159786834197177 -0.3571510895403736 -0.8627211271081464 -2.7796762589961186 0.20461219393825303 0.0 0.0 
r 1.1621898218784978 -0.35499229445516345 -0.8627368041709513 -2.7857439138994793 0.19719833129503828 0.0 0.0 
r 1.1648685279094209 -0.35255131270971374 -0.8628089240264595 -2.792829365153276 0.1891548361571571 0.0 0.0 
r 1.1677260421423732 -0.34990231914245906 -0.8629580940738149 -2.800815484016722 0.18085466567139352 0.0 0.0 
r 1.1706603766113615 -0.3471257001554748 -0.8632026531875475 -2.809558712733619 0.17266699211082115 0.0 0.0 
r 1.173569384803646 -0.3443045724841239 -0.8635570275851316 -2.818888837327503 0.1649364775966634 0.0 0.0 
r 1.1763559440757878 -0.3415207242676961 -0.8640305381554372 -2.8286140213034137 0.15796685602203986 0.0 0.0 
r 1.1789309717947563 -0.3388516935688312 -0.8646274277449065 -2.838523848040083 0.15200785287900642 0.0 0.0 
r 1.1812185407747307 -0.3363668390374629 -0.865345593731956 -2.8483965780339373 0.14724413342191667 0.0 0.0 
r 1.1831596863119618 -0.3341233367701388 -0.8661773746310653 -2.8580107003192845 0.14379508126933405 0.0 0.0 
r 1.184713482130415 -0.332164249731586 -0.8671110740216385 -2.867149206847465 0.14170841940993995 0.0 0.0 
r 1.1858596916251007 -0.33051646509708243 -0.8681306433086527 -2.8756178245578887 0.14096780139804066 0.0 0.0 
r 1.1865993988523407 -0.3291894059029935 -0.8692171263145536 -2.883245847569145 0.14149970721950778 0.0 0.0 
r 1.186953879268432 -0.3281760220339194 -0.87034904399256 -2.889903371531841 0.14318120096708997 0.0 0.0 
r 1.1869659930094771 -0.3274513221216242 -0.8715032087454945 -2.895504272554839 0.14585313600289207 0.0 0.0 
r 1.1866964827601656 -0.32697507684797245 -0.8726560380590365 -2.9000118832140074 0.14933563507129477 0.0 0.0 
r 1.1862223526152704 -0.3266937782007157 -0.8737830338483037 -2.903437168373605 0.1534377157499771 0.0 0.0 
r 1.1856348244153132 -0.3265422496719125 -0.8748593246966918 -2.90584458185136 0.1579727434460666 0.0 0.0 
r 1.185036899590347 -0.3264461405813686 -0.8758592130937444 -2.9073415580182385 0.16276232489059506 0.0 0.0 
r 1.1845378975630032 -0.3263256338118166 -0.8767578824848985 -2.908077353579323 0.16765603734864776 0.0 0.0 
r 1.184252970111798 -0.326096314592892 -0.8775305324727533 -2.9082315979143605 0.17252633055380218 0.0 0.0 
r 1.1842998710721628 -0.3256715314269177 -0.8781528565429042 -2.908013875060032 0.17727438592895306 0.0 0.0 
r 1.1847964067041523 -0.32496368834756384 -0.8786021809814338 -2.907648449248545 0.18182866751468774 0.0 0.0 
r 1.1858576538420351 -0.32388609186857015 -0.8788579514107419 -2.9073732178139133 0.18614432860346786 0.0 0.0 
r 1.1875928378939786 -0.3223543470023117 -0.878903387931429 -2.9074254260465313 0.19019850956991746 0.0 0.0 
r 1.1901039053543256 -0.3202868536663717 -0.8787262299247569 -2.90802972354646 0.1939881158370932 0.0 0.0 
r 1.1934795881938938 -0.31760834281653344 -0.8783209834615022 -2.9093884716191556 0.1975265811195409 0.0 0.0 
r 1.197792564069482 -0.3142518501460914 -0.8776895106942797 -2.911672887192139 0.2008415630235334 0.0 0.0 
r 1.2030955878418412 -0.3101613990176772 -0.8768421731612979 -2.915007923043685 0.20397399488186074 0.0 0.0 
r 1.2094161461592292 -0.3052964553324155 -0.8757985050458943 -2.91945938841726 0.20697216028481857 0.0 0.0 
r 1.2167530202309487 -0.2996352338499015 -0.8745874474205945 -2.925034103230965 0.20989295145580145 0.0 0.0 
r 1.2250741427629757 -0.29317771940578474 -0.8732465598137205 -2.931665102509042 0.21279621985605912 0.0 0.0 
r 1.2343148940425595 -0.28594873242058233 -0.8718208107769495 -2.939218083761025 0.21574256012977566 0.0 0.0 
r 1.2443793546399942 -0.277998605994379 -0.8703612513879075 -2.9474913460215983 0.21878971692448668 0.0 0.0 
r 1.2551437911507295 -0.2694023821921385 -0.8689228454112651 -2.9562285526157206 0.22198906131335516 0.0 0.0 
r 1.2664633725429562 -0.2602562512488635 -0.8675618649565358 -2.9651313462574618 0.22537974353920742 0.0 0.0 
r 1.2781809760333491 -0.25067150645771186 -0.8663339514514939 -2.9738868302531425 0.22898559628705384 0.0 0.0 
r 1.290137183186914 -0.2407673319832921 -0.8652916384851513 -2.9821828377536344 0.23281372792244548 0.0 0.0 
r 1.3021808381730646 -0.23066231650543179 -0.8644825104207203 -2.9897381286932614 0.23685117806806277 0.0 0.0 
r 1.3141792924818287 -0.2204656405149417 -0.8639477572546462 -2.996322622749833 0.24106866558538964 0.0 0.0 
r 1.3260261813956444 -0.21026991518388014 -0.8637211618756091 -3.0017751672763895 0.24541963678251089 0.0 0.0 
r 1.3376464993062986 -0.20014613473479906 -0.8638282721137786 -3.0060039001401773 0.24984729766600955 0.0 0.0 
r 1.3489980766510492 -0.19014151612084337 -0.8642861271020417 -3.0090259705458893 0.2542891638972056 0.0 0.0 
r 1.3600688161064285 -0.18028106916259995 -0.8651031415298096 -3.010914673196157 0.25867878346306883 0.0 0.0 
r 1.3708713348187154 -0.17057160249331818 -0.8662788531462713 -3.0118149073393217 0.26295169054258305 0.0 0.0 
r 1.3814334527161745 -0.16100914909078892 -0.8678044288092762 -3.011912566853983 0.26705553279777616 0.0 0.0 
r 1.3917927060173296 -0.15158330166597683 -0.8696622155339422 -3.0114225018453693 0.27094350072839535 0.0 0.0 
r 1.4019824155772223 -0.14228834441732308 -0.871826383466693 -3.010551488750484 0.27458464315275444 0.0 0.0 
r 1.412024106919025 -0.13312883696934275 -0.8742633737369391 -3.009482550555893 0.27795296505826417 0.0 0.0 
r 1.4219194709712908 -0.12412526663777186 -0.8769328197997714 -3.008360334568022 0.28103802331942174 0.0 0.0 
r 1.4316468175091934 -0.11531571456427848 -0.8797886581987361 -3.007276920370692 0.2838357903617076 0.0 0.0 
r 1.4411587414518567 -0.10675642624292576 -0.8827805024154965 -3.00626562958285 0.286346495721136 0.0 0.0 
r 1.4503828089074278 -0.09851979944815784 -0.8858559422808999 -3.00531498432393 0.2885744623366331 0.0 0.0 
r 1.45922485868131 -0.09069070302221023 -0.8889621648764826 -3.0043638728859254 0.29052583752882744 0.0 0.0 
r 1.467577247518193 -0.08335886808944556 -0.89204958393007 -3.0033249849663513 0.292203816946045 0.0 0.0 
r 1.4753240033790627 -0.07661506315234196 -0.8950720632574594 -3.0020948608677696 0.2936121368612278 0.0 0.0 
r 1.4823499280346817 -0.07054401024618696 -0.8979901420152318 -3.0005702181603846 0.2947521881568589 0.0 0.0 
r 1.488547411202972 -0.06522011465527261 -0.9007712578431266 -2.9986640136634044 0.29562509875903653 0.0 0.0 
r 1.4938217520259416 -0.060704604764330886 -0.903389536672329 -2.9963151618476247 0.2962264589746384 0.0 0.0 
r 1.498095424684731 -0.05704340738110804 -0.90582650170221 -2.9934930131539987 0.2965512655384368 0.0 0.0 
r 1.5013099566487442 -0.05426701392802078 -0.9080701406647217 -2.9902051808105936 0.296589674674715 0.0 0.0 
r 1.5034271151468006 -0.0523908397247758 -0.9101121659543733 -2.986494456076879 0.2963305292030488 0.0 0.0 
r 1.504428409044836 -0.0514164655932176 -0.9119466853305805 -2.9824367883295695 0.2957615566812417 0.0 0.0 
r 1.504312395945012 -0.051334491311986946 -0.9135676662073976 -2.9781332023652807 0.29486453303038473 0.0 0.0 
r 1.5030944442408758 -0.0521253019690494 -0.9149665766328882 -2.9737037695193163 0.2936144020220969 0.0 0.0 
r 1.5008038171835143 -0.05376161727386832 -0.9161321789890813 -2.9692724494443956 0.29198817822115364 0.0 0.0 
r 1.497483415486453 -0.05620924267202193 -0.9170478409209877 -2.964964770586433 0.28995080228131376 0.0 0.0 
r 1.4931904934825666 -0.05942695317107598 -0.9176905338809832 -2.9608920167119175 0.2874652826719237 0.0 0.0 
r 1.487997270780733 -0.06336606628050177 -0.9180333667401687 -2.957148334817443 0.2844880038474923 0.0 0.0 
r 1.4819908680111955 -0.06797079798087097 -0.9180452067509325 -2.953806137427992 0.2809687100405215 0.0 0.0 
r 1.4752791328076031 -0.073173561225457 -0.9176933380578681 -2.9509111466852787 0.2768553391364238 0.0 0.0 
r 1.4679758898350095 -0.07890543372960011 -0.9169478851531287 -2.9484752278491655 0.27209517186368104 0.0 0.0 
r 1.4602126406744018 -0.08508646241374367 -0.915782457140928 -2.9464886254666545 0.2666381141543407 0.0 0.0 
r 1.4521304278065528 -0.09162992506604035 -0.9141798294516522 -2.944917140989149 0.2604417461924372 0.0 0.0 
r 1.443873823954371 -0.09844478410663997 -0.9121353845904996 -2.9437081920803463 0.25347865285494986 0.0 0.0 
r 1.4355856273573684 -0.1054372233933984 -0.9096605598174418 -2.9427974021395893 0.24574193237388264 0.0 0.0 
r 1.427400709323543 -0.11251316630546987 -0.9067839391666109 -2.9421100843082444 0.2372476016682743 0.0 0.0 
r 1.419436130364031 -0.11958351607914812 -0.9035540612178874 -2.941569283877307 0.22804502144090955 0.0 0.0 
r 1.41178918012057 -0.1265643880090022 -0.9000384480622474 -2.941098488850715 0.21821735481989224 0.0 0.0 
r 1.404531507260471 -0.13338096260960094 -0.8963229369801969 -2.94062516954144 0.207884311886962 0.0 0.0 
r 1.3977082996902974 -0.1399687212239437 -0.892508305339381 -2.9400863961457806 0.19720101386737254 0.0 0.0 
r 1.3913391987130352 -0.1462744811345256 -0.8887051703652332 -2.939429624697734 0.1863572002619529 0.0 0.0 
r 1.38542004948793 -0.1522571657995611 -0.8850296019525369 -2.938621013217486 0.1755675143028066 0.0 0.0 
r 1.3799299492241845 -0.1578853903389557 -0.8815960701196044 -2.937644723194824 0.16506902201117768 0.0 0.0 
r 1.3748350624331653 -0.16313722445216364 -0.8785126075216183 -2.936504145497155 0.15510226033133678 0.0 0.0 
r 1.3700943046562255 -0.1679986108037132 -0.875875348013947 -2.935222568221036 0.145907121204651 0.0 0.0 
r 1.3656657514180515 -0.1724609579584023 -0.8737634192856075 -2.933843255291693 0.13770753879302433 0.0 0.0 
r 1.36151040370051 -0.17652017756974725 -0.8722357036991218 -2.9324252227416094 0.13069498631731225 0.0 0.0 
r 1.3575936932402106 -0.1801768097417579 -0.8713295008671457 -2.9310377948762887 0.12502192974570014 0.0 0.0 
r 1.3538872410032108 -0.18343548358254527 -0.8710599385394631 -2.9297552937955658 0.12079265366004088 0.0 0.0 
r 1.3503687989455924 -0.1863052899924808 -0.8714206489733797 -2.9286547471322226 0.1180509552543868 0.0 0.0 
r 1.3470185934732488 -0.18880239706774693 -0.872386186849695 -2.9278066630540103 0.11678690630781774 0.0 0.0 
r 1.3438170852322493 -0.19095089764856965 -0.873915318942137 -2.927261783056899 0.1169339102747663 0.0 0.0 
r 1.3407410213676614 -0.19278491595851555 -0.8759541636655029 -2.9270549392263767 0.11837205790201821 0.0 0.0 
r 1.3377607877409758 -0.19434902481498167 -0.8784402262500055 -2.9271945096422853 0.12093793099910077 0.0 0.0 
r 1.3348377310240722 -0.19569866889342416 -0.8813059315060957 -2.9276579884506764 0.12443024006061709 0.0 0.0 
r 1.3319232345834329 -0.19689926380672046 -0.8844814027653756 -2.9283887894470206 0.12862068030776352 0.0 0.0 
r 1.3289609815236028 -0.19802268948943122 -0.887897037133451 -2.9293041690634594 0.13326494796787125 0.0 0.0 
r 1.325888107670771 -0.19914538737795132 -0.8914846327581023 -2.9302967187827234 0.13810927088947278 0.0 0.0 
r 1.3226401682818067 -0.20034365108569707 -0.8951780970646326 -2.9312175408148655 0.1429023593715506 0.0 0.0 
r 1.3191561652980497 -0.2016894561429149 -0.8989134329441136 -2.9319353380532167 0.14740842303524626 0.0 0.0 
r 1.3153843411695223 -0.20324594465579054 -0.9026288125671132 -2.9323118480512367 0.15141136193822635 0.0 0.0 
r 1.311285543621384 -0.20506534501326218 -0.9062642047242987 -2.9322276283560846 0.1547187753660887 0.0 0.0 
r 1.306835099900933 -0.207187663667679 -0.9097624451835873 -2.9315893836098947 0.15718061806209227 0.0 0.0 
r 1.3020289836162522 -0.20963639190553526 -0.9130693642303502 -2.9303523338780426 0.15868351895830068 0.0 0.0 
r 1.296881463974251 -0.21242046048645064 -0.9161352582049904 -2.9285191127260006 0.15916016755146722 0.0 0.0 
r 1.2914217366409626 -0.21553578976841897 -0.9189185672266095 -2.9261270321858115 0.15858616086359711 0.0 0.0 
r 1.2856906082732018 -0.21896781818417677 -0.9213863292191372 -2.923292332259651 0.1569950727507371 0.0 0.0 
r 1.2797368084024914 -0.22269303912525776 -0.9235168821489478 -2.920150332003868 0.1544596891780865 0.0 0.0 
r 1.273611952930934 -0.2266821478382415 -0.925300572913392 -2.916861333767836 0.15109710234475426 0.0 0.0 
r 1.2673623795535618 -0.23090379701483593 -0.9267439433874456 -2.9135999925657696 0.1470742620791552 0.0 0.0 
r 1.2610313288743353 -0.23532637092922318 -0.9278603292789035 -2.910536847926711 0.14258699041247636 0.0 0.0 
r 1.2546536612525525 -0.23991805155475043 -0.9286771214920344 -2.907816637540142 0.13786632232793405 0.0 0.0 
r 1.2482625121207387 -0.2446468493348855 -0.9292233597152211 -2.905556071331878 0.1331605008337442 0.0 0.0 
r 1.2418869825361207 -0.2494815265005761 -0.9295309693155753 -2.903818089497049 0.12873642617899272 0.0 0.0 
r 1.2355601465009423 -0.2543903067105257 -0.9296244250599484 -2.9026204300490748 0.12486821478369736 0.0 0.0 
r 1.2293265007668983 -0.25933778682504116 -0.9295157711182903 -2.901929972710785 0.12182252981444075 0.0 0.0 
r 1.2232495939169163 -0.26428453309116146 -0.9291946332540394 -2.9016714818952067 0.11985267294601343 0.0 0.0 
r 1.2174198420237898 -0.2691840260327883 -0.9286236192612762 -2.901744284126547 0.11918830487743282 0.0 0.0 
r 1.21196212273963 -0.2739812640571982 -0.927730914220489 -2.902039440107975 0.12002697156642061 0.0 0.0 
r 1.2070414972085148 -0.2786128117175893 -0.9264027647027747 -2.9024623727138255 0.12252621498203375 0.0 0.0 
r 1.2028642753205077 -0.28300769200441744 -0.9244803784810234 -2.902952713978517 0.12679612483085678 0.0 0.0 
r 1.199682578248827 -0.28708417864437785 -0.9217573778926264 -2.9035227375787196 0.13288932600028136 0.0 0.0 
r 1.197785985763159 -0.2907544572356271 -0.9179788315000363 -2.904262233071445 0.14080733069107154 0.0 0.0 
r 1.197492645295602 -0.2939252424435525 -0.9128445844043495 -2.9053597328267164 0.15048929309067738 0.0 0.0 
r 1.1991345982474886 -0.2964997414291169 -0.906013898639704 -2.907093572749622 0.1618236040121257 0.0 0.0 
r 1.2030398506491875 -0.29837695203098735 -0.8971145878190218 -2.909823258932499 0.17464765859906706 0.0 0.0 
r 1.2095102805313032 -0.2994507372106008 -0.8857541072299201 -2.9139738660749943 0.18876812526925735 0.0 0.0 
r 1.2188031797767787 -0.2996030996936744 -0.8715321702839212 -2.919994859403382 0.2039554307724608 0.0 0.0 
r 1.2310974581060257 -0.2987061716568203 -0.8540602540743221 -2.9283205831360872 0.21996293490808239 0.0 0.0 
r 1.246476812345157 -0.2966135753759222 -0.8329776700201406 -2.9393272315154273 0.2365438385486074 0.0 0.0 
r 1.264917059660679 -0.2931490950899829 -0.8079713395982204 -2.9532984210582245 0.2534570450913537 0.0 0.0 
r 1.286279523584234 -0.288094396797714 -0.7787954589464252 -2.9703981950950844 0.2704657867677094 0.0 0.0 
r 1.3103165568864181 -0.2811699994599887 -0.7452902281492058 -2.990657052727215 0.2873580424903675 0.0 0.0 
r 1.336683042655097 -0.2720125109263823 -0.7073992419427272 -3.0139700547383335 0.3039288316499809 0.0 0.0 
r 1.3649578488167928 -0.26013924019717 -0.6651827199733021 -3.0401027428447875 0.31999540787098757 0.0 0.0 
r 1.3946715354736028 -0.24489221288248275 -0.6188251436392508 -3.0687170128715064 0.33538142535812904 0.0 0.0 
r 1.4253315244815234 -0.2253526887112261 -0.5686375778285336 -3.0993899447226445 0.34992457419687867 0.0 0.0 
r 1.4564462050364926 -0.200196333377952 -0.5150501310651343 -3.1316477302042753 0.36346681144022297 0.0 0.0 
r 1.487544204215502 -0.1674370909071768 -0.45859512811817293 -3.1649754732504647 0.3758632905304772 0.0 0.0 
r 1.518187403469674 -0.12394883272807819 -0.3998825799367351 -3.1988444822816096 0.38697996024057313 0.0 0.0 
r 1.5479797992248232 -0.06451148218059341 -0.3395691371579019 -3.2327217793122127 0.396710729324147 0.0 0.0 
r -1.5650222646054817 0.020204734194846943 -0.2783252564263369 -0.12448899578245304 0.4049689037405084 0.0 0.0 
r -1.5379377814748705 0.14813678599249783 -0.21680455699923828 -0.15681996391223557 0.41170111503372475 0.0 0.0 
r -1.512617897744326 0.35547702480658455 -0.15561903356875165 -0.18763063989434986 0.41689175898621245 0.0 0.0 
r -1.489276245070301 0.7071058752976609 -0.09532205464037317 -0.21645575100780862 0.42055050751482126 0.0 0.0 
r -1.4680790374094186 1.2311902510360921 -0.036401455789362255 -0.2428662506031229 0.4227190024173303 0.0 0.0 
r -1.4491441534993923 -1.4028855544674241 0.02072023526440638 -0.2664750598335632 0.42346537108607024 0.0 0.0 
r -1.432538002548726 -1.0718477571937706 0.07568116188924351 -0.2869541009996878 0.4228790838642119 0.0 0.0 
r -1.4182700044980758 -0.8730776776546798 0.12817191886822935 -0.30404723477991363 0.4210613409566548 0.0 0.0 
r -1.4062884596968532 -0.745451999301358 0.17792865763934526 -0.31758841886941575 0.41813150514426656 0.0 0.0 
r -1.3964773947459452 -0.6564326127513908 0.22472829475175604 -0.32751689104737486 0.41421631790233415 0.0 0.0 
r -1.388654517558413 -0.5901012079772229 0.26838704950892306 -0.33389779845600204 0.4094513285363042 0.0 0.0 
r -1.382574704650528 -0.5383386394602457 0.30876205238265697 -0.3369310875641042 0.4039751243535701 0.0 0.0 
r -1.3779365211435741 -0.4967750204667678 0.3457564261632211 -0.3369554447453222 0.39792485295162416 0.0 0.0 
r -1.3743925236347332 -0.4629540918039606 0.3793234511802316 -0.33444740966572434 0.391432836191392 0.0 0.0 
r -1.3715672399636993 -0.4354404699043514 0.409470906597089 -0.3300002758283435 0.3846244596712049 0.0 0.0 
r -1.3690758559409617 -0.4133614781572463 0.4362642398840159 -0.3242997360437147 0.37761214742792043 0.0 0.0 
r -1.3665480873754308 -0.39615109138724847 0.4598242788620458 -0.31807088762113683 0.3704949152961431 0.0 0.0 
r -1.3636468539498798 -0.3834077143373702 0.48032313692671935 -0.31205007208433194 0.3633685050041393 0.0 0.0 
r -1.3600896618851954 -0.3748022304118638 0.4979753134815585 -0.30692349911342415 0.3563286625334903 0.0 0.0 
r -1.3556627655113598 -0.37002663247175327 0.5130254806302903 -0.303276242700156 0.3494645238546813 0.0 0.0 
r -1.3502276685043202 -0.3687668929112256 0.5257355112890083 -0.3015642835914824 0.3428933916077952 0.0 0.0 
r -1.343725206663487 -0.3706849556598988 0.5363708550620474 -0.302087353199393 0.336745715753895 0.0 0.0 
r -1.3361723102105991 -0.37541599889647076 0.5451856576000403 -0.3049461376383504 0.33119797297764975 0.0 0.0 
r -1.3276603868442793 -0.3825636423448702 0.5524105760997959 -0.31007573369942704 0.3264629905692681 0.0 0.0 
r -1.3183433657275243 -0.39171217912404793 0.5582429183256762 -0.3172376452542111 0.3228087618346328 0.0 0.0 
r -1.3084279361122926 -0.4024360056075853 0.5628398891415806 -0.32602192788949264 0.3205573354935025 0.0 0.0 
r -1.29816230496265 -0.41431105274974983 0.5663159242280568 -0.33588086354301144 0.32008902716570187 0.0 0.0 
r -1.287825921531656 -0.42692432006776526 0.5687433991807239 -0.34615346299191935 0.3218232633308237 0.0 0.0 
r -1.2777131068276923 -0.4398904342059487 0.570156528935412 -0.35609413608724466 0.326222866366503 0.0 0.0 
r -1.2681190654646557 -0.45286227946178936 0.5705579359862781 -0.3649094853311347 0.3337716895095194 0.0 0.0 
r -1.2593233146684337 -0.46554183403795757 0.5699280977967107 -0.37177791837445645 0.3449655795172353 0.0 0.0 
r -1.2515762087918072 -0.4776831976875392 0.5682373982222112 -0.37587689785000683 0.3602870041699354 0.0 0.0 
r -1.2450798090893824 -0.48910252836240814 0.5654580765151658 -0.37638951812727933 0.3801933687663219 0.0 0.0 
r -1.2399763832167026 -0.4996762925307831 0.5615773002001191 -0.3724934095969254 0.4050933650031552 0.0 0.0 
r -1.2363358378004738 -0.5093436026579587 0.5566082618746082 -0.3633487005235018 0.4353421373398191 0.0 0.0 
r -1.2341468838721539 -0.5181086546057253 0.5505976736412993 -0.348016731066977 0.47121393093439423 0.0 0.0 
r -1.2333125283237805 -0.5260372592409142 0.5436358577899185 -0.32537512587482714 0.5128888276121073 0.0 0.0 
r -1.2336545668289736 -0.5332516705622815 0.5358582827234991 -0.29392078482207723 0.5604356370045732 0.0 0.0 
r -1.234918297356307 -0.5399323774414513 0.5274420443476736 -0.2514819255324782 0.6137983641352308 0.0 0.0 
r -1.2367852335344098 -0.5463096838552645 0.5186026661712317 -0.194700661941493 0.6727672878323414 0.0 0.0 
r -1.2388900361119777 -0.5526559632242757 0.5095837666148557 -0.1182327655618935 0.7369632233328709 0.0 0.0 
r -1.2408428934174929 -0.5592710254598846 0.5006436040930926 -0.013306986387690733 0.8058057677526633 0.0 0.0 
r -1.242254981154123 -0.5664622344007005 0.4920384829534445 0.1341585512625963 0.8785050156666341 0.0 0.0 
r -1.242761918894511 -0.5745246819472115 0.48400446222393123 0.3441564132979998 0.9540564937425307 0.0 0.0 
r -1.242047679646807 -0.5837145352052397 0.4767411904762059 0.633136223712043 1.0312267630170515 0.0 0.0 
r -1.2398642851279806 -0.594224182324912 0.47039829951523304 0.981537372968019 -2.0329377095906707 0.0 0.0 
r -1.2360495506288778 -0.606160216688333 0.46506364361198615 1.3165062152973819 -1.9566890366303373 0.0 0.0 
r -1.2305392436242948 -0.6195258362651032 0.4607600244392436 1.5773015851891923 -1.8830252547319668 0.0 0.0 
r -1.2233614972827271 -0.6342311948677108 0.45744764662488596 1.759255618066043 -1.8132101207868379 0.0 0.0 
r -1.2146343687926633 -0.6501035783935724 0.4550291145220385 1.882563870965847 -1.7482708588208928 0.0 0.0 
r -1.2045634899046787 -0.6668956809795252 0.45336044220554333 1.9664072724330623 -1.6889342656083508 0.0 0.0 
r -1.193413095406594 -0.6843312588929292 0.4522644917896089 2.0239062583182585 -1.6356084659657166 0.0 0.0 
r -1.1814929384509734 -0.7021263992366286 0.45154211214772977 2.0634861601791945 -1.58839677128831 0.0 0.0 
r -1.169144411128357 -0.7200018532955038 0.4509869371226864 2.090632296138762 -1.5471456160057133 0.0 0.0 
r -1.156718778994059 -0.7377073354592913 0.4503939711862655 2.1090662710206987 -1.5115073934713341 0.0 0.0 
r -1.1445716555790015 -0.7550215877972652 0.44956467447340526 2.121448264477587 -1.4809844394944738 0.0 0.0 
r -1.1330539749984911 -0.7717612877738806 0.4483060336558319 2.129757706782958 -1.4550024624013869 0.0 0.0 
r -1.122508260936216 -0.7877827859554271 0.44642798071281115 2.135561693690593 -1.4329454572075118 0.0 0.0 
r -1.1132756140340834 -0.8029747043435786 0.44373694937001296 2.140140899756646 -1.4142033364267803 0.0 0.0 
r -1.1056963180929436 -0.8172607752666246 0.44002880386571597 2.144588017350438 -1.3982027777908965 0.0 0.0 
r -1.1001238206153319 -0.8305931800369213 0.43507733563639966 2.149858782623582 -1.3844326061905012 0.0 0.0 
r -1.0969294735737483 -0.8429516236706808 0.4286291526300856 2.1568317043292833 -1.3724528645610943 0.0 0.0 
r -1.096509789081507 -0.8543383751912412 0.4204008152492662 2.166301938628779 -1.3619197609577727 0.0 0.0 
r -1.0992898618201519 -0.8647770462173658 0.41007837753496607 2.1790006710032763 -1.3526021719685735 0.0 0.0 
r -1.1057295816975634 -0.8743043713721622 0.3973212525971572 2.195618792224887 -1.3443718973956922 0.0 0.0 
r -1.1163195618931314 -0.8829686115265514 0.38177173123025265 2.2167991364480453 -1.3372029700774575 0.0 0.0 
r -1.1315762322186096 -0.8908230669476593 0.3630693016513991 2.243152560140622 -1.3311641699668044 0.0 0.0 
r -1.1520304524236706 -0.8979192795441145 0.3408699291368287 2.2752474618292595 -1.326398204805927 0.0 0.0 
r -1.1782071862301995 -0.9043001483743537 0.31486974364107195 2.313613652612493 -1.3230951489527114 0.0 0.0 
r -1.210594247796805 -0.9099881897890054 0.2848338342570212 2.358734107198458 -1.3214579826617148 0.0 0.0 
r -1.2495984868159296 -0.9149603607576834 0.25062921557673495 2.411020598528588 -1.3216642352466477 0.0 0.0 
r -1.2954765650513649 -0.9191115610015346 0.21225882282380773 2.4707756679210466 -1.3238245644197586 0.0 0.0 
r -1.3482572183911508 -0.9221215737363196 0.16989785621973122 2.53821900787219 -1.3279276955944352 0.0 0.0 
r -1.4076497459877877 -0.9230188510106534 0.12392239836992865 2.6134757566868454 -1.3338282788528746 0.0 0.0 
r -1.47296219718667 -0.9178827425477083 0.07492384931756711 2.6967157451987585 -1.3412368249669093 0.0 0.0 
r -1.5430519585759677 -0.8636731494869199 0.02371028013413657 2.788701483384047 -1.349742388374135 0.0 0.0 
r 1.525244943034337 -1.0083075748664623 -0.028728564412445867 -3.390658805964293 -1.3588544772389612 0.0 0.0 
r 1.4506363483811013 -0.9773044373054899 -0.08127587522907039 -3.2629548378273405 -1.3681008289413419 0.0 0.0 
r 1.3767370097636016 -0.9739227941678356 -0.13276938995858859 -3.0483155919507903 -1.3770688444293073 0.0 0.0 
r 1.305481263319713 -0.9752481931883408 -0.18208440584970628 -1.7961227641952877 -1.385479746227308 0.0 0.0 
r 1.2385113994064565 -0.978353895779953 -0.22822598006210962 -0.35452690379855095 1.7484178869498284 0.0 0.0 
r 1.177053829345414 -0.9824349011537642 -0.2703853607898304 -0.14335769843994267 1.7414721802626734 0.0 0.0 
r 1.1218732415247423 -0.9871946342412482 -0.3079769929610909 -0.039350910771052294 1.735232744043298 0.0 0.0 
r 1.0733177958587703 -0.992496383598766 -0.3406426348823601 0.031529384949521344 1.7296281093587427 0.0 0.0 
r 1.03140980890541 -0.9982551491555121 -0.3682322011273433 0.08495404293782244 1.7245856475555363 0.0 0.0 
r 0.9959475835622683 -1.0044017428990757 -0.39076667318257935 0.12680839627413615 1.7200518386831918 0.0 0.0 
r 0.9666106036858797 -1.0108621695584645 -0.40839093849506936 0.1604305940135658 1.7160026538200799 0.0 0.0 
r 0.9430426479899764 -1.017558247257855 -0.4213207695339848 0.1882869603154384 1.7124244973500926 0.0 0.0 
r 0.9249237983919201 -1.0244019868523575 -0.4297957022941237 0.21254347946283608 1.709308000947488 0.0 0.0 
r 0.912018446342785 -1.0313024842411183 -0.4340360546064866 0.23523234470873772 1.706628520549583 0.0 0.0 
r 0.9042103767752874 -1.0381718406902196 -0.4342095553725257 0.25836178161306306 1.7043322356643555 0.0 0.0 
r 0.901520412360601 -1.0449341288018725 -0.43041104414316683 0.2838309145225499 1.7023329736072483 0.0 0.0 
r 0.9041131832513454 -1.0515309599628562 -0.42265784912291976 0.31353709609189356 1.700514549876618 0.0 0.0 
r 0.9122930672196646 -1.0579251236429628 -0.4109005887832686 0.34943127957402237 1.6987418901488947 0.0 0.0 
r 0.9264905260145387 -1.0641012166881134 -0.39504879237766066 -2.74800776522907 1.6968803784428397 0.0 0.0 
r 0.9472424883918138 -1.0700618900066627 -0.37500722075814386 -2.693192608705587 1.6948237907645507 0.0 0.0 
r 0.9751622859195807 -1.07582142516672 -0.35071983768313864 -2.6247443630299028 1.6925193411489192 0.0 0.0 
r 1.0108990491312992 -1.081396793402228 -0.3222135266549421 -2.5388050074809536 1.6899832251819813 0.0 0.0 
r 1.0550803583389268 -1.0867918540539825 -0.2896384267470878 -2.430567125444016 1.687319082516355 0.0 0.0 
r 1.1082300444442037 -1.0919755396299513 -0.25329543537517435 -2.2948982486916067 1.6847079469694826 0.0 0.0 
r 1.1706539892673709 -1.0968382901250302 -0.21364888538224244 -2.1289023968014824 1.6823821963073449 0.0 0.0 
r 1.2422947817132461 -1.1010876304999226 -0.1713200019336168 -1.9370177422009336 1.6806262010893023 0.0 0.0 
r 1.3225740244410404 -1.1039124790253243 -0.12706327025818803 -1.7358822417148954 1.6796716791231092 0.0 0.0 
r 1.4102601410595301 -1.102516422522259 -0.08172222981166241 -1.5500315235386544 -1.461900089646839 0.0 0.0 
r 1.5034251479247183 -1.0783957360268626 -0.036181983450246244 -1.3987493793172963 -1.4608356187716731 0.0 0.0 
r -1.542049661633129 -1.2775003243597884 0.008683834850813745 1.8535908933344738 -1.4587646070212013 0.0 0.0 
r -1.4458262895697656 -1.1775825666224464 0.05206412660298714 1.928112982545162 -1.4558431455142686 0.0 0.0 
r -1.3522912971290555 -1.1721932829823571 0.09324471459875289 1.9747139653695711 -1.4522949226012472 0.0 0.0 
r -1.2638443492982896 -1.1751220384207424 0.13163388864949496 2.001619364856192 -1.4483791973775586 0.0 0.0 
r -1.1822490770195708 -1.1806454752817122 0.16677701356227817 2.0155042986899128 -1.4443350589692339 0.0 0.0 
r -1.1085690376453865 -1.18734311119825 0.19835254952987655 2.0212300700001746 -1.4403480713837584 0.0 0.0 
r -1.043244998282717 -1.1946570402229428 0.22616961337513228 2.0221285571193786 -1.4365282684104643 0.0 0.0 
r -0.9862335782887581 -1.2022964106962377 0.2501590905293319 2.0203574716808506 -1.4329221968961516 0.0 0.0 
r -0.9371672076189514 -1.210069019670259 0.2703628641972676 2.0172843673738305 -1.429505215923744 0.0 0.0 
r -0.8954859127045617 -1.2178274394379986 0.28691994539163374 2.0137104167024633 -1.4262283307731642 0.0 0.0 
r -0.8605310839625142 -1.2254483925931972 0.30005333393377226 2.0100898757148906 -1.423013779905704 0.0 0.0 
r -0.8316128610089211 -1.232821648834725 0.31005520354542615 2.0066634682672486 -1.419800149594637 0.0 0.0 
r -0.8080435444067142 -1.2398475845627608 0.3172733742538865 2.0035282606668376 -1.4165445660752531 0.0 0.0 
r -0.789164450348034 -1.2464368820718084 0.32209078393426177 2.0006982688913784 -1.4132499511120473 0.0 0.0 
r -0.7743550631479812 -1.2525136386181228 0.32490610654091245 1.9981341472637337 -1.4099412091542673 0.0 0.0 
r -0.7630400547642509 -1.2580160433538068 0.3261152462015296 1.99575468614986 -1.4066805615963645 0.0 0.0 
r -0.7546905078624164 -1.262897662038902 0.3260956067933796 1.9934501697142297 -1.4035560029689114 0.0 0.0 
r -0.7488286360986368 -1.2671287849707271 0.325189763086208 1.991085716823928 -1.4006704724822727 0.0 0.0 
r -0.7450286298668838 -1.270697565435519 0.3236943441100902 1.9885144725117436 -1.398131876268061 0.0 0.0 
r -0.7429166090299326 -1.273609834507308 0.32185392092560394 1.9855789539767004 -1.3960453892711562 0.0 0.0 
r -0.7421711216119853 -1.2758879700949537 0.319858462579779 1.9821091854346509 -1.3945010854473212 0.0 0.0 
r -0.7425241636192917 -1.2775674818643699 0.31784526557616205 1.9779598749373901 -1.3935841826757775 0.0 0.0 
r -0.7437521923879408 -1.278699251181379 0.3159023717518561 1.9729718201464885 -1.3933637306324502 0.0 0.0 
r -0.7456788340198243 -1.2793388168195023 0.31407973244890647 1.9669891579164964 -1.3939088384664509 0.0 0.0 
r -0.7481674861743556 -1.2795501880553433 0.3123911321432132 1.9598408382005539 -1.395297759235808 0.0 0.0 
r -0.7511155212404882 -1.2793967963509096 0.3108288024188811 1.9513457134223386 -1.397613374994906 0.0 0.0 
r -0.7544522718432022 -1.2789352624595982 0.3093724044216461 1.9412941421210388 -1.4009725795738666 0.0 0.0 
r -0.7581325843125901 -1.2782219176036413 0.30798676855610746 1.9294250041127492 -1.4055254939607382 0.0 0.0 
r -0.7621340255668652 -1.2773000869078182 0.30663747656048745 1.915399151292435 -1.411473173472285 0.0 0.0 
r -0.7664551575767233 -1.2762001800050635 0.3052919054362022 1.8987678499214293 -1.4190759179306363 0.0 0.0 
r -0.7711114628375563 -1.2749352629699489 0.3039260677295575 1.8789438532186475 -1.428658602675312 0.0 0.0 
r -0.7761375720828965 -1.2734993902812266 0.30252466938490263 1.8551327271964995 -1.4406131225124668 0.0 0.0 
r -0.7815855113298947 -1.271857985803646 0.3010912314347844 1.8262920046644069 -1.4553999588613586 0.0 0.0 
r -0.7875256204723381 -1.2699495321295462 0.29964467712385373 1.7909640011004806 -1.4735412163494008 0.0 0.0 
r -0.7940416156787157 -1.267680140811304 0.29822601391964637 1.747160838612958 -1.4956141440084898 0.0 0.0 
r -0.8012347055801821 -1.2649143016809643 0.29690280515434114 1.6921042081461857 -1.5222414719309083 0.0 0.0 
r -0.809216995859847 -1.2614785014133623 0.29576595777839065 1.6218398527204425 -1.5540623250209888 0.0 0.0 
r -0.818107271291136 -1.2571447549901866 0.29494350936016034 1.530747391371632 -1.5917146709346088 0.0 0.0 
r -0.8280243490042071 -1.2516315352859375 0.29459702630917095 1.4111316315224098 -1.6358039718531718 0.0 0.0 
r -0.8390779566402189 -1.2446022151637441 0.2949204527111019 1.2535513459268193 -1.6868445953744349 0.0 0.0 
r -0.8513627456363401 -1.2356625072622962 0.29613697988857307 1.0500730947441594 -1.7452099343612137 0.0 0.0 
r -0.8649470771511005 -1.224367727869945 0.29848963092617664 0.8031502932476593 -1.8110584143485164 0.0 0.0 
r -0.8798646934128691 -1.2102365246811415 0.30222646972902306 0.5357188204061913 1.2573284248081646 0.0 0.0 
r -0.896106023999988 -1.192775226398997 0.30758156122561026 0.28440615798290875 1.1772362556436935 0.0 0.0 
r -0.9136140446192693 -1.171512487121882 0.31475278251826183 0.07539044647102183 1.0911115889464624 0.0 0.0 
r -0.9322835634183256 -1.146047815749686 0.3238772843392841 -0.08621187258397439 1.0001727036526158 0.0 0.0 
r -0.9519636670356246 -1.11611106733878 0.33500910098357606 -0.20747508489299266 0.9059447381134258 0.0 0.0 
r -0.9724674269215541 -1.0816243343693641 0.3481016789577884 -0.29795502590564565 0.8101435518140825 0.0 0.0 
r -0.9935844199558742 -1.0427576590055214 0.3629985325370464 -0.3657002301579591 0.7145435215073295 0.0 0.0 
r -1.01509732658415 -0.9999617340292911 0.3794338510723129 -0.4166042952077699 0.6208458151251794 0.0 0.0 
r -1.0368014650266235 -0.9539594501179223 0.3970449234587579 -0.4548119632144589 0.5305701781189875 0.0 0.0 
r -1.0585217582671895 -0.9056924357818048 0.41539371764094946 -0.48318277172726426 0.4449972143444968 0.0 0.0 
r -1.0801264546227431 -0.8562245872092673 0.4339956001320529 -0.5037055263615404 0.3651363690611705 0.0 0.0 
r -1.1015366285702928 -0.80662054495716 0.45235110485573243 -0.517772436292232 0.29173199862979743 0.0 0.0 
r -1.1227281365323114 -0.7578295513308217 0.4699764253253503 -0.5263705938189804 0.22527667035719262 0.0 0.0 
r -1.143725586424106 -0.7105981333794598 0.48643160863208185 -0.5302100322816989 0.16604700877299322 0.0 0.0 
r -1.1645892072124162 -0.665431758182405 0.5013396955497468 -0.5298328932200762 0.11412992297522251 0.0 0.0 
r -1.1853990095572018 -0.62259618800885 0.514400055635112 -0.5256788994359438 0.06945143667060416 0.0 0.0 
r -1.2062359721586615 -0.5821505185660628 0.5253966420156935 -0.5181349521650018 0.03180666216337147 0.0 0.0 
r -1.227161630558259 -0.5440017689668597 0.5341996072204871 -0.5075717967844646 0.0008891528222603196 0.0 0.0 
r -1.2482005603357087 -0.5079618882120935 0.5407643637269285 -0.49436928078782033 -0.02368567992977344 0.0 0.0 
r -1.2693273263840585 -0.47380052496070174 0.545127933268876 -0.4789276244350373 -0.04235619171106464 0.0 0.0 
r -1.290460819891973 -0.4412882135318317 0.547401938673346 -0.46166567185842106 -0.05559150029501192 0.0 0.0 
r -1.3114652323762854 -0.41022842069116155 0.5477646770119804 -0.44301224170268155 -0.06386802512825196 0.0 0.0 
r -1.3321596923199976 -0.38047710174626637 0.5464505130934643 -0.4233866378171078 -0.06765056929585073 0.0 0.0 
r -1.352335146317325 -0.3519505257694702 0.5437363656869872 -0.40317594160989895 -0.06736995519736139 0.0 0.0 
r -1.3717756740139406 -0.3246217503145189 0.5399270374401423 -0.38270768994783627 -0.06341273186397928 0.0 0.0 
r -1.3902833272113304 -0.29850580260339604 0.5353372461429464 -0.36222829349659363 -0.0560920732380461 0.0 0.0 
r -1.407699244515626 -0.2736391793734573 0.5302747254584215 -0.3418683208268393 -0.04564052389880291 0.0 0.0 
r -1.4239212764794995 -0.2500538019379028 0.5250235221489221 -0.32164035447931444 -0.03219690290398636 0.0 0.0 
r -1.4389128191478555 -0.22775226831553222 0.5198334559746998 -0.3014193382413079 -0.015811456229838594 0.0 0.0 
r -1.4527058813798144 -0.2066870959928221 0.5149096870253865 -0.28096023726855596 0.003569484824482827 0.0 0.0 
r -1.4653955953448699 -0.1867496631393755 0.5104077963436328 -0.25988990924734673 0.026087089092868943 0.0 0.0 
r -1.477129342345997 -0.16776756591613706 0.5064362433315163 -0.237721687162544 0.05195899710346563 0.0 0.0 
r -1.4880902812212657 -0.14951765310351298 0.5030577585778071 -0.21387034355856244 0.08146272127371845 0.0 0.0 
r -1.4984797018226363 -0.1317446949754415 0.5002974466091586 -0.18765501538186985 0.11491826733726718 0.0 0.0 
r -1.5084997134015286 -0.11418613217399927 0.49814887740317826 -0.15830531606101877 0.1526552101396309 0.0 0.0 
r -1.5183331076241926 -0.09660540336157912 0.49658296953291986 -0.12496063334502633 0.19498382675863274 0.0 0.0 
r -1.5281279640650032 -0.07882040271499116 0.4955536447682832 -0.0866381263444182 0.24215810216951755 0.0 0.0 
r -1.5379884802743646 -0.06072114222734357 0.495003961531252 -0.042227136447617164 0.29432663363746864 0.0 0.0 
r -1.5479594663160043 -0.04229923475844172 0.49487002629115756 0.009556128228535077 0.3514810108311916 0.0 0.0 
r -1.558022986041265 -0.023653998683569613 0.4950839587131154 0.0702240957856935 0.4134028807604979 0.0 0.0 
r -1.568102066014498 -0.004984095198363945 0.4955733299724762 0.14153808873368862 0.4796080073033538 0.0 0.0 
r 1.5635310457055276 0.013417420732922064 0.4962615882829232 -2.916072945672817 0.5493244460871435 0.0 0.0 
r 1.553869374492125 0.03119454213177442 0.49706778015135705 -2.817270413830127 0.6214924049600825 0.0 0.0 
r 1.544711575119721 0.04796102023921447 0.49790102893175864 -2.701723110925978 0.6948165333446803 0.0 0.0 
r 1.5362714901645853 0.06333999848902418 0.4986561789309352 -2.568486233947824 0.7678607859014523 0.0 0.0 
r 1.5287470877431568 0.07700842475495336 0.49920900927545286 -2.4187433043043254 0.8391755041724749 0.0 0.0 
r 1.5222986053745178 0.08873498367959173 0.4994112018621579 -2.256946202533317 0.9074306026956498 0.0 0.0 
r 1.5170300743670482 0.09840924841189205 0.49908437215536416 -2.0909451176770313 0.9715266770712307 0.0 0.0 
r 1.512976083993649 0.10605944525009003 0.49801561307177983 -1.930283462182884 1.030663875692772 0.0 0.0 
r 1.5100957166425064 0.1118574296666254 0.4959536167190145 -1.783335254477106 -2.0572282078531225 0.0 0.0 
r 1.5082745014695431 0.11611159229817684 0.4926064342200839 -1.6552028288471223 -2.009137231853147 0.0 0.0 
r 1.507329838329472 0.11925668483699975 0.4876480807003566 -1.5474669154535927 -1.9665733832850982 0.0 0.0 
r 1.5070284944295893 0.12183247596981751 0.4807155856865156 -1.4592372129824287 -1.9292464298719683 0.0 0.0 
r 1.5071030121293216 0.12447095573136953 0.47142222683413043 -1.3884234303686747 -1.8967187661702016 0.0 0.0 
r 1.5072720622991864 0.12789077891771522 0.4593678499415409 -1.3326638260444392 -1.8684541821732479 0.0 0.0 
r 1.5072586907454568 0.132912282164336 0.44415313210175145 -1.289851828940981 -1.8438576370013413 0.0 0.0 
r 1.506807245081186 0.14049863984442534 0.4253961278463062 -1.2584023460216582 -1.8223057589803915 0.0 0.0 
r 1.5056963208749752 0.15184002043582245 0.4027535639394486 -1.2374214238280785 -1.803171844971466 0.0 0.0 
r 1.5037494338325885 0.16850287314657122 0.3759431322126185 -1.226877940643526 -1.7858429255158346 0.0 0.0 
r 1.5008419105680337 0.19269395081999344 0.34477220757579635 -1.2279153845784654 -1.7697370493601905 0.0 0.0 
r 1.4969043347893218 0.22773892592011208 0.30916938261671695 -1.2434931799686066 -1.754323058455657 0.0 0.0 
r 1.4919243112985754 0.2789793870399427 0.2692173892723603 -1.2797439327859383 -1.73914038806398 0.0 0.0 
r 1.4859475222275387 0.3555176865669314 0.22518666693957445 -1.3489996514166689 -1.7238241841088424 0.0 0.0 
r 1.4790767401885832 0.4736404107551997 0.1775597889517316 -1.476700029481409 -1.7081290528517288 0.0 0.0 
r 1.4714688020641504 0.6625371619918078 0.1270462393870014 -1.7144565199355526 -1.6919523103349225 0.0 0.0 
r 1.463332146663646 0.9651342178465364 0.07456624201467514 -2.131634616113696 1.4662518336450432 0.0 0.0 
r 1.454922099425487 1.3904842219671079 0.021214808476030494 -2.6540030878187677 1.4831078792023897 0.0 0.0 
r 1.4465329945361263 -1.3213789778216 -0.03180572956583857 -3.040680957401544 1.499904211862754 0.0 0.0 
r 1.4384888321820415 -1.010646882488918 -0.08327225333477256 -3.258308523133178 1.5162678997728853 0.0 0.0 
r 1.4311322081394715 -0.8138400298944136 -0.13202923927230703 -0.23715193019650543 1.5318104196968672 0.0 0.0 
r 1.4248053997997832 -0.6878267375778567 -0.1770707349394856 -0.30705308081042254 1.54618038729269 0.0 0.0 
r 1.4198383349156132 -0.6026469123138812 -0.21758802739839386 -0.34941646020225686 1.5590966357754044 0.0 0.0 
r 1.4165328199204945 -0.5415004237898212 -0.2529916579234547 -0.3758293616289367 1.5703648646309545 0.0 0.0 
r 1.4151492536099084 -0.4949662220333396 -0.2829046879623267 -0.39251894843003216 1.5798782359680035 0.0 0.0 
r 1.4158956218958771 -0.45749234929005106 -0.3071327771083662 -0.40300215378774146 1.5876007920807291 0.0 0.0 
r 1.4189245472990168 -0.42559007971038015 -0.32562155889852484 -0.4093239442267706 1.593545847586396 0.0 0.0 
r 1.424333000425995 -0.3969041935782533 -0.3384115155024535 -0.41264972150321916 1.5977500803920566 0.0 0.0 
r 1.4321676717400647 -0.3697015069920637 -0.34559317419843333 -0.4135761744792931 1.60025063341547 0.0 0.0 
r 1.4424317628111374 -0.3425572510315947 -0.34727299110845355 -0.41228579055352105 1.6010671305056638 0.0 0.0 
r 1.4550960407908486 -0.31412112128636327 -0.34354703547473986 -0.40862946052934696 1.6001894639892025 0.0 0.0 
r 1.4701089493445332 -0.28289650305746455 -0.33448647598059233 -0.4021409307172867 1.5975721501015148 0.0 0.0 
r 1.4874042806327101 -0.24696659668978477 -0.3201366646654024 -0.39199895985049155 1.5931364100684016 0.0 0.0 
r 1.5069069211357633 -0.20357449328646068 -0.3005256695891875 -0.37692837691713005 1.5867781146332862 0.0 0.0 
r 1.5285351314633873 -0.14838162099806965 -0.2756859501755323 -0.3550170052027128 1.5783826148067681 0.0 0.0 
r 1.5521991142001592 -0.07403923381452986 -0.24568468180171982 -0.3234225913296546 1.5678469509848758 0.0 0.0 
r -1.563797335373736 0.03271961210795776 -0.21066264688589081 -0.27791199507541625 1.5551059908026217 0.0 0.0 
r -1.5363908091903073 0.19688481409843572 -0.17087110901607855 -0.21224447227657411 1.5401633657250604 0.0 0.0 
r -1.5073212191536716 0.4627957209851652 -0.12670967677768918 -0.11751573548232058 1.5231200682956387 0.0 0.0 
r -1.4767711597021198 0.8739933663792654 -0.07875330039142969 0.01763697237282874 1.5041958263195836 0.0 0.0 
r -1.4449633262501074 1.3547449512894458 -0.027757009766733856 0.20317656170064086 1.4837378865725543 0.0 0.0 
r -1.4121656306346948 -1.4135638618674025 0.025357147074751837 0.4360682074408428 1.4622127669774756 0.0 0.0 
r -1.3786912803531095 -1.1818534814241275 0.07954322868924084 0.687404679789476 1.4401761319692767 0.0 0.0 
r -1.3448982086212766 -1.0413116323453333 0.1336945404594486 0.9140649621108792 1.4182256837532652 0.0 0.0 
r -1.3111789372629477 -0.95254758810382 0.18672069411193778 1.0902373976465636 -1.744649099511615 0.0 0.0 
r -1.27795396642166 -0.8940656845121184 0.23761859463733342 1.2153196156741444 -1.7647503344274313 0.0 0.0 
r -1.2456554828231405 -0.8543473652582554 0.2855310014729922 1.300065272767723 -1.7832700594735218 0.0 0.0 
r -1.2147094484018426 -0.8268920326946347 0.3297885813382006 1.3558914009076979 -1.799950543789994 0.0 0.0 
r -1.1855158456762942 -0.8078003970656067 0.36992200791209934 1.3916048684255717 -1.8146843484856137 0.0 0.0 
r -1.1584344140225367 -0.7945845300392884 0.4056575259023709 1.4133414387422165 -1.827511449648491 0.0 0.0 
r -1.1337644840562842 -0.7855722602363747 0.4368983353031806 1.4251931330896712 -1.838606316400877 0.0 0.0 
r -1.1117381248292624 -0.7795822335489222 0.4636951175885967 1.4297858387235998 -1.8482597010000692 0.0 0.0 
r -1.0925123100962255 -0.7757440354594534 0.4862177720564669 1.4286834080257556 -1.8568633648003263 0.0 0.0 
r -1.0761664117301293 -0.7733959484231241 0.504725907541218 1.4226488703830225 -1.8648948191172587 0.0 0.0 
r -1.062706320808091 -0.772022020753839 0.5195419537096903 1.4118122781022835 -1.872904424198718 0.0 0.0 
r -1.052070319440478 -0.7712144855955929 0.5310286624797128 1.395776983058042 -1.8815050546066998 0.0 0.0 
r -1.0441390927893652 -0.7706498041415001 0.5395689827020572 1.3736906683494292 -1.8913614086004822 0.0 0.0 
r -1.0387453522921526 -0.7700730550529956 0.5455511815458777 1.3442934625257037 -1.9031811580633544 0.0 0.0 
r -1.0356844422511935 -0.7692883321387424 0.5493555693741832 1.3059575015274651 -1.917703715590322 0.0 0.0 
r -1.034723855368106 -0.7681524256457248 0.5513444610604997 1.2567465396503203 -1.9356872704351256 0.0 0.0 
r -1.0356124164561546 -0.766568216067856 0.5518559393845393 1.1945338351101331 -1.95789319610021 0.0 0.0 
r -1.0380878931106736 -0.7644795685647335 0.5511998959115637 1.1172507401572345 -1.9850639172829752 0.0 0.0 
r -1.0418840085202365 -0.7618669942909561 0.549655223925095 1.0233447365291992 -2.0178912273483682 0.0 0.0 
r -1.0467371900061762 -0.7587419662300173 0.5474691815496756 0.9125008112027015 -2.0569719370029778 0.0 0.0 
r -1.052392697975486 -0.7551423123613334 0.5448567271628482 0.7864961961475936 -2.1027467761120633 0.0 0.0 
r -1.0586103130701285 -0.7511276887687582 0.5420002303257148 0.6497427512395859 0.9861698329181892 0.0 0.0 
r -1.065171386402461 -0.7467712644277794 0.5390508528742096 0.5088839999443393 0.926704689062876 0.0 0.0 
r -1.0718823367049837 -0.742157351148354 0.5361278402941888 0.37125756430289086 0.8609636504365873 0.0 0.0 
r -1.0785791789086103 -0.7373748945976007 0.5333198641808606 0.24297806590630727 0.7899130940652995 0.0 0.0 
r -1.085128783584999 -0.7325136958102214 0.5306867869877772 0.1277528563622397 0.714962455525163 0.0 0.0 
r -1.091428301350033 -0.7276610256387366 0.5282625765902229 0.026861055042937287 0.6378733290730094 0.0 0.0 
r -1.0974020174715748 -0.7228994124802475 0.5260596485656003 -0.060142178400620805 0.5605924227048192 0.0 0.0 
r -1.1029966643599969 -0.7183078507904117 0.5240718036515223 -0.13460704364471704 0.48504293070821436 0.0 0.0 
r -1.1081758940514845 -0.7139580944252126 0.5222824751180114 -0.1981840783277981 0.4129225978650455 0.0 0.0 
r -1.1129155999655662 -0.7099173664711984 0.5206666363761067 -0.2524866402633605 0.3455643200033153 0.0 0.0 
r -1.117197572234287 -0.7062484736593712 0.5191970186818375 -0.2989432425057436 0.28387462226259463 0.0 0.0 
r -1.1210067140114965 -0.7030091039084417 0.5178473948771517 -0.3387578926727987 0.22834890336833857 0.0 0.0 
r -1.1243291418925925 -0.7002505868430918 0.5165954860470919 -0.372922120795315 0.1791329818373718 0.0 0.0 
r -1.1271509678283718 -0.698018589521307 0.5154235104420685 -0.40224608693178915 0.13610700491262684 0.0 0.0 
r -1.1294607047909426 -0.6963487827640034 0.5143191379040207 -0.427392529032911 0.09896874015995227 0.0 0.0 
r -1.1312513338274623 -0.6952641089853779 0.5132753859609245 -0.4489074397479766 0.06730307693287307 0.0 0.0 
r -1.1325225718082854 -0.6947727405261278 0.5122896880002226 -0.4672432313179881 0.040635696308631175 0.0 0.0 
r -1.133283173436082 -0.694866764083701 0.5113623205711897 -0.4827807716855618 0.018474089222025092 0.0 0.0 
r -1.1335543866893063 -0.6955191313332414 0.5104951198795469 -0.4958377750365143 0.00033485792727150354 0.0 0.0 
r -1.1333702064819564 -0.6966840486455538 0.5096908781694068 -0.5066817824887193 -0.014235396705082282 0.0 0.0 
r -1.1327771840383798 -0.6982989239290527 0.5089520165223032 -0.5155364537921332 -0.02564524690786002 0.0 0.0 
r -1.1318339211849267 -0.700283985631677 0.508281735110278 -0.5225842086397592 -0.03424946782684013 0.0 0.0 
r -1.1306073132186496 -0.7025481379451567 0.5076834417883002 -0.5279727563963743 -0.04033956316549814 0.0 0.0 
r -1.1291700456092477 -0.7049912438807788 0.5071618856871385 -0.5318157428242323 -0.044138695410547824 0.0 0.0 
r -1.1275958049412975 -0.7075088627340834 0.5067246374273225 -0.5341990392055751 -0.04579867495450657 0.0 0.0 
r -1.1259551059677337 -0.7099964476852944 0.5063832460389588 -0.535179756527989 -0.04539932216154979 0.0 0.0 
r -1.1243122003586845 -0.7123518654778351 0.5061545344053988 -0.534790958954279 -0.04295028884360391 0.0 0.0 
r -1.1227212416597026 -0.7144785941890487 0.5060620211261666 -0.5330445982209837 -0.03839578263778953 0.0 0.0 
r -1.121224234166836 -0.7162882021487408 0.5061359446458366 -0.5299336306468669 -0.03162054254966307 0.0 0.0 
r -1.11985044889586 -0.7177011682212274 0.5064131065158223 -0.5254313482309128 -0.022458986333042386 0.0 0.0 
r -1.1186165968484878 -0.7186461973147895 0.5069372235719062 -0.519492756100653 -0.010705168873578974 0.0 0.0 
r -1.11752601305343 -0.7190638789497252 0.5077567004928679 -0.5120560340216753 0.00387805898499205 0.0 0.0 
r -1.1165710130010646 -0.7189042957217838 0.5089242408831843 -0.5030387029073466 0.02154733704343892 0.0 0.0 
r -1.115734164647617 -0.7181287037732106 0.5104942315188509 -0.49233336310006653 0.042567892209410485 0.0 0.0 
r -1.1149901815032903 -0.7167081696443904 0.5125221299277686 -0.4798004720381441 0.06720251097440999 0.0 0.0 
r -1.114306927232472 -0.7146269465044777 0.5150607585523052 -0.465260823673228 0.09570136987384847 0.0 0.0 
r -1.1136473777633022 -0.7118824669939513 0.5181584296237239 -0.448478710111374 0.12828857253103276 0.0 0.0 
r -1.1129691352126694 -0.7084900734873492 0.521855504268327 -0.42914548910765976 0.16514977046716228 0.0 0.0 
r -1.1122279585640034 -0.7044824640494344 0.5261809623673943 -0.40684780954023253 0.2064138361087866 0.0 0.0 
r -1.1113782477677119 -0.6999141255525786 0.5311476289183608 -0.38103031650233715 0.2521315276919106 0.0 0.0 
r -1.1103744557170665 -0.6948636368747938 0.5367478296235692 -0.35094387844405833 0.30225109116503235 0.0 0.0 
r -1.1091740816846287 -0.6894327875071654 0.5429496944441642 -0.31556429403305647 0.3565884924758995 0.0 0.0 
r -1.107742750165813 -0.6837446939238342 0.5496916713552158 -0.27349115798321905 0.4148015385477075 0.0 0.0 
r -1.1060540543470596 -0.6779425842603743 0.5568819846118326 -0.22280901337387155 0.4763670107564596 0.0 0.0 
r -1.1040962720280896 -0.6721821798167819 0.5643962950329743 -0.16091421963410596 0.5405736565431546 0.0 0.0 
r -1.1018754617950117 -0.6666228722400571 0.572080945127509 -0.08433683660115349 0.6065359802511435 0.0 0.0 
r -1.0994203055315033 -0.6614168081603807 0.5797570170753616 0.011340078269295228 0.6732349687782102 0.0 0.0 
r -1.0967853984762939 -0.6566978620086181 0.587227328505556 0.1311766889200116 0.7395813715670325 0.0 0.0 
r -1.0940532772915301 -0.6525703014129765 0.5942862871993844 0.2795858016806349 0.8044954847843457 0.0 0.0 
r -1.0913333893147925 -0.6491063295012818 0.6007255885626892 0.4573268066259995 0.8669881608719876 0.0 0.0 
r -1.088767421959767 -0.6463311462191197 0.606345061185951 0.6573766992752834 0.9262241025922321 0.0 0.0 
r -1.0865197439261014 -0.6442328745942648 0.610956347560652 0.8636175457274184 -2.1600289120934697 0.0 0.0 
r -1.0847808039912696 -0.6427583835377323 0.6143846915204672 1.056741787271761 -2.109014480709061 0.0 0.0 
r -1.0837610421218327 -0.6418230817304489 0.6164669334237396 1.2233513227912138 -2.062551472612799 0.0 0.0 
r -1.0836868643889142 -0.641319298982662 0.6170473205531801 1.3594623684623832 -2.0206865861812897 0.0 0.0 
r -1.0847967864149275 -0.6411272362434571 0.6159695132035722 1.467668869204186 -1.9833147636471131 0.0 0.0 
r -1.0873351703684258 -0.6411270978188403 0.6130692872168816 1.5531042470859593 -1.9502098779156407 0.0 0.0 
r -1.0915463175010303 -0.641209477571933 0.6081679541977605 1.6210180167434525 -1.9210514825694747 0.0 0.0 
r -1.0976668155512037 -0.6412883278635569 0.6010650022844931 1.675861031745802 -1.8954456435823865 0.0 0.0 
r -1.1059112817299528 -0.6413141444114199 0.5915384616377009 1.7211221969570631 -1.8729461400997267 0.0 0.0 
r -1.116464824522133 -0.6412791878673458 0.5793464657083854 1.7594316302217432 -1.8530700163505056 0.0 0.0 
r -1.1294634095857126 -0.6412351296098652 0.564233206159892 1.7927035082003495 -1.8353127663525872 0.0 0.0 
r -1.1449783067933756 -0.641306983373805 0.5459388383921944 1.8222503252417928 -1.8191616980319965 0.0 0.0 
r -1.1629983403744375 -0.6417132980365761 0.5242145096208329 1.8488739628775057 -1.804109281137178 0.0 0.0 
r -1.1834136631166594 -0.6427971999538569 0.49883955536871755 1.872894748336561 -1.7896670329609945 0.0 0.0 
r -1.2060022501000256 -0.6450746867427989 0.46964207400903085 1.894158001983375 -1.775378405861559 0.0 0.0 
r -1.230422889984351 -0.6493064901178089 0.43652487363584763 1.9119914997749368 -1.7608350355456481 0.0 0.0 
r -1.2562157691379647 -0.6566189367203916 0.3994915373403256 1.9251147052473214 -1.7456922225107212 0.0 0.0 
r -1.2828150760094243 -0.6687011132927325 0.35867332023630744 1.9314458281358593 -1.729686116924166 0.0 0.0 
r -1.309569908737526 -0.6881465462625959 0.3143552022893212 1.9277405920969903 -1.7126500114383751 0.0 0.0 
r -1.3357763572151788 -0.7190510937057163 0.26699827452144387 1.908852785521878 -1.6945327873394709 0.0 0.0 
r -1.3607158265845678 -0.7681047255925675 0.2172483922542935 1.8662223592701255 -1.675407930076393 0.0 0.0 
r -1.3836945910722642 -0.8465348529120982 0.165935794571137 1.7847027600884433 -1.6554809098649308 0.0 0.0 
r -1.4040836085911268 -0.9731099068639194 0.11405504730016826 1.6363373516045427 -1.6350839402954858 0.0 0.0 
r -1.4213528606434216 -1.1755868741617375 0.06272737505888598 1.373959376570447 -1.6146589215237215 0.0 0.0 
r -1.4350956729121997 -1.4748093650607612 0.013145682629536462 0.9634141666405376 1.546864627611015 0.0 0.0 
r -1.4450461185594188 1.3117564410114215 -0.03348726055334482 0.5076418328809915 1.5657335126971577 0.0 0.0 
r -1.4510867299449086 1.0063005967987966 -0.07602112315498998 0.17103177589203128 1.582963588668306 0.0 0.0 
r -1.4532464964611478 0.8034720177670366 -0.1134120109165045 -0.03514799193046397 1.5980022671645482 0.0 0.0 
r -1.4516925801527851 0.6873526687065594 -0.14476034038893948 -0.16106700887702868 1.6103430333574091 0.0 0.0 
r -1.4467088270858424 0.6302729965435613 -0.16933287808845804 -0.24160677792229984 1.6195399229595868 0.0 0.0 
r -1.438670387656513 0.6134355237653547 -0.1865712957732348 -0.294872356794132 1.6252140208742318 0.0 0.0 
r -1.4280098911613168 0.6264817983463726 -0.1960889604387283 -0.3297455374676565 1.6270531081556447 0.0 0.0 
r -1.4151814120174484 0.6644893776280348 -0.19766388281762312 -0.35018102458515704 1.6248125498969002 0.0 0.0 
r -1.4006253092236953 0.725908454624394 -0.1912322219508061 -0.3572457726775686 1.6183180330662486 0.0 0.0 
r -1.3847363516976565 0.8112362942345381 -0.17688453268197757 -0.349966360891019 1.6074731253123398 0.0 0.0 
r -1.3678422790191849 0.9217889536786307 -0.15486822648681167 -0.3255450458621029 1.5922730244031358 0.0 0.0 
r -1.3501922100759087 1.058016733039131 -0.12559342612961033 -0.2792074507074482 1.572821981454074 0.0 0.0 
r -1.3319567056443036 1.2171679225041185 -0.0896413990815245 -0.2039591980104864 1.5493538831192661 0.0 0.0 
r -1.3132356110391084 1.3912637257669336 -0.04776928224721614 -0.090956567309393 1.5222470814654532 0.0 0.0 
r -1.294072769503367 1.5676097475385118 -0.0009050241103288099 0.06762782160930397 1.4920316306629853 0.0 0.0 
r -1.2744748851077836 -1.4087521599128339 0.04986999208813687 0.2705971256673156 1.459381469797274 0.0 0.0 
r -1.2544309297453569 -1.2639415087569208 0.10335880959703744 0.4977777693629027 1.4250870301271916 0.0 0.0 
r -1.2339306861274364 -1.1431031034901493 0.1583031016985477 0.7142929777935174 1.390009341069326 0.0 0.0 
r -1.212980138723478 -1.0454479952466365 0.2134493195110122 0.892904621984248 1.355023001162305 0.0 0.0 
r -1.1916128465006206 -0.9680863561757308 0.26761636850424037 1.0264862648412727 -1.8206377365189983 0.0 0.0 
r -1.1698993296661278 -0.9076161303315647 0.3197554334332708 1.1210332602731095 -1.8530613258880089 0.0 0.0 
r -1.147950777241407 -0.8608881691308824 0.36899496911116225 1.1858867319070867 -1.8832569468089142 0.0 0.0 
r -1.1259187389278993 -0.8252566089579828 0.41466252654567853 1.2292947707715969 -1.9107992663150508 0.0 0.0 
r -1.1039894972596533 -0.798584918941062 0.4562899329227073 1.257484318553568 -1.9354245241510881 0.0 0.0 
r -1.0823797112164202 -0.7791656769104561 0.4935997591269724 1.274949540114302 -1.9570149116987992 0.0 0.0 
r -1.0613217064465221 -0.7656311122555572 0.5264842680147833 1.2849156235196908 -1.9755746793432682 0.0 0.0 
r -1.041051265918631 -0.7568712004396465 0.5549773751938363 1.2897230572773484 -1.9912030067251794 0.0 0.0 
r -1.0217929247303887 -0.7519693577611439 0.5792273992114922 1.291097692758824 -2.004067098057995 0.0 0.0 
r -1.0037482067139485 -0.7501539412964041 0.5994702914282419 1.2903355290108183 -2.0143776391359447 0.0 0.0 
r -0.9870847494375307 -0.750765980583301 0.6160050907864054 1.2884138641850493 -2.0223699098859367 0.0 0.0 
r -0.9719313304959741 -0.7532308580695047 0.629176299332352 1.2860761370560991 -2.0282908166247537 0.0 0.0 
r -0.9583692211367393 -0.7570538848739379 0.6393517086470542 1.283878809955978 -2.0323853101476472 0.0 0.0 
r -0.9464405412263307 -0.7617997986488824 0.6469095310795777 1.282232009598988 -2.0348916251752573 0.0 0.0 
r -0.9361432855599536 -0.7670964308775602 0.6522249337728666 1.281414821178837 -2.036037631878721 0.0 0.0 
r -0.9274411111450036 -0.7726263451244773 0.6556592119995046 1.2815987605526995 -2.0360383573558254 0.0 0.0 
r -0.9202686121305329 -0.7781262630094061 0.6575502800452386 1.2828586515060743 -2.035094341256827 0.0 0.0 
r -0.9145371892998211 -0.7833843157628169 0.6582071904585871 1.2851842570541299 -2.0333926731705247 0.0 0.0 
r -0.9101416228613911 -0.7882375828984092 0.6579051222389882 1.2884936239148097 -2.031105562325985 0.0 0.0 
r -0.9069656976555838 -0.7925687918669172 0.6568828900971321 1.2926457291110947 -2.0283902685931876 0.0 0.0 
r -0.9048859843081335 -0.7963007589441079 0.6553448304835667 1.297458282927149 -2.025390175091607 0.0 0.0 
r -0.9037790265908509 -0.7993912343866308 0.6534590480422281 1.302726163343128 -2.022231354017407 0.0 0.0 
r -0.9035181777876996 -0.8018327568974983 0.6513611695277122 1.3082355950770947 -2.0190234703888477 0.0 0.0 
r -0.9039807540294538 -0.8036420654824032 0.6491579267156679 1.3137875743093543 -2.0158584627052973 0.0 0.0 
r -0.9050476337668513 -0.8048573477274349 0.6469306599225105 1.3192141030975286 -2.0128102106714585 0.0 0.0 
r -0.9066043182709035 -0.8055332552971184 0.644739488808818 1.3243778878222743 -2.0099354440228767 0.0 0.0 
r -0.9085417408838388 -0.8057361017908663 0.6426275060005706 1.32918983128301 -2.0072737022227933 0.0 0.0 
r -0.9107578979367841 -0.8055382711734483 0.6406248498317749 1.3336052548143393 -2.0048493886644336 0.0 0.0 
r -0.9131595069736477 -0.8050151845498879 0.6387502155716562 1.337620023019641 -2.00267181822321 0.0 0.0 
r -0.9156623796246981 -0.8042412194749403 0.6370145649809573 1.3412644266733371 -2.000738567080293 0.0 0.0 
r -0.9181919388323433 -0.8032860595409039 0.6354241985232583 1.3445931038213634 -1.9990382359495484 0.0 0.0 
r -0.9206859796387501 -0.8022114812680315 0.6339811142674965 1.3476723010342078 -1.9975526264304986 0.0 0.0 
r -0.9230938882586855 -0.8010705255970301 0.6326845351723116 1.3505749921053247 -1.996258612663027 0.0 0.0 
r -0.925377759079853 -0.7999052322852964 0.6315318940106405 1.353367412530014 -1.9951316576194675 0.0 0.0 
r -0.9275118873493314 -0.798747386029277 0.6305185314908344 1.3561024558174308 -1.994146642907733 0.0 0.0 
r -0.9294810272066395 -0.7976197034362801 0.6296382021603609 1.3588148215818912 -1.993280383643246 0.0 0.0 
r -0.9312803287359446 -0.7965355638893162 0.6288833129261595 1.3615130906742472 -1.9925138163130247 0.0 0.0 
r -0.9329134318575677 -0.7955003226706114 0.6282454972485807 1.3641798274626302 -1.9918338300800207 0.0 0.0 
r -0.9343890760052852 -0.7945144361834209 0.6277159639915935 1.3667723480371767 -1.991233762482732 0.0 0.0 
r -0.9357196774804938 -0.7935748559706667 0.6272855616860505 1.3692245358568784 -1.9907137734252722 0.0 0.0 
r -0.9369186200274637 -0.7926772677579724 0.6269453340456064 1.3714518232031234 -1.9902806406364284 0.0 0.0 
r -0.9379981809969029 -0.7918176631233365 0.6266870915173092 1.3733579326356262 -1.9899469683710969 0.0 0.0 
r -0.9389687043217265 -0.790993589592091 0.6265030544351412 1.374840830328836 -1.9897294545412456 0.0 0.0 
r -0.9398369785560478 -0.7902051465080273 0.6263865327097408 1.3758046237367332 -1.9896463006005267 0.0 0.0 
r -0.9406057039975372 -0.7894561260638562 0.626331384498521 1.3761644810587261 -1.989714776202956 0.0 0.0 
r -0.9412728897722737 -0.7887550847281081 0.6263316099029024 1.3758528783794735 -1.9899485315913148 0.0 0.0 
r -0.9418320005122593 -0.7881155257914315 0.626381038646769 1.3748223393100878 -1.9903557462667834 0.0 0.0 
r -0.942273292780443 -0.7875545223091538 0.6264733062646877 1.3730471441834242 -1.990937818066291 0.0 0.0 
r -0.9425842167522456 -0.7870928276475633 0.6266013439923435 1.3705239549639838 -1.9916882234679585 0.0 0.0 
r -0.9427506673862832 -0.7867537917133155 0.6267571496783915 1.3672670399983602 -1.9925928883582213 0.0 0.0 
r -0.9427581458264624 -0.7865616798891335 0.6269322110842142 1.3633010586557412 -1.9936322148511316 0.0 0.0 
r -0.9425937268796948 -0.7865390739312307 0.6271179939092136 1.358660351115939 -1.9947825954882474 0.0 0.0 
r -0.9422474854642694 -0.7867050950380385 0.6273061906638222 1.3533846022451523 -1.9960181011373392 0.0 0.0 
r -0.9417142819709935 -0.7870728370249067 0.6274893673726849 1.347515209997739 -1.9973132623878755 0.0 0.0 
r -0.9409949549254878 -0.7876476959470295 0.6276613608054231 1.3410965776061181 -1.9986444505580119 0.0 0.0 
r -0.9400973429361981 -0.7884258069645248 0.62781775739712 1.3341773751703234 -1.9999911690965362 0.0 0.0 
r -0.9390366830874779 -0.7893939235707473 0.6279556376918826 1.326812971236958 -2.001336807449916 0.0 0.0 
r -0.9378360986375793 -0.790528580498766 0.6280739253299039 1.319071741053665 -2.002668078342066 0.0 0.0 
r -0.936525258365828 -0.7917982956539126 0.6281726783867219 1.3110374823188347 -2.003974141461242 0.0 0.0 
r -0.9351398031291299 -0.7931653625836315 0.6282520041992873 1.3028152717206691 -2.0052446294393205 0.0 0.0 
r -0.9337193140351508 -0.7945892525561552 0.6283108892547131 1.294529200196162 -2.006468669853998 0.0 0.0 
r -0.9323038460217156 -0.7960294912996246 0.6283479371127765 1.2863188768639104 -2.0076344498824366 0.0 0.0 
r -0.9309340247071867 -0.7974480387209852 0.6283590137780627 1.2783322393602887 -2.008727712882166 0.0 0.0 
r -0.9296480049850683 -0.7988113597835408 0.6283382898294998 1.2707204255266122 -2.0097323523408 0.0 0.0 
r -0.9284797350458899 -0.8000938965939137 0.6282766319862981 1.2636233768565244 -2.01063049043777 0.0 0.0 
r -0.9274575890223945 -0.8012786992822573 0.6281623204897269 1.2571596279317554 -2.0114041505592923 0.0 0.0 
r -0.926603682257211 -0.8023576160858878 0.6279815062324807 1.2514200228605536 -2.0120363872445406 0.0 0.0 
r -0.9259341451836933 -0.8033312908897629 0.6277179069427778 1.2464520218628445 -2.0125135261203724 0.0 0.0 
r -0.9254587496827589 -0.8042087614803549 0.627353535214204 1.2422551965810251 -2.012826599598345 0.0 0.0 
r -0.925181617320513 -0.8050057816578493 0.6268695822313153 1.2387800605762413 -2.0129728447712107 0.0 0.0 
r -0.9251021983330814 -0.8057439164562188 0.6262463125379898 1.2359233609823315 -2.0129566497967097 0.0 0.0 
r -0.9252169236998061 -0.8064489121436595 0.6254629964721228 1.2335337788664076 -2.012788791563927 0.0 0.0 
r -0.9255206610709077 -0.8071486646763489 0.6244984284713908 1.2314193086347933 -2.01248623219797 0.0 0.0 
r -0.9260081693241149 -0.80787297729258 0.6233297544478016 1.229357629541009 -2.012069648523048 0.0 0.0 
r -0.9266746294543147 -0.808652762062029 0.6219327472120649 1.227110622612669 -2.011561130644648 0.0 0.0 
r -0.9275189336093661 -0.8095179122414422 0.620280627658449 1.2244428557162708 -2.0109801120817883 0.0 0.0 
r -0.9285425282042624 -0.8104971027315269 0.6183454477519277 1.2211372857494884 -2.0103420497102413 0.0 0.0 
r -0.9297504641946945 -0.8116165652921306 0.61609827179235 1.2170111921035305 -2.0096550510819036 0.0 0.0 
r -0.93115076383567 -0.8128986759655941 0.6135111929419621 1.2119343257952333 -2.008918523607166 0.0 0.0 
r -0.9327528234266967 -0.8143616641231594 0.6105592295891229 1.20583941858162 -2.008122423672958 0.0 0.0 
r -0.9345658827971726 -0.8160172389435825 0.6072240984613893 1.1987310979918206 -2.0072482532731413 0.0 0.0 
r -0.9365955521667252 -0.8178701769246989 0.6034980017468181 1.1906861975914926 -2.006271557566855 0.0 0.0 
r -0.9388407448519194 -0.8199167376372104 0.5993880489988141 1.1818493937807146 -2.0051662189038746 0.0 0.0 
r -0.9412903525343645 -0.8221429265324497 0.5949209714838553 1.1724230471097845 -2.003909337347988 0.0 0.0 
r -0.9439205154932399 -0.824523199175791 0.5901467143125582 1.1626513124498346 -2.0024872039935135 0.0 0.0 
r -0.946691947556642 -0.8270206424256455 0.5851404727469577 1.152801538987766 -2.00089985734344 0.0 0.0 
r -0.9495500599480712 -0.8295851990346792 0.5800037119170259 1.143147667541899 -1.9991656697307243 0.0 0.0 
r -0.9524250582211632 -0.8321555121921779 0.5748618114196687 1.133951619158806 -1.9973231353016025 0.0 0.0 
r -0.9552340938723591 -0.8346599892523837 0.5698604958010294 1.1254499564741494 -1.995431056023758 0.0 0.0 
r -0.9578855468591447 -0.837019717340522 0.5651586781544529 1.1178445216609965 -1.9935654789422883 0.0 0.0 
r -0.9602837696625759 -0.8391527135360827 0.5609199484764655 1.1112984227749638 -1.9918140862119142 0.0 0.0 
r -0.9623360605628619 -0.8409777729376778 0.5573026692483212 1.105936569087234 -1.990269203251255 0.0 0.0 
r -0.9639586356624236 -0.8424204515361551 0.554449485484814 1.1018489650054253 -1.9890189661514905 0.0 0.0 
r -0.9650819196724271 -0.8434193764878075 0.5524774908332986 1.0990951908967836 -1.988138833624804 0.0 0.0 
