l 2.693085097679885 2.6680616289976733 -1.812556070734809 0.9284437679428137 0.8279497124262233 0.0 0.0 
l 2.053976980271729 2.9533492636999723 -1.9190846328335467 2.656013427211569 0.8412658483386353 0.0 0.0 
l -1.642722865621519 3.1674192521030675 -1.9150494313232713 1.924507475084275 0.7972606153623023 0.0 0.0 
l -1.635161116735556 3.1626908135320275 -1.8871849360376047 1.9344168174355654 0.8126981688170514 0.0 0.0 
l -1.8942499025622301 3.2503827847348754 -1.8857638068009395 1.9410494005108407 0.8090518080514313 0.0 0.0 
l -1.8744924654584858 3.235296420110806 -1.8621411977044455 3.353443675765412 0.8607463896803756 0.0 0.0 
l 1.6101125444172775 3.1297955038384973 -1.8621773361489968 3.070985860224061 0.8822053444503793 0.0 0.0 
l 2.415382179998705 2.8898529008690046 -1.7953634323154644 2.7317795686273714 0.927220428627295 0.0 0.0 
l 2.3071179217145827 2.9164988812455954 -1.818247290071974 2.5453949367966735 0.9099299995484262 0.0 0.0 
l 2.298210055434009 2.922285143659781 -1.816118265319019 2.452217791356702 0.8774673875548906 0.0 0.0 
l 2.768714609521383 2.722231149661389 -1.7434498761974107 2.826690819471171 0.8375200266035058 0.0 0.0 
l 2.6668078323075637 2.726793388856912 -1.7933852932284227 2.6745877329399876 0.8462030244697423 0.0 0.0 
l 2.603259325127297 2.724636235315262 -1.8293757998123303 2.635567843444761 0.8716745948073081 0.0 0.0 
l 2.173008105042385 3.0169273885324452 -1.7511220541120687 2.8460931712664435 0.8793090131282988 0.0 0.0 
l 2.2877601199057187 2.959235244052396 -1.779267895386574 2.5456167201135833 0.9174335435133237 0.0 0.0 
l 2.299011503356193 2.939163173481956 -1.7970219866115704 2.7624794851852257 0.8781055133536989 0.0 0.0 
l 2.3558382130837296 2.8598093903584876 -1.8527699722313433 3.0253060697674146 0.9045545652411991 0.0 0.0 
l 2.3207134527436004 2.8761942543968164 -1.854728805930368 2.8915746079668323 0.9116127814191722 0.0 0.0 
l 2.390922372638358 2.8749634682018974 -1.8202794786208887 3.148481683971281 0.8728991129648498 0.0 0.0 
l 2.433539861273732 2.8656349885835892 -1.8086533113761094 3.2567553923754544 0.8587298239041795 0.0 0.0 
l 2.468788525171673 2.866252890505009 -1.79222153988737 2.920814709708635 0.9569944819969943 0.0 0.0 
l 2.56561547734786 2.8406745373935953 -1.7696788974293551 2.927932183984746 0.932764530992384 0.0 0.0 
l 2.575015954308295 2.828271833655365 -1.7740579440527096 3.2469646319377854 0.9224727928401406 0.0 0.0 
l 2.592953557315818 2.8040019060534545 -1.7821524987066473 3.184706566233558 0.8809419991579872 0.0 0.0 
l 2.5886145161721315 2.7179562623531073 -1.842251682547883 3.47084987650438 0.8582982356729968 0.0 0.0 
l 2.545869241939428 2.741874574582708 -1.8497081155920552 3.3772975069064084 0.783126764664547 0.0 0.0 
l 2.520930079033632 2.719064440690033 -1.8817953748181333 3.446573285665107 0.8104356280597071 0.0 0.0 
l 2.265720902335344 2.887920998998346 -1.8723050921661442 0.36323437043028367 0.770517050262978 0.0 0.0 
l 2.419290297113783 2.8057503164457303 -1.8691919257195102 0.45133154245735524 0.7175130915356778 0.0 0.0 
l 2.3495527555438347 2.866057659694161 -1.8498287546718108 0.4690941908963702 0.702558339553236 0.0 0.0 
l 2.2713833385548345 2.947667792912646 -1.7996062107018247 0.4730663818125285 0.6910702357267784 0.0 0.0 
l 2.252225921110307 2.97461321561293 -1.7757007508871074 0.4295208275491274 0.6700275400639569 0.0 0.0 
l 2.251967099374749 2.981161738149615 -1.7678380296177916 0.3052449118959431 0.7103119353589648 0.0 0.0 
l 2.1909565350020133 2.9991047739599623 -1.7690398415651487 0.4290704742567218 0.7338203055239525 0.0 0.0 
l 2.1408593939690457 3.0157052304882153 -1.7657085307558593 0.40858594197554826 0.7572718567644747 0.0 0.0 
l 2.1472516543684455 3.017134674061714 -1.7609072546039968 0.9764910073251098 0.8756905537449886 0.0 0.0 
l 2.127284893583912 3.019194644118878 -1.7660257195519666 0.7463371318304008 1.004997915909403 0.0 0.0 
l 2.073043478348222 3.0305925086545673 -1.7710150820438217 0.6983342404100721 1.1203601207455525 0.0 0.0 
l 2.0396999579897654 3.0372774966067286 -1.774594710309883 1.3754910090403134 1.238845596168844 0.0 0.0 
l 1.9952433772541496 3.047678019380667 -1.776281468692729 3.5557597477535428 -1.7424904180975638 0.0 0.0 
l 2.3346121220002303 2.8475261832139673 -1.8770571437460304 3.559143311087439 -1.610292204277245 0.0 0.0 
l 2.364852330494359 2.8470981170658662 -1.8605155484714921 -1.0489109245483734 -1.7632700411884417 0.0 0.0 
l 2.3493088401333235 2.871218507502226 -1.844736142036695 3.8405281638093856 -1.5020849256489632 0.0 0.0 
l 2.3160467312312054 2.893757353967372 -1.8384342638849867 3.945314589344113 -1.4693590496029436 0.0 0.0 
l 2.3182659261301586 2.9051727760938326 -1.8251001110001706 4.006417738571554 -1.430264161947781 0.0 0.0 
l 2.372779865772346 2.8894146321673233 -1.8150737302420383 4.070272658359744 -1.4022756795752034 0.0 0.0 
l 2.42201583514463 2.874424556158562 -1.8062078813734208 4.19905064771094 -1.4219738050034858 0.0 0.0 
l 2.48349300216095 2.8548211456279344 -1.7949423359196675 4.23647530758918 -1.4181973080979033 0.0 0.0 
l 2.514070170806661 2.843452499393062 -1.7901041028861278 4.230187167269125 -1.4695046061599981 0.0 0.0 
l 2.5364749236964217 2.8461276823996586 -1.7782945716795342 4.273277741879593 -1.5015333816605085 0.0 0.0 
l 2.4928586647199467 2.861052667509618 -1.7858863459088348 4.29310125645784 -1.5944782471646128 0.0 0.0 
l 2.501339069449995 2.8524020951336797 -1.7889127821452167 4.456012854128153 -1.7352042252422795 0.0 0.0 
l 2.4716896620331057 2.8725055842014844 -1.7858589006485959 4.377414997527515 -1.8004500902015472 0.0 0.0 
l 2.3722067702302434 2.926361727428471 -1.7794408554253154 4.186977792893226 -1.9007963045268377 0.0 0.0 
l 2.3990741673476927 2.9086679692652537 -1.7851620758583702 4.543760302749932 -1.9706752637508407 0.0 0.0 
l 2.3961397043942734 2.9102739809128644 -1.7848952037299755 0.7452149130109706 1.0501499042614078 0.0 0.0 
l 2.4120718372406076 2.913618492523722 -1.7753233363629173 0.5516625267516733 1.0895666789883536 0.0 0.0 
l 2.4543032625041095 2.901908597733752 -1.7687552899792602 0.6323748518762708 0.9223868085398703 0.0 0.0 
l 2.4433156732530765 2.9124160085319795 -1.7641489837906317 0.72566481107569 0.8248737557603352 0.0 0.0 
l 2.5120239631049666 2.874662485286607 -1.7674227152947255 0.7330169218079663 0.7705503637136846 0.0 0.0 
l 2.510334057651458 2.8668904449492323 -1.7739813536060338 0.7815379820217319 0.7243053634662622 0.0 0.0 
l 2.660405321650488 2.75175087727664 -1.782117287872976 1.3592882314642523 0.7076296703306771 0.0 0.0 
l 2.618639983308374 2.790132389645992 -1.7791189213986471 1.384207482597813 0.5950957857157142 0.0 0.0 
l 2.6020111817475975 2.8081308117880193 -1.7753391156329301 1.372909011771872 0.5972516287498548 0.0 0.0 
l 2.698359959396658 2.745047304560769 -1.7670230064726717 1.3637319580236231 0.5966597586613945 0.0 0.0 
l 2.7300278436520378 2.7173850631683494 -1.765433396794357 1.3541916072658209 0.5763649839030267 0.0 0.0 
l 2.664103695599544 2.7640451901507133 -1.7731825066048597 1.3566792488741652 0.5831225357817111 0.0 0.0 
l 2.6685651185064687 2.7675805321076004 -1.7690251339896 1.3456016638505146 0.568108197177276 0.0 0.0 
l 2.656708686569225 2.746533858006448 -1.7870412520297845 1.2925729816297322 0.5756112074007134 0.0 0.0 
l 2.604845562445268 2.7789169768329707 -1.7928581721495322 1.3119660056602835 0.5764116226890197 0.0 0.0 
l 2.64274552602461 2.7240708805591654 -1.8079273099281312 1.3205551765527 0.5738263520342152 0.0 0.0 
l 2.662867694228281 2.7149465112480966 -1.8024769416629487 1.34031352304144 0.5800937460691251 0.0 0.0 
l 2.6048535110074953 2.7697243098583417 -1.7988209422772532 1.3551914350410887 0.6108381601264381 0.0 0.0 
l 2.5373506072250107 2.8060711435763546 -1.8070413275624464 1.379160500749191 0.6983362757294078 0.0 0.0 
l 2.187162559696817 2.9898226942540935 -1.7834250883584006 1.4286969161563432 0.8502076403885677 0.0 0.0 
l 2.411182047666713 2.90476637383015 -1.783692263820487 1.4588030253288113 0.962040132308817 0.0 0.0 
l 2.3901599798018007 2.8951344690645873 -1.8016445264755347 1.3750013024671137 1.1924647007658462 0.0 0.0 
l 2.4307818760846454 2.866290931779974 -1.8093585263189758 1.2033164384389066 1.2741955434842138 0.0 0.0 
l 2.433579586261553 2.8606657071890416 -1.8129766211913165 4.001590326748866 -1.7599535878172579 0.0 0.0 
l 2.4483579176139902 2.850974295988147 -1.8143416230720595 3.72750134938142 -1.709052636143609 0.0 0.0 
l 2.444254461732763 2.8540866806421428 -1.8136289700552795 3.659383953330029 -1.6438590090733274 0.0 0.0 
l 2.3640807857479693 2.906184773148672 -1.8026517862938132 0.1506381311135379 -1.640975915412651 0.0 0.0 
l 2.316939636112165 2.9321278817851266 -1.796830533004989 0.2583582646876004 -1.616453011409347 0.0 0.0 
l 2.2842177878623557 2.9466181773754188 -1.7951294713121526 3.6759569899425757 -1.5599679468807095 0.0 0.0 
l 2.2633420155128863 2.9543213596390423 -1.7953507106792588 3.7544998611993385 -1.5201717390226606 0.0 0.0 
l 2.2387486326511095 2.9649693552551404 -1.7932863506969394 3.7934836699953802 -1.451553912216043 0.0 0.0 
l 2.194690237706374 2.9833135497535963 -1.789012200619428 3.812321073201738 -1.4214116335701623 0.0 0.0 
l 2.1801149427683324 2.986287029083031 -1.791480308161402 3.8710203764213826 -1.4219135371235716 0.0 0.0 
l 2.053043072610842 3.031933215785229 -1.7781040123227712 3.870397598833561 -1.4697653279793617 0.0 0.0 
l 2.1351481089371402 3.008046177351882 -1.7799210523018951 3.874604765095536 -1.440465071931042 0.0 0.0 
l 2.0206656355724917 3.04479891378741 -1.7692238855225795 3.9702661799139163 -1.445323318104648 0.0 0.0 
l 2.307997609318246 2.94632026960953 -1.7852859825064102 3.90827350900802 -1.4804017570189216 0.0 0.0 
l 2.4927303147944784 2.863051752776172 -1.7843751416102398 3.961748808877524 -1.5139521313921207 0.0 0.0 
l 2.5020149639522957 2.864683170672369 -1.7791493104415115 3.945648649496392 -1.573013286955417 0.0 0.0 
l 2.48970323886707 2.8740236398032786 -1.7770441986825851 3.614668084570787 -1.587257369551434 0.0 0.0 
l 2.4749353566275536 2.8904705152108576 -1.7699709318379557 3.7258975852535796 -1.6640615111615928 0.0 0.0 
l 2.3492667727298033 2.9392209336641093 -1.7759135842881697 3.5509692988740778 -1.753403022351891 0.0 0.0 
l 2.597442171970664 2.8361669741668702 -1.7593091767695814 -0.35040148063705184 -1.8319998243458342 0.0 0.0 
l 2.6548462503772434 2.760826292692202 -1.7795559553300337 -0.9417547314305799 -1.9194129623670242 0.0 0.0 
l 2.6332593812499083 2.7426388514424493 -1.8014964239022857 1.145982499600345 1.0964635456652405 0.0 0.0 
l 2.56677739281492 2.780051993619804 -1.8110329569364882 1.2074550854571846 1.0526972950378584 0.0 0.0 
l 2.556575662148311 2.7673318581685384 -1.8253125903076381 1.0305352610437768 0.9804212675976178 0.0 0.0 
l 2.488692813789907 2.7889213540184015 -1.8451840281663563 1.082175646520614 0.9211406793437622 0.0 0.0 
l 2.1661897240250214 2.9287953983119643 -1.8795643276670904 1.0281086183942476 0.8497290595648546 0.0 0.0 
l 2.0692801303528148 2.994018528756502 -1.837389852445065 0.9895774694922277 0.7882480015239369 0.0 0.0 
l 2.1581005608948094 2.935966374627367 -1.8744419823791667 0.8935519481773622 0.7464843954928837 0.0 0.0 
l 2.2084319650936632 2.9118969509874377 -1.8765055725893334 0.9728513243050563 0.7742529787080552 0.0 0.0 
l 2.2684873227807305 2.8865896345313087 -1.8722612973883908 0.9196762924517288 0.7161724213474265 0.0 0.0 
l 2.3405239399938966 2.8677878771061462 -1.8528710766227467 0.8288929677657388 0.7137033797779944 0.0 0.0 
l 2.3706914175467713 2.8487971566968477 -1.8556747509812213 0.7770236949509803 0.7028044364832373 0.0 0.0 
l 2.313760068484153 2.875560708659279 -1.8591831192669739 0.8039074852449877 0.707102643505435 0.0 0.0 
l 2.2271868798891212 2.922327066401941 -1.852395683142607 1.3212616500661507 0.6638705229924631 0.0 0.0 
l 1.9250145701028774 3.0415905959090312 -1.835733575801876 1.3457135564048255 0.6528230148291814 0.0 0.0 
l 1.8338933170999296 3.07735984495873 -1.8052161726379221 1.3521254943971437 0.6352967089855714 0.0 0.0 
l 1.7937991724005187 3.0880196858426596 -1.8029963059176464 0.8038007557463964 0.774479231319277 0.0 0.0 
l 1.7106273763027016 3.1082528109815124 -1.803466091541872 0.874545427970711 0.8451953013023171 0.0 0.0 
l 1.7093244193636221 3.1096838088612224 -1.7958619614615892 0.9548033035222081 0.8971579465293108 0.0 0.0 
l 1.667415872991897 3.119744528325274 -1.792545799517257 0.839587730818735 1.0005755551327813 0.0 0.0 
l 1.6839318417350637 3.116395364679989 -1.7890759045904956 0.9086450786078719 1.082768810281691 0.0 0.0 
l 2.023041675522319 3.0215405769895627 -1.8141767506769102 1.0035851459172418 1.152099392011082 0.0 0.0 
l 1.9974687944125349 3.0297921682443585 -1.8129132032916027 0.7819620354570864 1.2173704913644854 0.0 0.0 
l 2.0531551480161516 3.0161151600991225 -1.807195552584679 1.3049548798420088 1.2896422387993072 0.0 0.0 
l 2.126278697154116 2.9913556881856533 -1.8100183827507967 -1.2504942951455658 -1.7815526383745361 0.0 0.0 
l 2.1708788141632827 2.9723275263779536 -1.8155492808110363 3.6391046330446044 -1.7158375605295617 0.0 0.0 
l 2.1809173801516737 2.9684612961255525 -1.8159196100518746 3.9294030523837646 -1.6685814033922148 0.0 0.0 
l 2.1834716990281207 2.968187392584031 -1.8150214597535885 3.9106991156932684 -1.5928565076432344 0.0 0.0 
l 2.204858621737867 2.9538593605599575 -1.8236071829615759 3.9174016699233185 -1.5538193700120189 0.0 0.0 
l 2.1496351931355018 3.0059474806529507 -1.776683443141413 3.7755890554708733 -1.516372049409569 0.0 0.0 
l 2.1347142644743036 3.01463145592908 -1.769960413168299 3.843319891672617 -1.5113817463134485 0.0 0.0 
l 1.9244342749909653 3.066114497454637 -1.7728511469855872 3.9990358745978023 -1.4896274740835822 0.0 0.0 
l 1.8671000462184275 3.078388486299482 -1.7752063882193871 3.9650714898415407 -1.489841651169838 0.0 0.0 
l 1.7881496891216468 3.094491810303364 -1.7810773522262886 3.9460142714288544 -1.543207921904059 0.0 0.0 
l 1.726231948694004 3.1074585368796424 -1.7853581215211483 3.917007068854198 -1.5275857626762748 0.0 0.0 
l 1.6459992459630015 3.1250315067698295 -1.7871789984096467 3.8924403481640253 -1.5726742203832025 0.0 0.0 
l -1.5717770225142071 3.141811361703893 -1.790218859702984 3.947202091652138 -1.6027175308467463 0.0 0.0 
l 1.6365977247715704 3.1268268658772693 -1.791245995805543 3.9019665846933664 -1.6511021822309864 0.0 0.0 
l 2.1433220235720363 3.0013860100447034 -1.786361349371526 3.9728063735617942 -1.768525638659524 0.0 0.0 
l 2.0387640988695157 3.0323281943636147 -1.7845343214013383 0.20790042837457007 -1.8296979335014782 0.0 0.0 
l 2.1246725735202077 3.0067998947199173 -1.7866614584207319 1.9184843886644336 1.2443380891082554 0.0 0.0 
l 2.0983024264179777 3.0128793871204245 -1.7894135852277635 1.1217557874485313 1.1938064009151612 0.0 0.0 
l 2.1370760243326443 2.9974995789530476 -1.7951912369797023 0.8487909633040416 1.1408949545515514 0.0 0.0 
l 2.080797585165084 3.008101019164536 -1.806415312079595 1.0166981078690998 1.0928099481426954 0.0 0.0 
l 2.1085651095529334 2.997745313433786 -1.8090531302810018 0.8822595151762405 1.018244377439666 0.0 0.0 
l 2.1196878983078324 2.992259690758917 -1.8120129947828474 0.8910682560512435 0.9634593402803022 0.0 0.0 
l 2.143453078506808 2.9833510973436628 -1.813430514959417 0.8444051681205125 0.9108258568299932 0.0 0.0 
l 2.1618362479791466 2.9705615952877547 -1.8227091424846893 0.947039513812109 0.892931855572811 0.0 0.0 
l 2.2115962888550484 2.95790319981347 -1.8149377805244438 0.8522767110669054 0.875831444031077 0.0 0.0 
l 1.935750142893439 3.0484718061302387 -1.8105302315427656 0.7997020118896696 0.8406781499600837 0.0 0.0 
l 1.8593730024190327 3.0688080212645317 -1.811641583192473 0.7973985926803215 0.8109170802717987 0.0 0.0 
l 1.8629818564176064 3.0688252042184887 -1.8085577766527496 0.761463428389733 0.8048153188614192 0.0 0.0 
l 1.8981856628954807 3.060156864706999 -1.806646895142597 0.7646648357686019 0.8432354948468046 0.0 0.0 
l 2.3398732220383485 2.884643357829396 -1.8358849978506293 0.7511987477377009 0.8721327112335028 0.0 0.0 
l 2.3065056026461868 2.880117848583823 -1.858220491749402 0.7303968804278709 0.8730527872872511 0.0 0.0 
l 2.2856272386137952 2.877117013854499 -1.8732413453737868 0.8810873744344845 0.9503218600784713 0.0 0.0 
l 2.261063128589778 2.8758130444029257 -1.8892280258071805 0.8550706180061447 0.9523905154375277 0.0 0.0 
l 2.1350745703772667 2.9164534237958404 -1.9179856361925596 0.8408368582713368 0.9962227291508517 0.0 0.0 
l 1.7395727325002406 3.0961842689920394 -1.8314003801313647 0.9964765825393223 1.0785000652309518 0.0 0.0 
l -1.655799505058733 3.165059428671238 -1.8395852307559588 1.114826296153546 1.1112826069470594 0.0 0.0 
l -1.772260496124292 3.1960047777604434 -1.8314136540230925 0.9230042676371195 1.1803935495512983 0.0 0.0 
l -2.044941548073523 3.2602625489631696 -1.799077024270126 1.0378844331195947 1.2153659619129877 0.0 0.0 
l -2.0238804708561213 3.254154234228994 -1.7989325971928805 0.8865941403426538 1.267760516773679 0.0 0.0 
l -1.9387483361432403 3.234405197180007 -1.8077090212303055 1.6612538156163132 1.308180128935095 0.0 0.0 
l -1.8751157535484249 3.214900367507214 -1.8004964367802248 -0.12159066298943183 -1.7818203392004843 0.0 0.0 
l -1.8090897822623682 3.199542294932037 -1.805237496179399 3.705259899043411 -1.7450580555927278 0.0 0.0 
l -1.6362864566454909 3.157617162852768 -1.8104567956533368 3.8305255348005005 -1.7216444326769227 0.0 0.0 
l 1.643034584180949 3.123758647910276 -1.8124537736984767 0.2001977778539617 -1.7189720911300628 0.0 0.0 
l 1.816394466728526 3.0817761208555456 -1.8053225057906812 3.91076789343884 -1.6500198106842632 0.0 0.0 
l 1.8827635191087086 3.0644255190507703 -1.806110171704825 3.810115813616137 -1.654635216526193 0.0 0.0 
l -1.6089448197901135 3.152135172900792 -1.8403065952300224 4.115932157638052 -1.6467982771969736 0.0 0.0 
l 1.6639031896275038 3.116967877015267 -1.8286898646784755 4.043040404475659 -1.654347516608175 0.0 0.0 
l 1.6653077694871816 3.11772400762613 -1.8175089282693178 4.198810618768931 -1.6605229608732053 0.0 0.0 
l 1.7565547499104672 3.09301009468572 -1.823969440173745 4.276746499076598 -1.6760697282569752 0.0 0.0 
l 1.7683902063307393 3.090923079562386 -1.818881906643569 4.036725841649111 -1.6928696237860903 0.0 0.0 
l 1.8047233348524385 3.083351046551424 -1.8107730867643228 3.9906162656114725 -1.6971462184697215 0.0 0.0 
l 1.8209446172239039 3.0802449019173426 -1.8067293182958424 4.140354872173092 -1.7364429756830457 0.0 0.0 
l 1.8235280057564238 3.0817433089566895 -1.7987855840907034 3.640139181794508 -1.800640398643497 0.0 0.0 
l 1.6185986798431997 3.1326478507065527 -1.7556447823933046 4.593237848551419 -1.8811441074409117 0.0 0.0 
l 1.6519555636601664 3.1261013675715366 -1.759012988429134 1.3637817545244622 1.2095991478556303 0.0 0.0 
l 1.8683568754111042 3.0803195472002676 -1.768244646089297 0.9231781506362882 1.1401038826207088 0.0 0.0 
l 2.043727373958996 3.0331363817830517 -1.7804735063680561 0.9025923984781938 1.077220842236797 0.0 0.0 
l 2.143623897696 2.9975528071019837 -1.7920033312754138 0.907853609859198 1.0391137372894828 0.0 0.0 
l 2.203574672122908 2.9699888744571497 -1.802854002622333 0.8616058303801577 0.9930640203367613 0.0 0.0 
l 2.2732746721046913 2.939558240656153 -1.8081955080935421 0.7850024440367196 0.9813345195691998 0.0 0.0 
l 2.2957787151756635 2.9210214261363947 -1.8186825424764692 0.8030201453681787 0.9253836443976247 0.0 0.0 
l 2.299526014126431 2.9063922022336857 -1.8330717721207814 0.7400600903444297 0.896329014720411 0.0 0.0 
l 2.3140356151428234 2.8867157407107538 -1.8470410279264051 0.78812538857578 0.8645141917716486 0.0 0.0 
l 2.3601523660709103 2.8545400517823216 -1.8557065827108858 0.8111282290420561 0.8894587822754912 0.0 0.0 
l 2.383036014536753 2.8219484031950555 -1.874761550100853 0.7757657053959648 0.9080569811643004 0.0 0.0 
l 2.4907951664879695 2.795811449297614 -1.8385311256727046 0.7622252094479782 0.9353000044431257 0.0 0.0 
l 2.4897861150886884 2.7911859176242126 -1.8427754349185022 0.6894608899508026 0.9263344740174803 0.0 0.0 
l 2.490492611392035 2.8171279462930956 -1.8216771955047586 0.6947048481032827 0.9261587417624986 0.0 0.0 
l 2.478157488295823 2.826907364741506 -1.8199303175944312 0.8055123888217266 0.9215861162882488 0.0 0.0 
l 2.4800634975443856 2.829565482864344 -1.816842852593088 0.8107265831545549 0.9599505234533591 0.0 0.0 
l 2.4780321152897877 2.826422889374726 -1.8203855171087546 0.8326472396907558 0.9852451292780813 0.0 0.0 
l 2.4878280810140216 2.822438693202238 -1.818764427090578 0.7056597654883274 1.0107456858352772 0.0 0.0 
l 2.4874036984992394 2.822121637029132 -1.8192270525603549 0.8750614917008956 1.1066265307797303 0.0 0.0 
l 2.404738466161466 2.8679266727255763 -1.82019147710701 0.9811581440084485 1.1976435211524425 0.0 0.0 
l 1.8935291668130998 3.0407633418557016 -1.8645692360670794 0.5793446569517569 1.2247894520407883 0.0 0.0 
l 2.1257705468528925 2.9554751399715435 -1.8656615410474866 0.9440720279181172 1.2970116951972201 0.0 0.0 
l 2.1023626910662623 2.9709720457372453 -1.8558266786237148 0.2488410073933261 -1.779376362780488 0.0 0.0 
l 2.0933401845415283 2.9765596306449607 -1.8522910292187384 4.084376247241165 -1.751780826051049 0.0 0.0 
l 2.102624964528435 2.97316271674464 -1.8521314689665125 4.301218716762007 -1.6795078470762008 0.0 0.0 
l 2.106527415956924 2.9701995535167622 -1.8545063663336516 4.295537645323866 -1.632306261214459 0.0 0.0 
l 2.0752475195241176 2.972262523034766 -1.8711003181125272 4.168769162788284 -1.5394254043206472 0.0 0.0 
l 2.1587299055120375 2.9372078523539797 -1.872282297197736 4.187935584242248 -1.5252238149264778 0.0 0.0 
l 2.264873375990709 2.8796246261423573 -1.8824835671371152 4.170371627859837 -1.484754755527815 0.0 0.0 
l 2.3823735734460714 2.807019623743334 -1.8894545646198078 4.144919543150254 -1.469167837373059 0.0 0.0 
l 2.348120291715972 2.8341470621989124 -1.882930669623504 4.2085308636578 -1.5322499205683704 0.0 0.0 
l 2.3929301768136755 2.8138720328140066 -1.8767537714363385 4.166353927290706 -1.5417570734473094 0.0 0.0 
l 2.4261959591674143 2.7971937263797093 -1.8729425108865363 4.255015420216912 -1.5946393132138874 0.0 0.0 
l 2.3633791179290644 2.8693026446786716 -1.8393869625305772 4.1663874915513786 -1.638670896646226 0.0 0.0 
l 2.5125043916138234 2.7880704218514083 -1.8331531487863528 4.157579009409143 -1.726337799729491 0.0 0.0 
l 2.5049008889737996 2.7870801526518267 -1.8379486518349417 3.735728494492334 -1.797852744026479 0.0 0.0 
l 2.490414569894832 2.7974995582358924 -1.8373814042711942 5.0041119707663775 -1.8834163591461626 0.0 0.0 
l 2.4990471752673824 2.799658585103206 -1.8311541981215873 1.6368288566888933 1.2274084276654638 0.0 0.0 
l 2.4891858363934816 2.801051375400918 -1.835182448406934 0.9895538522345109 1.1663418558257503 0.0 0.0 
l 2.4830475465734696 2.8014672033463643 -1.8380674379872644 1.0564787900835448 1.119939482014424 0.0 0.0 
l 2.5017022169727627 2.7927524946609537 -1.835197353317005 0.8817922294365614 1.1094966854532204 0.0 0.0 
l 2.3010222162529383 2.973992368137955 -1.7575617691023064 0.9762365988620425 1.0368634756423905 0.0 0.0 
l 1.957091134637094 3.0809371817134785 -1.7190139756082934 0.9417260536514374 0.9996134578676392 0.0 0.0 
l 1.8365880555728644 3.116597507936789 -1.6623739296598783 0.9543921054458246 0.9208996563455867 0.0 0.0 
l 1.8614869832560252 3.112230482061042 -1.6686579845323657 0.9254669241232114 0.8980095136442949 0.0 0.0 
l 2.094185611487341 3.0784828700456517 -1.6798693905620632 0.9313726580060511 0.8853994478689484 0.0 0.0 
l 2.689974353318253 2.8530160366737416 -1.7138076211154658 0.9406058372632093 0.8426108824692291 0.0 0.0 
l 2.620504726889039 2.827913428681764 -1.7548897671615191 0.9426156558783931 0.8328853952513975 0.0 0.0 
l 2.6177803817020657 2.7845920206304187 -1.7830003374020207 0.9803773432226939 0.8859255124776628 0.0 0.0 
l 2.4983468106473294 2.7903990894778774 -1.8388279670065897 0.9191493446730645 0.8325278880007312 0.0 0.0 
l 2.4416860957594957 2.8114536786363993 -1.8517441286961431 1.436746095527146 0.9045051826849998 0.0 0.0 
l 2.3456729700571026 2.8995455302185276 -1.817786412102534 1.4099450331271242 0.8344161277542349 0.0 0.0 
l 2.4467996790495325 2.850889941147177 -1.8151564727579355 1.3504431401200365 0.8200197031650621 0.0 0.0 
l 2.7316537006588226 2.6552565863399766 -1.7966246251254032 1.3670340635877614 0.8510953935201049 0.0 0.0 
l 2.654276629405861 2.7018559615925093 -1.8151326034154467 1.395600837762338 0.8718637027473315 0.0 0.0 
l 2.5771355758811754 2.7589555174513136 -1.820322006872531 1.4090120367233687 0.8876134806939764 0.0 0.0 
l 2.4880224557051442 2.799602262656952 -1.8369548771366646 1.4249757094123574 0.8945319736311104 0.0 0.0 
l 2.4398026700595103 2.8454547289209478 -1.8232200936535374 1.4390131345694215 0.9570688437472352 0.0 0.0 
l 2.456476225151794 2.8473676042499503 -1.8135294047342834 1.3907485965989055 0.922696925159163 0.0 0.0 
l 2.47746926389182 2.8422938474379227 -1.8077841932711765 1.0539523483054725 1.1910042838705328 0.0 0.0 
l 2.461048132104743 2.8500582067642157 -1.8091167160138515 0.7216633780937722 1.1815663105619294 0.0 0.0 
l 2.5045928804800512 2.842990514062176 -1.7947193980543474 1.8112618521320079 1.3329578793258907 0.0 0.0 
l 2.436401811200345 2.864717153711921 -1.8081272158529604 3.8897139705926076 -1.7357401296423638 0.0 0.0 
l 2.4397074229915097 2.8573619774435834 -1.812958402009831 1.8245213964657616 1.2509893257639555 0.0 0.0 
l 2.5332611258823645 2.7690509489503143 -1.836521410538918 3.945536512754564 -1.6113961392027638 0.0 0.0 
l 2.5359355679844455 2.762076374803722 -1.8402728105361361 4.045224083268608 -1.6328659372398926 0.0 0.0 
l 2.5400279790833844 2.7512013370189465 -1.8461005250976619 4.137159588145701 -1.588410502140071 0.0 0.0 
l 2.5544494670346527 2.7294845238597256 -1.8538691952100965 4.086822564759241 -1.5805903162580435 0.0 0.0 
l 2.566113496051613 2.7116945646730675 -1.8599023037048434 4.062781795105626 -1.5728148831806625 0.0 0.0 
l 2.558544767323435 2.7127089422690953 -1.8637068305080728 4.205008669467444 -1.5239602341739202 0.0 0.0 
l 2.830533830185608 2.632672120809972 -1.7482846708734796 4.153730624976655 -1.5174588067775083 0.0 0.0 
l 2.7594855492560937 2.7222323422891437 -1.7480663268955494 4.219049585796225 -1.505682367426452 0.0 0.0 
l 2.131930449338096 3.0389850762222395 -1.7331791430935404 4.126195886223059 -1.5051376738892677 0.0 0.0 
l 2.6204925219703226 2.9875281985108337 -1.6597043590846268 4.092455189676564 -1.5265743464078778 0.0 0.0 
l 2.5484330057002587 2.9873504070065766 -1.6752286288566205 4.1495017174050615 -1.5281365365969894 0.0 0.0 
l 2.097950062489291 3.054965022016573 -1.7188964947497376 4.109556579227626 -1.5525305379834742 0.0 0.0 
l 1.9005421951862096 3.0866081431782475 -1.7302532977178855 4.010870372846898 -1.618783971531181 0.0 0.0 
l 2.0074319666499694 3.0640784624348902 -1.7357163094566594 4.172219560153981 -1.6636184183441816 0.0 0.0 
l 2.0684280574953604 3.05171835274844 -1.735189974760059 3.9114106640643493 -1.7046527223496413 0.0 0.0 
l 2.140662724123424 3.021681316391489 -1.7566615161637922 3.9773725149967154 -1.7568517055247213 0.0 0.0 
l 2.2034975837596615 3.0012203702449938 -1.7611660024135947 0.3562195389850496 -1.8239596808409906 0.0 0.0 
l 2.212034639918722 2.9964909968070215 -1.7641111627121555 -0.7854327325338206 -1.909325318058281 0.0 0.0 
l -1.5753652563465443 3.1424464680038118 -1.7555383138095695 1.5239423063843718 1.17221442917841 0.0 0.0 
l -1.577456958885589 3.142859837373264 -1.7587967215674865 1.1252787443884522 1.0960198780046577 0.0 0.0 
l -1.607246549613582 3.1482456132020737 -1.7512551959999867 0.8596107637744637 1.0132694687117763 0.0 0.0 
l 1.7645282096969572 3.1077343255353607 -1.7417541298450354 1.0026955305971248 0.947056611875359 0.0 0.0 
