r 1.171986481362451 -0.28059252503100923 -0.970946928540987 -2.9815143866453226 0.310140448695044 0.0 0.0 
r 1.17302387910342 -0.27988954884593137 -0.9708271012029029 -2.9812450519526554 0.3070026118727359 0.0 0.0 
r 1.1745368035165837 -0.27886003029673473 -0.9706599447549072 -2.980895371926625 0.3023301805896508 0.0 0.0 
r 1.1764728659441572 -0.27753407482074444 -0.9704611533377324 -2.980524374414985 0.2961670599165578 0.0 0.0 
r 1.1787611502536457 -0.27595233738403835 -0.9702523538034608 -2.9801949319956975 0.2885759555285079 0.0 0.0 
r 1.1813138691299951 -0.27416394810242933 -0.97006277508872 -2.9799759704236335 0.2796426239578014 0.0 0.0 
r 1.1840283625252335 -0.27222654387602563 -0.9699267251535932 -2.979934447927554 0.2694747146930129 0.0 0.0 
r 1.1867878622829058 -0.27020492643078925 -0.9698850692842553 -2.9801208259161833 0.2582099995873658 0.0 0.0 
r 1.1894663355074202 -0.2681686857660978 -0.9699830284355762 -2.9805772883562627 0.24601069933204234 0.0 0.0 
r 1.1919332290536346 -0.2661895019215476 -0.9702684733907598 -2.9813288586534608 0.23306536531897626 0.0 0.0 
r 1.1940598599408554 -0.26433757065532654 -0.9707893575076949 -2.98238360539838 0.21958562640271462 0.0 0.0 
r 1.1957252141637071 -0.26267830262927316 -0.9715912255512585 -2.9837310237181724 0.2058021345978307 0.0 0.0 
r 1.1968226747862392 -0.2612682738719986 -0.9727147071104313 -2.9853539852465265 0.19195605144584815 0.0 0.0 
r 1.1972644777657544 -0.26015298473256676 -0.9741927665224613 -2.9872149732245026 0.17829174314047214 0.0 0.0 
r 1.1969851643804974 -0.2593655662195111 -0.9760477210055463 -2.989265427684389 0.1650467242894479 0.0 0.0 
r 1.1959442555804298 -0.25892413465770164 -0.978292202190423 -2.9914464455623944 0.15244924036188745 0.0 0.0 
r 1.194126916692566 -0.25883376810128794 -0.9809246919798572 -2.9936824281888104 0.1407032717609651 0.0 0.0 
r 1.19153967692253 -0.2590880282171779 -0.983933100639307 -2.995864332237673 0.1299852542047376 0.0 0.0 
r 1.18821053677543 -0.2596710089237115 -0.9872918222006909 -2.997892238504036 0.12045144674521102 0.0 0.0 
r 1.1841843217900778 -0.2605602165415906 -0.9909640083807307 -2.9996225480695644 0.11222316364825125 0.0 0.0 
r 1.1795221313397597 -0.2617290269121481 -0.994899388854685 -3.000904992074608 0.10539195392742184 0.0 0.0 
r 1.1742960243820377 -0.2631499709027168 -0.9990369762911898 -3.0015761615734036 0.10002643342866557 0.0 0.0 
r 1.1685839013271309 -0.2647984267572733 -1.0033065541961574 -3.001456437177318 0.09618382393799152 0.0 0.0 
r 1.162476002867015 -0.26665118979237434 -1.0076245614007076 -3.000379215680148 0.09390467878966458 0.0 0.0 
r 1.1560756047910834 -0.26868715517827646 -1.0118937499687097 -2.9981853266516927 0.09322249631144852 0.0 0.0 
r 1.149501489826038 -0.27088617534035964 -1.0160037450909285 -2.9947494323498605 0.09417082835833179 0.0 0.0 
r 1.142894196267326 -0.273227271043967 -1.019827966417484 -2.989997865127455 0.09678578129279192 0.0 0.0 
r 1.136420321031086 -0.2756881126309566 -1.0232205097979206 -2.9839037527591126 0.10110118429616344 0.0 0.0 
r 1.1302763701907794 -0.2782450626964911 -1.0260120964549764 -2.976516799224118 0.10714824851757665 0.0 0.0 
r 1.12469106759134 -0.28087128755602 -1.0280101087539566 -2.9679651765331805 0.11495090672248476 0.0 0.0 
r 1.119926876696092 -0.2835363897048986 -1.0289953528732498 -2.9584634381580575 0.12451740443283288 0.0 0.0 
r 1.1162745243585848 -0.28620787725293295 -1.0287216115600064 -2.948316031688481 0.1358313916553685 0.0 0.0 
r 1.1140442697339548 -0.2888528816487362 -1.0269157520180656 -2.9379001519129346 0.1488380374387629 0.0 0.0 
r 1.113555064252115 -0.29143683268471715 -1.0232821630211144 -2.9276594805927667 0.1634466152173253 0.0 0.0 
r 1.1151160738830939 -0.29392543822711487 -1.017507494091425 -2.9180866861715162 0.1795134355254312 0.0 0.0 
r 1.1190077173303452 -0.29628382449116786 -1.009268573008308 -2.9096860065023504 0.19685012100015042 0.0 0.0 
r 1.1254612818850964 -0.298475596268185 -0.9982416294223235 -2.902949989732845 0.2152136952475715 0.0 0.0 
r 1.134637883286913 -0.30046087834430046 -0.9841158901398381 -2.898311731369842 0.23431732595097543 0.0 0.0 
r 1.1466053857063607 -0.3021983942281764 -0.9666084246586268 -2.8961080835362982 0.2538438617214964 0.0 0.0 
r 1.1613338039506542 -0.303638270577547 -0.9454805230913466 -2.896565207270565 0.2734554117220911 0.0 0.0 
r 1.178694550191412 -0.30471805466101215 -0.9205538522075566 -2.899782527606776 0.2928173793074802 0.0 0.0 
r 1.1984631019211394 -0.3053617118695636 -0.8917285760609517 -2.905725526668957 0.31162253355841774 0.0 0.0 
r 1.220335259364356 -0.3054737883259769 -0.8590017672776497 -2.9142431579959753 0.3296192852694476 0.0 0.0 
r 1.2439501242053232 -0.30493427061716244 -0.8224804253986545 -2.9250875444266446 0.3466366978694819 0.0 0.0 
r 1.2689156228405196 -0.3035915321072249 -0.7823922407425546 -2.9379424639912672 0.3626072530992803 0.0 0.0 
r 1.2948345689345704 -0.30125316898815246 -0.7390888438798706 -2.95246378429444 0.37757815571201103 0.0 0.0 
r 1.3213288629748083 -0.2976721254794561 -0.6930402020202242 -2.968305532287294 0.39171669998886166 0.0 0.0 
r 1.3480583382502227 -0.2925270408681605 -0.6448192274351541 -2.9851533202546237 0.4052898273790595 0.0 0.0 
r 1.374732398647403 -0.2853951465517825 -0.5950767464756704 -3.002739817678098 0.4186367451807564 0.0 0.0 
r 1.4011172654357698 -0.275710428938522 -0.5445080049058012 -3.0208563030745683 0.4321245525371621 0.0 0.0 
r 1.4270363631016076 -0.2627036255040177 -0.4938152764048241 -3.039361401637712 0.44610626339511467 0.0 0.0 
r 1.4523674724085025 -0.24531010716899473 -0.4436710988677649 -3.0581698706748286 0.4608568039103078 0.0 0.0 
r 1.4770340420412729 -0.2220354267906723 -0.39468675991984425 -3.07726366773361 0.4765474721281645 0.0 0.0 
r 1.5009984416778417 -0.19074100578774955 -0.34738664655800006 -3.096644929460075 0.49320240359384415 0.0 0.0 
r 1.5242525040070847 -0.1483123626265795 -0.30219570976819843 -3.116363690000207 0.5106984271257433 0.0 0.0 
r 1.54680710829955 -0.09015606131135756 -0.2594335310325092 -3.1364603513166003 0.5287660768821154 0.0 0.0 
r 1.5686827495135585 -0.009481718217454254 -0.21931896525275935 -3.156960947180977 0.5470168509643336 0.0 0.0 
r -1.551690795788339 0.1034674033914719 -0.18197981760725626 -0.03626367213569032 0.5649782752172383 0.0 0.0 
r -1.531110862129739 0.26119690553218544 -0.14746558134681043 -0.057505933251854324 0.582128211788782 0.0 0.0 
r -1.5111634757518813 0.4743329676955188 -0.11576420774669785 -0.07898804254181607 0.5979345675955274 0.0 0.0 
r -1.4918562077335944 0.7376934172212171 -0.08681743873909295 -0.1005063858349064 0.6118921181872222 0.0 0.0 
r -1.4732122654719342 1.016419936965295 -0.06053693626978191 -0.12179879542399535 0.6235409572872108 0.0 0.0 
r -1.4552703843002766 1.2634243689258287 -0.036819029465655094 -0.14252783053292423 0.6324848220585936 0.0 0.0 
r -1.4380820124678917 1.454766065258374 -0.015558559972318189 -0.1622871137831931 0.6384037708314082 0.0 0.0 
r -1.4217086550984042 -1.5485623646003368 0.0033401275618429424 -0.1806251780943115 0.6410571189574426 0.0 0.0 
r -1.4062167148034928 -1.4512147228450936 0.01995289626758558 -0.1970699699759592 0.6402846466322477 0.0 0.0 
r -1.3916721291467606 -1.3833608600569458 0.034327591065814206 -0.21119502379829996 0.6359993995536907 0.0 0.0 
r -1.3781346763828164 -1.336736890023378 0.04647963971329701 -0.22260751963115316 0.6282002736450056 0.0 0.0 
r -1.3656569458218266 -1.3058760194717494 0.05638790257117768 -0.23101368608097078 0.6169554712763232 0.0 0.0 
r -1.3542746717801062 -1.2873102330732367 0.06399688274519418 -0.23624086328236865 0.6024054337286341 0.0 0.0 
r -1.3440070473439971 -1.278940366009913 0.06921740552146106 -0.23825438394334347 0.5847582235745639 0.0 0.0 
r -1.3348571110745062 -1.2795995584534 0.07193263458712634 -0.23715754858439214 0.5642883226360167 0.0 0.0 
r -1.3268113057288105 -1.2887734259750543 0.07200591622115622 -0.2331647356979087 0.5413373969809283 0.0 0.0 
r -1.3198388311250553 -1.3064180707666988 0.069289995621447 -0.22662255208390042 0.5162985315066195 0.0 0.0 
r -1.3138951305718116 -1.3328238051085197 0.06363829002319712 -0.21794430141235982 0.4896268226481868 0.0 0.0 
r -1.308924402842883 -1.3685084703184145 0.05491518328960196 -0.20757755482297852 0.46182638313667534 0.0 0.0 
r -1.3048625987858367 -1.4140943736862193 0.043009605536974485 -0.19600907775298254 0.4334409939384932 0.0 0.0 
r -1.3016406609583058 -1.4701783336694503 0.027842256544014152 -0.18371700819251052 0.40504416399333704 0.0 0.0 
r -1.2991888382578043 -1.5371356699087688 0.009377407392316614 -0.17115204730342154 0.377228652436396 0.0 0.0 
r -1.2974413922633898 1.5267033108600339 -0.012369896310790152 -0.15872572741130891 0.35058144322543466 0.0 0.0 
r -1.2963416064154036 1.4389179381848294 -0.03733110185495992 -0.14679476706294076 0.32566538674307743 0.0 0.0 
r -1.2958463887366842 1.3427334073785093 -0.06538111310719774 -0.1356600308348354 0.3030008438925719 0.0 0.0 
r -1.295931896647286 1.2406615919561537 -0.09633611061360858 -0.12555040537535506 0.28302345056878586 0.0 0.0 
r -1.2965958911503248 1.1358403704923852 -0.1299579961626821 -0.1166217247547014 0.2660671056435725 0.0 0.0 
r -1.2978615350462226 1.0315630182376698 -0.16596027837134109 -0.10895219962355002 0.2523574631768492 0.0 0.0 
r -1.299777173716169 0.9307592338589861 -0.20401336168061157 -0.10254244545732355 0.24197856856888803 0.0 0.0 
r -1.3024162352172808 0.835607895766086 -0.24375227113935 -0.09731193264700905 0.2348726411656566 0.0 0.0 
r -1.3058743354028426 0.7473944546408635 -0.28478750231366323 -0.09310093426017735 0.2308457171603349 0.0 0.0 
r -1.3102616518319659 0.6666056605959134 -0.3267140273742794 -0.08968865135376997 0.22957115382547705 0.0 0.0 
r -1.3156960969542995 0.5931354862229974 -0.3691238916625866 -0.08680533248424366 0.23060861991175508 0.0 0.0 
r -1.3222940407644284 0.5265178909055124 -0.41161699545064057 -0.08415595766016043 0.2334210306665283 0.0 0.0 
r -1.330158939452209 0.4661185042967043 -0.4538141635545567 -0.08144484130760138 0.23741301130120335 0.0 0.0 
r -1.339370872722757 0.4112683301614117 -0.495367362095307 -0.07840890810115692 0.24195477984536112 0.0 0.0 
r -1.349974008033304 0.36134539641660585 -0.5359703798534793 -0.07485041100245121 0.2464238553402608 0.0 0.0 
r -1.3619787709231093 0.315796945595656 -0.5753660919081095 -0.07064680286558639 0.2502346137024315 0.0 0.0 
r -1.3753460769397154 0.27416800030788024 -0.6133513877378958 -0.06578697308553932 0.2528674461076463 0.0 0.0 
r -1.3899965382092063 0.2360806974484802 -0.6497789315385528 -0.06036357569553491 0.25389871520660695 0.0 0.0 
r -1.4058151492261 0.2012203154656565 -0.6845570621841701 -0.054567696792531206 0.2530210830728284 0.0 0.0 
r -1.4226540333837017 0.1693268599169945 -0.7176433544587306 -0.048684247949071835 0.25005116515540504 0.0 0.0 
r -1.4403536239926988 0.1401665179080971 -0.749039380131091 -0.04305303493114793 0.24494026332423735 0.0 0.0 
r -1.4587518321954427 0.11352435403837985 -0.7787817287615372 -0.03804582417887076 0.23777398513685122 0.0 0.0 
r -1.4776968402074973 0.08919492392835787 -0.806932863489893 -0.034031938498663095 0.2287647816555003 0.0 0.0 
r -1.4970623937903338 0.06697249867030838 -0.8335729077391226 -0.03133964423509766 0.21823680278379687 0.0 0.0 
r -1.5167598399524325 0.04664635286951477 -0.858789730650927 -0.03020581409135542 0.2066082721510759 0.0 0.0 
r -1.5367310855683944 0.028011457057742658 -0.8826732825026106 -0.03076760506441162 0.19436897425658017 0.0 0.0 
r -1.5569570732556635 0.010863233253545134 -0.9053067516541355 -0.033009764260134966 0.18205208513824578 0.0 0.0 
r 1.5641440994977198 -0.004994747088925356 -0.9267620064209828 -3.178332384225121 0.17020869439033448 0.0 0.0 
r 1.5433608603544289 -0.01974255658408809 -0.9470942508311628 -3.18316019305583 0.1593678783401673 0.0 0.0 
r 1.5222583096672975 -0.03353904699274955 -0.966338343536371 -3.1885101286516244 0.15001718554845345 0.0 0.0 
r 1.5008296006889392 -0.046514160638137306 -0.984504796162447 -3.1936011390417445 0.14257064367634786 0.0 0.0 
r 1.4791083404408605 -0.058765252970197204 -1.001578116924543 -3.197548062515112 0.1373592360743342 0.0 0.0 
r 1.4571911736415457 -0.07035267393945407 -1.0175168866689452 -3.1993737084846523 0.13460740100672863 0.0 0.0 
r 1.4352551472345823 -0.08129948476906694 -1.0322516144594296 -3.1981704824085178 0.13443453790607673 0.0 0.0 
r 1.4135771490407651 -0.09158908707342105 -1.0456841810522302 -3.193158738326428 0.13685053639164813 0.0 0.0 
r 1.3925370451064092 -0.10116999305742422 -1.0576904816677795 -3.1838444722030843 0.14177686013248259 0.0 0.0 
r 1.3726170716996946 -0.10995855469779078 -1.0681231494874646 -3.17001096382178 0.14903994930199282 0.0 0.0 
r 1.3543861377120354 -0.11784462304928241 -1.0768170705808076 -3.1518121370648284 0.15841021773980513 0.0 0.0 
r 1.338474575771329 -0.12469678795494536 -1.083594601014712 -3.129778419982828 0.16962812104626412 0.0 0.0 
r 1.3255305691356911 -0.1303718207595236 -1.0882725666480966 -3.1047058547487874 0.18240320706460666 0.0 0.0 
r 1.3161769499753149 -0.13471990255479355 -1.0906682203998346 -3.0776273449818 0.1964473413265897 0.0 0.0 
r 1.3109615657756297 -0.13759073647850165 -1.090606866138944 -3.049737204326823 0.21149149339317097 0.0 0.0 
r 1.3103087371480189 -0.1388391554086751 -1.0879296457646344 -3.022274561644063 0.22729093443532578 0.0 0.0 
r 1.3144836969217182 -0.13832700468458486 -1.082499190095704 -2.996442917831456 0.24363144950989668 0.0 0.0 
r 1.323551559103715 -0.1359330373166909 -1.0742053602696888 -2.9732775359470924 0.2603222348998091 0.0 0.0 
r 1.3373815307791033 -0.13154540415059277 -1.0629682361069355 -2.9536654693115736 0.2771974549348396 0.0 0.0 
r 1.3556488802152737 -0.1250628320742534 -1.0487406509226243 -2.9382201319991093 0.2940978689426602 0.0 0.0 
r 1.3778474279736077 -0.11639789817714222 -1.0315115027259667 -2.927273372799915 0.31086639948098815 0.0 0.0 
r 1.4033429272349354 -0.10546433338586697 -1.0113067120683068 -2.9208835150070813 0.32733406946869115 0.0 0.0 
r 1.4314171228893873 -0.09217508675694143 -0.988186373430084 -2.9188629237049435 0.3433125224112793 0.0 0.0 
r 1.4613210371344025 -0.07643514707131904 -0.9622472420446029 -2.920835413714773 0.3585972441398959 0.0 0.0 
r 1.492331789714501 -0.05813062675840797 -0.9336193221289949 -2.9262745277284483 0.37296432924329104 0.0 0.0 
r 1.5238011912431497 -0.037114832857112354 -0.9024659885802703 -2.9346040437792604 0.38617972604796735 0.0 0.0 
r 1.5551846745099498 -0.013198301241930019 -0.8689824369496301 -2.9452496334887917 0.3980238352682257 0.0 0.0 
r -1.5555302505596467 0.013866908713597727 -0.833394970869109 0.18392322194582805 0.40829645262459463 0.0 0.0 
r -1.5254506045509628 0.0443991458964073 -0.7959593556194942 0.17021281518271386 0.41684051762311936 0.0 0.0 
r -1.496339644144597 0.07879870175775523 -0.7569627894888099 0.1556072963720368 0.4235586891728798 0.0 0.0 
r -1.4682600716239669 0.11755369508169586 -0.7167217366264403 0.14045283572415151 0.4284092032048158 0.0 0.0 
r -1.441194387928537 0.16122334750248885 -0.675582230877433 0.1250285053093539 0.431430619363772 0.0 0.0 
r -1.4150630626278409 0.21041252456253906 -0.6339165562894568 0.10959112686672917 0.4327236999771597 0.0 0.0 
r -1.3897428433249077 0.26571676379808706 -0.592120552919659 0.09437693314352641 0.4324608361081246 0.0 0.0 
r -1.3650853785510095 0.32762671288184014 -0.5506055900865949 0.07963020284989625 0.43086276388361816 0.0 0.0 
r -1.3409358809318876 0.3963833149016825 -0.509789066847952 0.0656123796392502 0.4281776532580842 0.0 0.0 
r -1.317141692722832 0.471805428789861 -0.4700846551939196 0.052613431363721264 0.42467998964885667 0.0 0.0 
r -1.2935619406600156 0.553112179141143 -0.4318877681181456 0.04094878262770035 0.4206418564668674 0.0 0.0 
r -1.2700706749017647 0.6388142829900026 -0.39556202385262984 0.030930343558138118 0.4163202114076369 0.0 0.0 
r -1.2465579946248795 0.7267516278096641 -0.36142367152010874 0.02285843150166661 0.41194596252782734 0.0 0.0 
r -1.222927850586063 0.814322183902708 -0.32972928090416204 0.01697753455773826 0.40771644910212684 0.0 0.0 
r -1.1990949086526905 0.8988664294533694 -0.3006643955922612 0.013454232719777248 0.40378893633991014 0.0 0.0 
r -1.1749829695305292 0.9780829011200833 -0.27433451571673995 0.012336666720816292 0.4002820518675951 0.0 0.0 
r -1.150512095808303 1.0503452816210996 -0.2507616082280095 0.013529280274510003 0.39728027724236104 0.0 0.0 
r -1.1255996094794434 1.1148167958400412 -0.22987946450852925 0.016793154238217756 0.3948253530923842 0.0 0.0 
r -1.1001481858641098 1.1713950407752107 -0.21153758782416837 0.021725336849171162 0.39294725203549763 0.0 0.0 
r -1.0740509164279468 1.220538167347315 -0.19550517109206028 0.02781028958433246 0.39164666124276515 0.0 0.0 
r -1.0471926038065653 1.2630663238673518 -0.18148029428967521 0.03445602278128862 0.39090264502907546 0.0 0.0 
r -1.0194509990531406 1.2999860176917375 -0.16910069602644434 0.04103530443929354 0.3906764840738668 0.0 0.0 
r -0.990710099426336 1.3323389208531138 -0.1579627533496578 0.04694650414851248 0.3909217013467827 0.0 0.0 
r -0.9608632329647624 1.361100154390162 -0.1476438446778213 0.05164667166981113 0.39157770756918436 0.0 0.0 
r -0.9298424525813681 1.3871033788783955 -0.13772501705939005 0.05471301010858892 0.39259960993906046 0.0 0.0 
r -0.8976231381402199 1.411008451852188 -0.12781500529231457 0.05585232036356863 0.3939405493512439 0.0 0.0 
r -0.8642412939825278 1.4332803700380585 -0.11757830026118228 0.05491857464096589 0.39557390814293464 0.0 0.0 
r -0.8298037831942631 1.4541955920277136 -0.10675798751197714 0.05191770161147696 0.397501274529632 0.0 0.0 
r -0.7944942821713054 1.4738605313034727 -0.09519880057591651 0.04699806881296259 0.3997638748964978 0.0 0.0 
r -0.7585616867696398 1.492246933270334 -0.082863407989128 0.04041918441517167 0.402451226512472 0.0 0.0 
r -0.7223106381347554 1.5092300618615948 -0.06984384255908528 0.032525865045690494 0.4057035764828924 0.0 0.0 
r -0.6860795418886331 1.5246269845140226 -0.05636923169695652 0.023709911816233553 0.40973142939309676 0.0 0.0 
r -0.6502176420817958 1.5382313799011735 -0.04280672388739892 0.014375373071313369 0.4148159761809394 0.0 0.0 
r -0.6150579520605222 1.549842731908462 -0.029655031145574377 0.004898039449189484 0.4212896277087854 0.0 0.0 
r -0.5809017328730751 1.5592833590569786 -0.017536987825668322 -0.004396451594715023 0.4295530511161502 0.0 0.0 
r -0.547999385369554 1.5664063977004314 -0.007192330423465484 -0.013256807622237854 0.44005441753994895 0.0 0.0 
r -0.5165436880881055 -1.5704943447043604 0.0005316759007146458 -0.021514875278473455 0.4532708671602464 0.0 0.0 
r -0.486669703181678 -1.568314351716094 0.004690753767346115 -0.029089718874695414 0.46966864811417597 0.0 0.0 
r -0.4584585429709629 -1.5686995146548728 0.004248578442370991 -0.0359692968816378 0.48966763154577453 0.0 0.0 
r -0.4319442093724299 1.569909700066001 -0.0019233655394725617 -0.04222102297247643 0.5135645332027057 0.0 0.0 
r -0.4071288551620003 1.5643155197451908 -0.015028015490461667 -0.047951686725031084 0.5414303704600888 0.0 0.0 
r -0.3839923674006567 1.5561124643361361 -0.03632837166396855 -0.053299824425982995 0.5729237098534391 0.0 0.0 
r -0.3625035072527967 1.5453181967723089 -0.06709155886764431 -0.05841682555596017 0.6070116772590068 0.0 0.0 
r -0.34263171610457777 1.5319649074230561 -0.10848985418981334 -0.06344630357816117 0.641504816222864 0.0 0.0 
r -0.32435398571977775 1.5161017300914579 -0.1614166029864847 -0.06850758512256927 0.672324668631191 0.0 0.0 
r -0.3076611652194663 1.497797150267537 -0.22620731659962356 -0.0736837803993029 0.6924140957640383 0.0 0.0 
r -0.2925618716705158 1.4771403520799025 -0.30229262687682085 -0.0790112715446491 0.6904876144729996 0.0 0.0 
r -0.27908126657253507 1.454244365447331 -0.38788087907198726 -0.08446911492685794 0.6507979939837891 0.0 0.0 
r -0.2672606101536049 1.429246161488542 -0.4798682131539738 -0.08998243244556148 0.5577414269373886 0.0 0.0 
r -0.2571528830365885 1.4023092475198402 -0.574142046072545 -0.09542377450013798 0.4114540040640672 0.0 0.0 
r -0.24881796705866888 1.3736232293734272 -0.6662900048476681 -0.10062229735822553 0.24443004005385477 0.0 0.0 
r -0.24231496798238605 1.3434071678549038 -0.7524350439365085 -0.10538110519127944 0.10275185277544974 0.0 0.0 
r -0.2376938007305769 1.3119077100485619 -0.829852866031402 -0.1094918736667769 0.007450860469458087 0.0 0.0 
r -0.23498924369291407 1.2793968281206898 -0.8971494710734688 -0.11275813146614821 -0.04728457037772482 0.0 0.0 
r -0.23421361258360268 1.246167581030927 -0.954076358251818 -0.1150136138705034 -0.07524030439095586 0.0 0.0 
r -0.23535174474948858 1.2125265600671629 -1.0011777091561833 -0.11614266958460703 -0.08787739163407227 0.0 0.0 
r -0.2383570505319645 1.178783370229803 -1.0394430045651226 -0.11609193512101557 -0.09263272954007618 0.0 0.0 
r -0.2431527266616946 1.1452347673121257 -1.070042545242296 -0.11488155212954726 -0.09376279133692811 0.0 0.0 
r -0.24963492558276765 1.112146811630954 -1.0941607962897442 -0.11260746735178126 -0.09347160726087145 0.0 0.0 
r -0.2576837920611522 1.0797366530778694 -1.1128980425602586 -0.10942958685123941 -0.09275626346503185 0.0 0.0 
r -0.2671737135224945 1.048157054249471 -1.1272294342166482 -0.10557034588918202 -0.09189502209266354 0.0 0.0 
r -0.27798769866531264 1.0174839008749268 -1.1379915924807227 -0.10129154108784336 -0.09082822495430776 0.0 0.0 
r -0.29003264136581236 0.9877101245414033 -1.145884711252991 -0.09688857091677772 -0.08931612050841942 0.0 0.0 
r -0.30325469846455005 0.9587436149746885 -1.1514835184761887 -0.09266968742745163 -0.0870826131989586 0.0 0.0 
r -0.31765024687155946 0.9304144652560291 -1.1552520163014965 -0.08895280725194818 -0.08386790035631231 0.0 0.0 
r -0.33327417924073033 0.9024859101916345 -1.1575594405689207 -0.08606035319082095 -0.07946900233799159 0.0 0.0 
r -0.3502476100691222 0.8746648219147671 -1.15869551122166 -0.0843173536592077 -0.07375745675210288 0.0 0.0 
r -0.36876128016849086 0.8466166407084277 -1.1588847886182074 -0.08405569804680618 -0.06668071784442442 0.0 0.0 
r -0.3890795116031596 0.8179771682497813 -1.1582999012970536 -0.08560707956261462 -0.058273413535224305 0.0 0.0 
r -0.41154544089231077 0.788360859772712 -1.1570740977280662 -0.08930558877477313 -0.04863023876497374 0.0 0.0 
r -0.4365896583655349 0.7573692109341139 -1.1553097262578915 -0.09545511899730386 -0.03791584089971245 0.0 0.0 
r -0.4647425413470431 0.7245967397808367 -1.1530859765467054 -0.10428990108706065 -0.026339601366166976 0.0 0.0 
r -0.49664884685793964 0.6896369163267712 -1.150466904904715 -0.11589414662563108 -0.014141361673621677 0.0 0.0 
r -0.5330955368344876 0.6520836421915419 -1.1475044782049624 -0.1300603003309989 -0.001579305515740037 0.0 0.0 
r -0.5750324150928182 0.6115435751975977 -1.144244589319508 -0.14611395616419448 0.011097886760170317 0.0 0.0 
r -0.623598217989054 0.5676499146527767 -1.1407290061885011 -0.16267002491546828 0.023644598559343644 0.0 0.0 
r -0.680131302756614 0.5200882790739814 -1.1369967625516324 -0.17744243113871733 0.03585901082027565 0.0 0.0 
r -0.7461395444159261 0.4686347247545035 -1.1330889040914007 -0.18716244659672504 0.04758778679739373 0.0 0.0 
r -0.8232110872560323 0.4132020714724843 -1.1290454052691852 -0.18773252024049275 0.058724476169526696 0.0 0.0 
r -0.9127794615743394 0.35390445155759115 -1.1249052408264029 -0.17477120195775592 0.06921164771615618 0.0 0.0 
r -1.0157149781697798 0.291110237444647 -1.120703642448813 -0.14448856341904687 0.07903787959351116 0.0 0.0 
r -1.131680242403918 0.22550126217850183 -1.1164701481892938 -0.09482439407578919 0.08821743152545003 0.0 0.0 
r -1.258480695969606 0.1580669485361726 -1.1122275000857684 -0.026385816507048132 0.09679461198137762 0.0 0.0 
r -1.39171781508501 0.09007527454144397 -1.1079850759675556 0.05712222981284515 0.10481961484835023 0.0 0.0 
r -1.5252667051309479 0.022970994465728554 -1.1037396796113057 0.1494833176677131 0.11234026195806268 0.0 0.0 
r 1.4889710071668953 -0.041769862853252154 -1.0994723273258187 -2.898044596250229 0.11938970049640096 0.0 0.0 
r 1.3731384356361824 -0.10279538193096187 -1.0951479150211014 -2.808581631868967 0.12597431921986224 0.0 0.0 
r 1.2720452330992573 -0.15900842152191155 -1.0907182834353033 -2.72806469268098 0.13208604036802296 0.0 0.0 
r 1.1867639099057978 -0.20965552799816098 -1.086124158720375 -2.6587028994397848 0.13768173803563144 0.0 0.0 
r 1.1168027372743872 -0.25434051492737386 -1.0813030276605997 -2.60108689417982 0.14271377526861495 0.0 0.0 
r 1.060776238093447 -0.29300225801009333 -1.0761927783509837 -2.5548070143619954 0.14712141038941773 0.0 0.0 
r 1.0169463392100926 -0.32584288507674647 -1.0707403246736418 -2.5189833284586447 0.1508526907395782 0.0 0.0 
r 0.9835200035256394 -0.35327255958090764 -1.0648997832295393 -2.4925659343128004 0.15386674135435785 0.0 0.0 
r 0.9588292974216701 -0.3758249213607229 -1.058635758336882 -2.474533080685082 0.15614508409980166 0.0 0.0 
r 0.9413847089103022 -0.39409761332515547 -1.0519289937438399 -2.4639592640119075 0.15771105831052556 0.0 0.0 
r 0.9298840305545313 -0.40871142100144475 -1.0447696414562146 -2.4600376066852276 0.15862776371942433 0.0 0.0 
r 0.9232100132869493 -0.42027470267743267 -1.0371500763267498 -2.4620892621929067 0.1589953203416331 0.0 0.0 
r 0.9204230290708985 -0.4293503444551086 -1.0290646043018175 -2.4695827124743244 0.15896125493513258 0.0 0.0 
r 0.9207304925929379 -0.4364551170714508 -1.020501763278821 -2.482091838611073 0.15871483460997438 0.0 0.0 
r 0.9234745702091975 -0.44205396429026655 -1.0114361111452863 -2.4992679510980853 0.1584840382867796 0.0 0.0 
r 0.9281143442939191 -0.44656255261793004 -1.0018232223811756 -2.5208176950003804 0.1585231839011828 0.0 0.0 
r 0.9342020808274786 -0.45035976801717903 -0.9915948243937454 -2.5464423084879932 0.15911137863572333 0.0 0.0 
r 0.9413681468180815 -0.45379634737269914 -0.9806549197663934 -2.5758045533426914 0.16054286848769606 0.0 0.0 
r 0.9493079951387933 -0.45720319538616416 -0.9688775106562426 -2.6084658213442733 0.1631134227563339 0.0 0.0 
r 0.9577631377411904 -0.46090429345620637 -0.9561074634602503 -2.643873407550309 0.1671197157564127 0.0 0.0 
r 0.9665155957516994 -0.4652176635968102 -0.9421646834725989 -2.68130020306513 0.17284659651000267 0.0 0.0 
r 0.9753874788214308 -0.470453692450942 -0.9268481211586149 -2.7198731396100655 0.18056340529120607 0.0 0.0 
r 0.9842443598325887 -0.47690703152978065 -0.9099449041387506 -2.7586029989924112 0.1905175920314105 0.0 0.0 
r 0.9929942625406273 -0.48485173473224297 -0.8912411294581227 -2.7964351013945237 0.20293182888729644 0.0 0.0 
r 1.0015994658564193 -0.4945253858014269 -0.8705324659610507 -2.8323259333584003 0.2180030368498519 0.0 0.0 
r 1.0100836096183217 -0.5061147326971587 -0.8476364539660316 -2.865330820742378 0.23588453280450827 0.0 0.0 
r 1.0185313990720068 -0.5197438942454353 -0.8224077463464016 0.24693876308774648 0.2566948620394496 0.0 0.0 
r 1.0270843615095797 -0.5354668035799669 -0.7947505957336986 0.22186057229849193 0.2804833991157324 0.0 0.0 
r 1.035930303970222 -0.553262951553851 -0.7646326671583638 0.20144257992257547 0.30726656700193106 0.0 0.0 
r 1.045294251144531 -0.5730334512407412 -0.7320952685331112 0.1859025732630169 0.3369849240909105 0.0 0.0 
r 1.0554159848982538 -0.5946118781592583 -0.697261471731947 0.1753263564949828 0.3695158804640583 0.0 0.0 
r 1.0665353732506482 -0.6177715010247097 -0.6603395228998894 0.16977926909530378 0.4046433818190095 0.0 0.0 
r 1.0788784501244038 -0.6422368996689901 -0.6216197935423483 0.1692654710922688 0.44209595704828153 0.0 0.0 
r 1.0926472736402002 -0.6676966292960879 -0.5814648001242165 0.17386273144024927 0.4815387710084069 0.0 0.0 
r 1.108008430878587 -0.693819582057548 -0.540294945181917 -2.9578385085990666 0.5226024451252459 0.0 0.0 
r 1.125090477438691 -0.7202624495358535 -0.4985698649535763 -2.9423161178210693 0.5649138085580363 0.0 0.0 
r 1.1439795395171943 -0.7466816668457487 -0.45676469304138556 -2.920689609152933 0.6081082625491114 0.0 0.0 
r 1.1647203486339444 -0.7727326148940649 -0.4153492756877299 -2.8923049736068687 0.6518930714389175 0.0 0.0 
r 1.1873166697616466 -0.7980645638315419 -0.37476901854536027 -2.8563861753493476 0.696065384897621 0.0 0.0 
r 1.2117282028980374 -0.822308154160777 -0.33543272289874126 -2.8121015793961193 0.7405445627279041 0.0 0.0 
r 1.2378705425928405 -0.8450455000588744 -0.2977054027909789 -2.758688415756776 0.785404602737156 0.0 0.0 
r 1.265611402258024 -0.8657620371917949 -0.2619081777982943 -2.695647178111855 0.8308932190227973 0.0 0.0 
r 1.2947646630023768 -0.883765005997327 -0.2283244836541803 -2.6229942727265456 0.8774557425860163 0.0 0.0 
r 1.325083509653804 -0.898050991089703 -0.1972077649863759 -2.5415354224837112 0.9257482844992859 0.0 0.0 
r 1.3562544780629873 -0.9070755810083024 -0.16879096567885563 -2.4530543088594174 0.9766707496207608 0.0 0.0 
r 1.3878942475978606 -0.9083454109895479 -0.14329448414804838 -2.3602969796764666 1.0313910177937637 0.0 0.0 
r 1.419551489279101 -0.8976691792708711 -0.12093115347028026 -2.2666792840747316 1.0914012325552074 0.0 0.0 
r 1.450715581269686 -0.867755627215703 -0.10190614355270755 -2.175752736866702 1.1586057166702437 0.0 0.0 
r 1.480832243290144 -0.805638285798849 -0.08641219376627852 -2.0906413217153665 1.2354897810660774 0.0 0.0 
r 1.5093269173227337 -0.6887663470125348 -0.07462084036780503 -2.0136756903523776 1.325417848728167 0.0 0.0 
r 1.5356349735805024 -0.4848811990232596 -0.06666981633971045 -1.9462950949663969 1.4332332942257755 0.0 0.0 
r 1.5592248796770412 -0.1824230736778916 -0.06264744158839666 -1.889171885982971 1.5664514490123032 0.0 0.0 
r -1.5619595847494703 0.14010499024431397 -0.0625788687788958 1.299134768389647 -1.4039246635151332 0.0 0.0 
r -1.5451100168938416 0.3686320824960489 -0.06641165594270225 1.3355938221637536 -1.172386638965151 0.0 0.0 
r -1.5320921212087446 0.4813175335240957 -0.07400691361373953 1.362096420285259 -0.8428181532363426 0.0 0.0 
r -1.5230654905910366 0.5102900952048122 -0.08513183854386634 1.3790163644031443 -0.37720692769432573 0.0 0.0 
r -1.5180745577388477 0.4864325373518328 -0.09946125398761975 1.3867809957764552 0.17184467183038102 0.0 0.0 
r -1.5170469336234527 0.4306408707793633 -0.1165816483980334 1.3859108645850102 0.6481897222673066 0.0 0.0 
r -1.5198037051172697 0.3569517894936791 -0.13601000993977347 1.3770752338044996 0.9955364902374999 0.0 0.0 
r -1.5260624396844638 0.27522260666331927 -0.15720998135462225 1.361177771530293 1.2499947146644463 0.0 0.0 
r -1.5354449230211924 0.1923679342877016 -0.17961609495918743 1.3393703744160679 1.4480019792590184 0.0 0.0 
r -1.5474949651311782 0.11293573350961907 -0.2026624010159211 1.3130814203956263 1.610319321157351 0.0 0.0 
r -1.5616900794276138 0.039619963187268736 -0.22580809016180528 1.2839223154741388 1.7478827087468713 0.0 0.0 
r 1.5641308648280312 -0.02625574007824541 -0.24856344938929859 -1.8880027283011063 -1.2749958237566912 0.0 0.0 
r 1.5473764996584052 -0.08427021362756752 -0.2705088060175559 -1.9178853631673032 -1.171687526353872 0.0 0.0 
r 1.5302305126824727 -0.13455022501811137 -0.2913053098500868 -1.9458999898104437 -1.0815580932814577 0.0 0.0 
r 1.5132597813168271 -0.17749916303701455 -0.31069508174673693 -1.970927510171307 -1.0029910394086932 0.0 0.0 
r 1.4969819588070719 -0.21364186009998545 -0.32850181809148365 -1.9921933202527533 -0.9346538995589049 0.0 0.0 
r 1.481848641186442 -0.24352926290850058 -0.3446189080528247 -2.0092548026712764 -0.8753562981964619 0.0 0.0 
r 1.4682348376350294 -0.2676903088026994 -0.35899504359071654 -2.0219671106136157 -0.8239703465885757 0.0 0.0 
r 1.456435068379756 -0.2866135638258697 -0.37161551574166274 -2.030436529326782 -0.7793899828807809 0.0 0.0 
r 1.4466637717662445 -0.3007434813463175 -0.38248844747383864 -2.0349853634639268 -0.740497573290295 0.0 0.0 
r 1.439062201545471 -0.3104829404101767 -0.3916262435944364 -2.0361116872154272 -0.7061384531516199 0.0 0.0 
r 1.4337101364359381 -0.3161906881362916 -0.39903347814259826 -2.0344680841544522 -0.6750905332116316 0.0 0.0 
r 1.4306347889648487 -0.3181879921601589 -0.40469672142683444 -2.0308288294191392 -0.6460143622388415 0.0 0.0 
r 1.429821833116577 -0.31675539793420143 -0.40858038822619813 -2.0260596354088034 -0.6173734543384516 0.0 0.0 
r 1.4312242623693312 -0.31212749507070525 -0.4106277902171939 -2.0210719826343455 -0.5873298946571617 0.0 0.0 
r 1.434764638165101 -0.3044959496237195 -0.4107645830066426 -2.016774086596265 -0.5535877095411397 0.0 0.0 
r 1.4403395245924455 -0.29399729828594534 -0.4089108134286623 -2.0140292657766468 -0.5131655783777728 0.0 0.0 
r 1.4478156414916385 -0.2807171453409224 -0.404991572110848 -2.013613977319738 -0.46211945844532976 0.0 0.0 
r 1.4570292909327378 -0.26468172511782384 -0.39895467410420743 -2.016193706848029 -0.39525782310241914 0.0 0.0 
r 1.467782727000425 -0.2458618715019707 -0.390783783281984 -2.022315349059755 -0.3060996919191962 0.0 0.0 
r 1.4798390411800715 -0.22418423797756953 -0.3805144720128303 -2.0324026741947088 -0.1877742329266513 0.0 0.0 
r 1.4929257436691605 -0.19953698156037697 -0.3682432054826258 -2.0467745459174784 -0.03617240211784056 0.0 0.0 
r 1.506738392258999 -0.17178887378002022 -0.35413187131088913 -2.0656701695389987 0.14402118952124834 0.0 0.0 
r 1.5209509934162029 -0.14080885927785589 -0.3384036119906068 -2.089255319399655 0.3347031667337582 0.0 0.0 
r 1.5352269805463956 -0.10649729041813648 -0.3213332493960856 -2.1176685232429335 0.5104660323494069 0.0 0.0 
r 1.5492399196315851 -0.0687981283711386 -0.30323317009330175 -2.1510293478824014 0.6527201802287996 0.0 0.0 
r 1.5626807636660258 -0.027752767498152996 -0.2844282678151057 -2.189453289177792 0.7563418721646211 0.0 0.0 
r -1.5663210728150192 0.01647333322838947 -0.2652433198477461 0.9085574834317305 0.8253284090495275 0.0 0.0 
r -1.5548109742502054 0.06358963551405163 -0.24598118530683208 0.8597602685495356 0.8667305510199801 0.0 0.0 
r -1.5445606961143483 0.11317078015749617 -0.22690951018758349 0.8057641968023717 0.8872880277179791 0.0 0.0 
r -1.535694961384641 0.16467216691510342 -0.20825192160156514 0.7467127442131747 0.892423702271616 0.0 0.0 
r -1.5282850741123002 0.21745948303029047 -0.19018837545915102 0.6829521106631249 0.8862620908254344 0.0 0.0 
r -1.5223496578582327 0.2708710370585006 -0.17285356106110356 0.6150585923158394 0.8718451104959648 0.0 0.0 
r -1.5178595135006252 0.3242757390103937 -0.15634455104303138 0.5438945032125293 0.8514402716829655 0.0 0.0 
r -1.5147423466758076 0.37714052892020294 -0.14072641943942674 0.4705991073919695 0.8267528825224908 0.0 0.0 
r -1.5128902950141856 0.429078368508723 -0.12603887633495164 0.3965340843375658 0.7990778486579186 0.0 0.0 
r -1.512166473675748 0.4798977088326944 -0.112300324891592 0.32318144209686056 0.7694163489248029 0.0 0.0 
r -1.512413005288617 0.5296369869340741 -0.0995110257204048 0.2520140857563809 0.7385505817940773 0.0 0.0 
r -1.5134604729698597 0.5785889445016522 -0.08765425089341566 0.18437130878900915 0.7070997926102258 0.0 0.0 
r -1.515136482600048 0.6273463896785499 -0.07669467167972893 0.12135174502705098 0.6755487257688899 0.0 0.0 
r -1.517274446427102 0.6768659286488588 -0.06657681730497317 0.0637580422902902 0.6442679618407916 0.0 0.0 
r -1.5197232173326332 0.7285548261722897 -0.05722370024186803 0.012092424883261732 0.6135324205345942 0.0 0.0 
r -1.5223554978354972 0.7844150932105013 -0.04853601467439013 -0.03341621254937127 0.5835267084141611 0.0 0.0 
r -1.5250735257795718 0.8472761943956721 -0.040393829158300906 -0.07276369112698283 0.5543535570816572 0.0 0.0 
r -1.5278126451052345 0.9211495558448275 -0.03266093867254098 -0.10611546588028647 0.5260452481376124 0.0 0.0 
r -1.5305446103983507 1.0117380514224033 -0.025191299598169434 -0.1337537101290926 0.49857399489043475 0.0 0.0 
r -1.5332702181582412 1.1271767298204423 -0.01783926187050168 -0.1560471489020469 0.47186871488312804 0.0 0.0 
r -1.5360204312152632 1.2784588136478874 -0.010470000363750042 -0.17340662550563118 0.44583448629734207 0.0 0.0 
r -1.538844801921495 1.478090881412978 -0.0029715978455182937 -0.1862757251325588 0.420373949042968 0.0 0.0 
r -1.5418021333996004 -1.408991643813344 0.004734062349130888 -0.19511310270219945 0.39540798419300055 0.0 0.0 
r -1.5449502134620734 -1.1146756230358645 0.012682931648771531 -0.20039248170951324 0.37089510369915146 0.0 0.0 
r -1.5483352488702935 -0.8222429051492246 0.020864533139645734 -0.2025852440420079 0.34684421539735755 0.0 0.0 
r -1.5519850130980077 -0.5719402682463317 0.02921843237454432 -0.20215986926446167 0.3233316103127917 0.0 0.0 
r -1.5558988060443042 -0.376720115195239 0.037641652537535195 -0.199582613738638 0.30048772717936717 0.0 0.0 
r -1.5600502088868122 -0.22938267485090508 0.04599275258008111 -0.19530934528864113 0.27850446949241053 0.0 0.0 
r -1.5643869587001513 -0.11780604522590322 0.054102078097162165 -0.1897667855889535 0.25761685628613284 0.0 0.0 
r -1.5688320499944175 -0.031740349159362455 0.06178634829463085 -0.1833614277675763 0.2380824622393118 0.0 0.0 
r 1.5683011220784626 0.03616256066703056 0.06886068396337576 -3.3180492069567857 0.22016372647526067 0.0 0.0 
r 1.5639314988443653 0.09092303373466314 0.07515273248560922 -3.3109754518401746 0.2041023961243973 0.0 0.0 
r 1.559757536031893 0.1359695711194433 0.080513662712563 -3.3040141623085444 0.1900997390501155 0.0 0.0 
r 1.5558790498061705 0.17367600691440624 0.08482832615082253 -3.2974000450663947 0.17829883525038365 0.0 0.0 
r 1.5523826486258634 0.20572433489336556 0.08802221031731176 -3.2913152716433096 0.1687709090184501 0.0 0.0 
r 1.5493372470903597 0.2333250972549124 0.09006520262787107 -3.2858933153910246 0.16150856203857086 0.0 0.0 
r 1.546790021671352 0.25737110249602335 0.0909721297952858 -3.2812160158271615 0.1564244053704629 0.0 0.0 
r 1.5447655769308681 0.27852441293970415 0.0908003659047576 -3.277318591088604 0.15335734188154865 0.0 0.0 
r 1.5432662221458926 0.2972803083457692 0.08964409735175126 -3.2741946191092146 0.15208262955209878 0.0 0.0 
r 1.5422752389482601 0.3139894769824201 0.08762846037825292 -3.2717975725186585 0.15232479717113384 0.0 0.0 
r 1.541760576043349 0.32887980753201834 0.08489987492054997 -3.2700509098989357 0.15377768196785258 0.0 0.0 
r 1.5416781610278774 0.34207427488805037 0.08161737106880519 -3.2688517900728153 0.15612308058961533 0.0 0.0 
r 1.5419758236998657 0.3536010537368619 0.07794346144356135 -3.268078004530418 0.15904945389888486 0.0 0.0 
r 1.5425979786017325 0.36338936866907096 0.07403614243670718 -3.2675938844243926 0.16226996146054012 0.0 0.0 
r 1.543488426245254 0.3712814765798647 0.07004196264139803 -3.267252863187972 0.1655369315517015 0.0 0.0 
r 1.5445935797117478 0.3770413599607638 0.06608962809405847 -3.2669044035936716 0.16865502597242996 0.0 0.0 
r 1.5458638356975674 0.38037607287838743 0.06228703666300682 -3.266392525930496 0.17148588616056198 0.0 0.0 
r 1.5472554228048139 0.3809526115411936 0.05871946417035149 -3.265558898606839 0.17395007248265867 0.0 0.0 
r 1.548730247823944 0.3784490116495835 0.05544814889687029 -3.264241088594888 0.1760260070917335 0.0 0.0 
r 1.5502575703877832 0.372573891775373 0.052511082345069605 -3.26227009978486 0.177743645605782 0.0 0.0 
r 1.5518150106981832 0.3630876436387628 0.04992424566492684 -3.2594729964026374 0.17917426331842565 0.0 0.0 
r 1.5533886850968361 0.34981354497774536 0.04768471008511137 -3.255667118918599 0.18041725943548337 0.0 0.0 
r 1.554974447743556 0.3326292607083775 0.04577058905699438 -3.2506625083460623 0.1815907001844898 0.0 0.0 
r 1.5565778312682514 0.3114240158381783 0.04414503958219701 -3.244259756057212 0.1828129944883304 0.0 0.0 
r 1.558213895016404 0.28605299466592876 0.042756207203230936 -3.236253256086515 0.18419329470141654 0.0 0.0 
r 1.5599071010652819 0.25623692301191914 0.04154026998365475 -3.226434662564129 0.1858154204389327 0.0 0.0 
r 1.561690155074025 0.22148825576864167 0.04041814623371001 -3.2146009397394337 0.1877315422602428 0.0 0.0 
r 1.563602804167488 0.1809395162655593 0.03930211972076502 -3.200562676948587 0.1899440036388591 0.0 0.0 
r 1.565683053413175 0.13337009683971104 0.03809328576910141 -3.184151906218914 0.19240143714905117 0.0 0.0 
r 1.567965480066547 0.0769848330720452 0.03668244925622934 -3.1652380164946083 0.19499216402399547 0.0 0.0 
r 1.570474421449949 0.009206156021549202 0.03495108887377537 -3.1437463450799505 0.19753741959160231 0.0 0.0 
r -1.568375871163898 -0.07369254209742933 0.032774173024600346 0.021917985857095756 0.19978635233627393 0.0 0.0 
r -1.565417468359803 -0.17722705744641817 0.030022935879172888 0.04848159768893395 0.2014120310496243 0.0 0.0 
r -1.5622916386062353 -0.30973367226948245 0.026568724843761837 0.07734289141182532 0.20201112007910635 0.0 0.0 
r -1.559082982344545 -0.48382544150402546 0.02228795978176583 0.10818990401705669 0.20110492541816605 0.0 0.0 
r -1.5559147071458443 -0.7170950164005034 0.017066829057413857 0.14059191226561124 0.1981457553842127 0.0 0.0 
r -1.5529492009648072 -1.0263373695526237 0.010807287050904078 0.17400781804830895 0.19253095197633596 0.0 0.0 
r -1.5503853860352053 -1.404216461873756 0.003432317146730504 0.2078073835288466 0.18362604263213814 0.0 0.0 
r -1.5484532849631754 1.3460153960208145 -0.00510942695472113 0.24130435782845377 0.17080624535739306 0.0 0.0 
r -1.5474045808429242 1.0055217429264025 -0.014839512501158834 0.27379144354229806 0.15351572269241467 0.0 0.0 
r -1.547502431070593 0.7353938577987732 -0.025747227802174564 0.3045774174259864 0.1313508955779914 0.0 0.0 
r -1.549008786107434 0.5228690705534272 -0.03778878664177807 0.3330153762199442 0.10416202381557912 0.0 0.0 
r -1.5521706250076581 0.3506247821585319 -0.050888450591474274 0.35851817012440773 0.0721621919419439 0.0 0.0 
r -1.557206466122495 0.20601752912787655 -0.06494123874960024 0.3805616623206662 0.036015223620861535 0.0 0.0 
r -1.564293727134563 0.08111873646361543 -0.07981679360450493 0.39867614939443624 -0.003134626012900335 0.0 0.0 
r 1.5680377506094931 -0.028830674279839343 -0.09536555793348926 -2.7291642649952914 -0.04372359166116295 0.0 0.0 
r 1.5565453350227498 -0.12669459925723436 -0.11142468213416377 -2.7201867735814247 -0.08393155212254681 0.0 0.0 
r 1.5428394996129955 -0.21423757049090783 -0.127824633093536 -2.7163870781582764 -0.12191701945471406 0.0 0.0 
r 1.5270203729892526 -0.29260239619549605 -0.1443956850594885 -2.7181566451332078 -0.15605975156575322 0.0 0.0 
r 1.5092739299054876 -0.36258773958273166 -0.16097406827665695 -2.725854548913865 -0.1851438837649198 0.0 0.0 
r 1.489871196268389 -0.4248043967108439 -0.17740699161117232 -2.7397635535675224 -0.20844359420465833 0.0 0.0 
r 1.4691621882026356 -0.47975919819304536 -0.19355718065160787 -2.7600252330099226 -0.225711559217389 0.0 0.0 
r 1.4475636450332119 -0.5279015573298745 -0.2093053386199825 -2.7865572886087735 -0.23710296917182958 0.0 0.0 
r 1.4255401323820804 -0.5696470958282173 -0.22455265356828613 -2.8189754924615587 -0.24306994501338836 0.0 0.0 
r 1.4035798948944609 -0.605388640058159 -0.23922252707437044 -2.856538017254691 -0.2442565418694412 0.0 0.0 
r 1.3821677915858712 -0.6355031715541971 -0.25326019506179703 -2.8981436000260654 -0.24141161208360357 0.0 0.0 
r 1.3617575305920584 -0.6603552198822645 -0.2666325366334472 -2.9423984562025556 -0.23532034737833196 0.0 0.0 
r 1.342746938789255 -0.6802992962468016 -0.27932673772868805 -2.987749459241533 -0.22675605837497775 0.0 0.0 
r 1.3254588743152693 -0.6956817936005721 -0.29134828258988626 -3.032650395928288 -0.21644686717607692 0.0 0.0 
r 1.3101298371632222 -0.7068426033556828 -0.302718044824263 -3.0757202780179584 -0.20505342330930754 0.0 0.0 
r 1.2969058728103868 -0.7141170199125279 -0.31346935764647976 -3.115854100716466 -0.193154705032187 0.0 0.0 
r 1.2858463963577276 -0.7178364905333955 -0.3236444719696354 -3.152271210950564 -0.18123939627825925 0.0 0.0 
r 1.2769323505823102 -0.7183305288559905 -0.33329154533094585 -0.042913765985883534 -0.16970155602853088 0.0 0.0 
r 1.2700801834074684 -0.7159251183251234 -0.34246126403934407 -0.07077441385302458 -0.1588406797276345 0.0 0.0 
r 1.2651546105994391 -0.7109453679917513 -0.35120419035299033 -0.09427915038195195 -0.1488659343161688 0.0 0.0 
r 1.2619832109175844 -0.7037136732541038 -0.3595690698352298 -0.11360390471769127 -0.1399013436761724 0.0 0.0 
r 1.260368194493816 -0.694549191094278 -0.3676025481258076 -0.12903328085358717 -0.13199452032649323 0.0 0.0 
r 1.2600973418676749 -0.6837678886186267 -0.3753476578500768 -0.14092377146514984 -0.12512968042674505 0.0 0.0 
r 1.2609529598362519 -0.6716803726925059 -0.38284387715242285 -0.1496778761648649 -0.11924080162932549 0.0 0.0 
r 1.262720144538894 -0.6585865659408271 -0.3901279923485106 -0.15572509365495052 -0.1142243174390738 0.0 0.0 
r 1.2651902739050298 -0.6447779925133077 -0.3972330985185862 -0.15950175334597477 -0.10995583057307806 0.0 0.0 
r 1.2681680141293448 -0.6305295283415141 -0.40418896921004877 -0.1614402094652702 -0.10629933189014862 0.0 0.0 
r 1.271475652931353 -0.6160954423651581 -0.41102095615686074 -0.16195448055849865 -0.10312023201791831 0.0 0.0 
r 1.2749566577401055 -0.601705113441311 -0.4177487503182587 -0.16142719266409217 -0.10029284461337956 0.0 0.0 
r 1.278480442832368 -0.5875549556159102 -0.42438558152228745 -0.16020319185419613 -0.09770584997427423 0.0 0.0 
r 1.2819446574668139 -0.5738071291450428 -0.4309347411678081 -0.15858178398191297 -0.09526823570913773 0.0 0.0 
r 1.2852753296329125 -0.5605878683636919 -0.437389029837399 -0.1568101736823843 -0.0929087168697027 0.0 0.0 
r 1.2884267967073253 -0.547986488030607 -0.44373020276048425 -0.15508103431041648 -0.09057530486350973 0.0 0.0 
r 1.2913806820820277 -0.5360564002379422 -0.4499284985752497 -0.1535346685776146 -0.08823587252937809 0.0 0.0 
r 1.294143578070889 -0.5248175832367503 -0.4559433066996857 -0.1522602931410168 -0.08587695414441238 0.0 0.0 
r 1.296742005019128 -0.514262672798335 -0.461725190380973 -0.1512977416545886 -0.08350174703488028 0.0 0.0 
r 1.2992181138577257 -0.5043607133531052 -0.46721942626783775 -0.1506404189469805 -0.08113176030702274 0.0 0.0 
r 1.3016244434900992 -0.49506154722287554 -0.47237083195705953 -0.15023673011550825 -0.07880053499371686 0.0 0.0 
r 1.3040205105688987 -0.48630080500543243 -0.47712533369412014 -0.1499941254100911 -0.07655810906931881 0.0 0.0 
r 1.3064712931963722 -0.4779980414479883 -0.4814351151475787 -0.14978295053227159 -0.07446737405471654 0.0 0.0 
r 1.3090449071023855 -0.4700595887764969 -0.48526039672067883 -0.14943581592369543 -0.07260324072182994 0.0 0.0 
r 1.3118133956508853 -0.46237677109147646 -0.48857046853457126 -0.14875521490728677 -0.07105130487394157 0.0 0.0 
r 1.314855518915816 -0.454822184284131 -0.49134300340446113 -0.14751313962507412 -0.06990467069093698 0.0 0.0 
r 1.318260546303617 -0.4472446167380056 -0.4935625476281042 -0.14545619852447594 -0.0692582845812591 0.0 0.0 
r 1.3221325297065505 -0.4394647558460441 -0.4952165920848781 -0.14231240774747372 -0.06920418348094004 0.0 0.0 
r 1.3265969923694518 -0.4312675072704918 -0.4962899162209145 -0.13779802425512705 -0.06982762431615025 0.0 0.0 
r 1.3318058646147386 -0.42239542682992426 -0.49675909165190046 -0.13162698330923778 -0.07119924924502397 0.0 0.0 
r 1.3379423639127515 -0.4125414894684247 -0.49658538268148184 -0.12352130706992587 -0.07336950375455259 0.0 0.0 
r 1.345222475599723 -0.401342636634905 -0.49570943540200924 -0.1132240140022504 -0.07636335677740885 0.0 0.0 
r 1.3538937547254166 -0.3883734670154979 -0.4940459710567012 -0.10051630744738421 -0.08017461124014502 0.0 0.0 
r 1.3642280632615407 -0.3731429311767752 -0.4914800398821968 -3.2268335582724395 -0.08476360366984526 0.0 0.0 
r 1.3765069425290444 -0.355093101749874 -0.48786736909778156 -3.208916806810948 -0.09005032465034318 0.0 0.0 
r 1.391002200034145 -0.33359718769658986 -0.48303653995858103 -3.1884021076129034 -0.09591172305721934 0.0 0.0 
r 1.4079484103788928 -0.3079610597864378 -0.47679544363827553 -3.165484006839403 -0.10217511515639444 0.0 0.0 
r 1.4275103612044027 -0.2774275296609666 -0.46894046375673776 -3.140542047362664 -0.10861239908607506 0.0 0.0 
r 1.4497473628547173 -0.24118589935960982 -0.4592691359327907 -3.114161374242233 -0.1149349025650121 0.0 0.0 
r 1.4745791524747065 -0.19838939244455128 -0.44759668874103636 -3.087129849976815 -0.12078620006074486 0.0 0.0 
r 1.501759142063493 -0.14818848547174623 -0.43377262468448924 -3.060396638537104 -0.1257395430255826 0.0 0.0 
r 1.5308616283654457 -0.08978643146532227 -0.4176981092773306 -3.034988773828227 -0.12929940024986503 0.0 0.0 
r 1.5612880662562594 -0.022527370643576364 -0.39934150419312986 -3.011896070990295 -0.13091181112054584 0.0 0.0 
r -1.5492977857654344 0.05397717418782822 -0.3787499000836591 0.14964318645479607 -0.12998710539841724 0.0 0.0 
r -1.518551561019852 0.139689711959832 -0.3560574805012188 0.16586883195060015 -0.12593710201571412 0.0 0.0 
r -1.4889439865300333 0.23398008938263373 -0.33148750299407953 0.1781037086020592 -0.11823063034325043 0.0 0.0 
r -1.4613264404978756 0.3355093763251533 -0.3053465576590048 0.18636844860643625 -0.10646258246042606 0.0 0.0 
r -1.4364671107914704 0.4422350910189086 -0.27801334967953484 0.19091849113116394 -0.09043107530102484 0.0 0.0 
r -1.4150089307268767 0.5515924947526967 -0.24992152120275588 0.19216797703210348 -0.07020708663201228 0.0 0.0 
r -1.397444668040664 0.6608411331136314 -0.22153747659447398 0.1906085198218322 -0.046175711968444666 0.0 0.0 
r -1.3841083131351524 0.7674765256067251 -0.19333668788444353 0.18674501626183554 -0.019031658745600005 0.0 0.0 
r -1.3751794789133784 0.8695741818394631 -0.1657789501260818 0.1810522828075884 0.010281144034817058 0.0 0.0 
r -1.3706938660832346 0.9659729658605811 -0.1392874495829985 0.17395232482344575 0.040682612491103914 0.0 0.0 
r -1.370558521345284 1.0562914801690533 -0.11423006473416474 0.16580616051181357 0.07109247385566944 0.0 0.0 
r -1.3745645217402085 1.140843547056697 -0.0909066525709563 0.15691867022392075 0.10055694158230119 0.0 0.0 
r -1.3824001763615843 1.220523699217262 -0.06954189232629737 0.1475484401807951 0.12833984133406956 0.0 0.0 
r -1.3936618269293404 1.2967421278211955 -0.0502824573502181 0.13791923420227442 0.15396149153035882 0.0 0.0 
r -1.40786590139127 1.371443002119499 -0.03320016055427441 0.12823585180478353 0.17719265712272422 0.0 0.0 
r -1.4244615654626074 1.4472666032167145 -0.018297974107841137 0.11869357118983387 0.1980201770801277 0.0 0.0 
r -1.4428455849852058 1.5279297254069852 -0.005518266562358596 0.10948696707215416 0.2165962984323339 0.0 0.0 
r -1.4623826653148118 -1.5226248399719844 0.005247015701145086 0.10081683727352947 0.2331894933242887 0.0 0.0 
r -1.4824279749877518 -1.4124795207405276 0.014144158904912794 0.09289283217526428 0.248143075494944 0.0 0.0 
r -1.5023514654386334 -1.2688786489887902 0.02134648362072705 0.08592935678030705 0.2618472012968485 0.0 0.0 
r -1.5215638896340713 -1.0687388814098289 0.027042738534682184 0.08014442495155621 0.27471652707168837 0.0 0.0 
r -1.5395397505306196 -0.7826998595638643 0.03142560150044915 0.0757551389260907 0.287178777987889 0.0 0.0 
r -1.5558377571568052 -0.40709322598417097 0.03468087209325347 0.07297174975513748 0.2996694419324197 0.0 0.0 
r -1.5701157347509656 -0.018394735559511686 0.03697825264990582 0.07199658972987694 0.3126291568234407 0.0 0.0 
r 1.5594540282071807 0.28663323764643966 0.03846376706056189 -3.068574390845132 0.3265036462737835 0.0 0.0 
r 1.5498117697566174 0.4907892664082808 0.03925292609157794 -3.065384899897645 0.34174551759126093 0.0 0.0 
r 1.5425686646444938 0.621230310698177 0.03942692324533018 -3.059874525816502 0.35881460362275747 0.0 0.0 
r 1.5376446530109198 0.7040798989373864 0.03902919614899322 -3.0519129428669416 0.37817822106985044 0.0 0.0 
r 1.534872637289758 0.756433816793858 0.038065380379527565 -3.041395888099176 0.40030885792372656 0.0 0.0 
r 1.534013466007485 0.7891930787200917 0.03650498717570461 -3.0282494824326256 0.4256797120776589 0.0 0.0 
r 1.5347721353600015 0.81016770607022 0.03428377289492648 -3.012431516419043 0.4547573409462673 0.0 0.0 
r 1.5368149519331942 0.8263298332737252 0.03130932039837989 -2.9939304894540624 0.4879859771544878 0.0 0.0 
r 1.539789182830484 0.8459434885109869 0.02746463117526569 -2.9727680117740913 0.5257753313368043 0.0 0.0 
r 1.54333789294379 0.8818136707360112 0.022617341141886713 -2.9489872692721404 0.5684721996981693 0.0 0.0 
r 1.5471156968247093 0.9586871635673233 0.01662686930459627 -2.922647017028702 0.6163323916516934 0.0 0.0 
r 1.550801930296951 1.133305377530056 0.009352732716703909 -2.893807312809927 0.6694880555491121 0.0 0.0 
r 1.5541101797103245 1.5309640348658489 0.0006650608443593419 -2.8625172048020255 0.7279114062245297 0.0 0.0 
r 1.556797551928631 -0.9723572119177537 -0.009545367534599938 -2.8288028568288115 0.7913829131240093 0.0 0.0 
r 1.5586683483783723 -0.5164333646271557 -0.021356056984370434 -2.7926529675401444 0.85946536060579 0.0 0.0 
r 1.5595770315644395 -0.3117587978033392 -0.03480097550477029 -2.7540120283091136 0.9314964162335122 0.0 0.0 
r 1.5594299413612227 -0.22397405440513313 -0.04985802196628033 -2.712784062441166 1.0065906906834128 0.0 0.0 
r 1.5581844754894223 -0.18733312811466796 -0.06643933194847475 -2.6688395129194857 1.0836720823956056 0.0 0.0 
r 1.5558459486109195 -0.17495910140547455 -0.08438246762953314 -2.622039774562819 1.1615176353726118 0.0 0.0 
r 1.5524650821029542 -0.1747925895820038 -0.10344508771069384 -2.5722834663531624 1.2388115344212705 0.0 0.0 
r 1.5481327874708277 -0.18090003521007153 -0.12330499512710873 -2.5195808280267227 1.3142031743624434 0.0 0.0 
r 1.5429769210933824 -0.19016288110856785 -0.14356754735032293 -2.4641673784028764 1.3863600015302664 0.0 0.0 
r 1.5371542653399528 -0.2009018114728061 -0.1637783449261987 -2.406648460533309 1.4540074434147916 0.0 0.0 
r 1.5308458750664506 -0.2122023019711823 -0.18344438106104582 -2.348171960495246 1.5159590644634562 0.0 0.0 
r 1.5242498586841298 -0.2235787912835421 -0.20206004094113642 -2.290571983310276 1.571136543647037 0.0 0.0 
r 1.5175731584503325 -0.23479078436759457 -0.21913647122898952 -2.2364279685758746 1.6185813380963932 0.0 0.0 
r 1.5110243987095222 -0.2457303076464609 -0.23423071124765948 -2.1889539567261433 1.6574604675402087 0.0 0.0 
r 1.5048054136197706 -0.25635675132206653 -0.24697336154047442 -2.151679664598861 1.6870701996070359 0.0 0.0 
r 1.4991027374152468 -0.26665690553091154 -0.2570904198449823 -2.127967631847383 1.7068356651888594 0.0 0.0 
r 1.4940800359220312 -0.2766173269174481 -0.2644187601590954 -2.1204776045498606 1.7163083276680737 0.0 0.0 
r 1.4898704515558374 -0.286208491802858 -0.2689149317210225 -2.130711198954867 1.7151630604090613 0.0 0.0 
r 1.4865698510007426 -0.29537594786607774 -0.2706565007669968 -2.15873678792441 1.703195119847296 0.0 0.0 
r 1.4842319095527974 -0.3040357360514974 -0.2698360707161852 -2.2031456944046535 1.6803200792369632 0.0 0.0 
r 1.4828665702632131 -0.31206943530537684 -0.2667491140105918 -2.261255632731978 1.6465806497281863 0.0 0.0 
r 1.4824395181134584 -0.31933034317641373 -0.2617740825831702 -2.3295469313266755 1.6021611347789606 0.0 0.0 
r 1.4828768360627074 -0.3256461364604408 -0.2553475811151822 -2.404236105248664 1.5474172024926318 0.0 0.0 
r 1.4840701685373454 -0.33083325148048237 -0.24793658461379744 -2.481815464118678 1.48292216811025 0.0 0.0 
r 1.4858867882584568 -0.33470664785689425 -0.24000980040196745 -2.559436953616306 1.409526291103758 0.0 0.0 
r 1.4881806521972525 -0.3370973923354551 -0.2320085631374243 -2.635061920382657 1.3284162135921522 0.0 0.0 
r 1.4908032261392836 -0.33787177271178864 -0.22432413980685245 -2.7074125905146307 1.2411518201168577 0.0 0.0 
r 1.4936135079990707 -0.33695244434759214 -0.2172795838676213 -2.7758140656264025 1.149651410836737 0.0 0.0 
r 1.4964867209833468 -0.3343334065835688 -0.21111925765714615 -2.8400096667300128 1.0561007310223416 0.0 0.0 
r 1.499320528360262 -0.3300896408674145 -0.20600385517080522 -2.900002737872807 0.9627825887022189 0.0 0.0 
r 1.5020394198309694 -0.324367830802584 -0.20201435653418812 -2.955937205367224 0.871867400051948 0.0 0.0 
r 1.5045942689499037 -0.3173787213154349 -0.19915824979911845 -3.008020815008513 0.7852099943629876 0.0 0.0 
r 1.5069618732487455 -0.30936991485568316 -0.19737967220631703 -3.0564756434928406 0.7042122305928457 0.0 0.0 
r 1.509140772213119 -0.30060232528599856 -0.19657200511138045 -3.1015073286223958 0.6297740425977311 0.0 0.0 
r 1.511147337870537 -0.291324591700852 -0.19658944215802893 -3.143294638382941 0.562324576174533 0.0 0.0 
r 1.513009416301739 -0.2817597313941384 -0.19726006995252568 -3.1819793553653772 0.5019052450073982 0.0 0.0 
r 1.514761035711135 -0.2720944867606432 -0.19839869098391816 -3.217667913520632 0.4482770747111102 0.0 0.0 
r 1.5164386845148285 -0.2624718872736053 -0.1998180795077411 -3.2504363627894723 0.4010215258427524 0.0 0.0 
r 1.518076589340699 -0.2529983226159641 -0.20133841691328452 -3.2803309696726197 0.3596238963656455 0.0 0.0 
r 1.519702521178692 -0.2437534987510695 -0.20279697193077253 -3.3073752114575576 0.3235342540453548 0.0 0.0 
r 1.521337944241772 -0.23478847423831334 -0.20405438460588649 -3.3315833307889027 0.2922103932341586 0.0 0.0 
r 1.5229978329631413 -0.2261287290851211 -0.20499971178071702 -3.3529713085499755 0.2651420180888981 0.0 0.0 
r 1.5246924473198655 -0.2177700811052681 -0.20555454872889478 -3.371567640294483 0.24186374906269742 0.0 0.0 
r 1.526429590724793 -0.2096769478230446 -0.20567256933056607 -3.3874269880455605 0.22195648307767082 0.0 0.0 
r 1.528217492788465 -0.2017744737535225 -0.205340640750763 -0.25904794407862836 0.20504689178046084 0.0 0.0 
r 1.530067409580552 -0.19394377369795476 -0.20457627047159474 -0.2697527150732259 0.19080180189355575 0.0 0.0 
r 1.5319966111946328 -0.18601394534539242 -0.2034239536053826 -0.2781381522782182 0.1789206996448475 0.0 0.0 
r 1.5340298244098436 -0.1777589824002689 -0.20195154467869725 -0.2844471012558842 0.16912997326411178 0.0 0.0 
r 1.5361995650391167 -0.1688991954688695 -0.2002460701183548 -0.2889730988004621 0.1611794181837538 0.0 0.0 
r 1.5385455248684838 -0.1591081693468425 -0.19840852462193267 -0.2920530728683572 0.1548375274493217 0.0 0.0 
r 1.5411138031921157 -0.14802198052904716 -0.19654887124900144 -0.2940558589365087 0.1498909198040488 0.0 0.0 
r 1.5439532870105008 -0.13526529153238356 -0.1947816569604883 -0.29536573367262137 0.14614569492595464 0.0 0.0 
r 1.5471137578195444 -0.12047520834452857 -0.19321987964568668 -0.2963631178938588 0.1434270880958201 0.0 0.0 
r 1.550644507637336 -0.10332488312346565 -0.19197176360883814 -0.29740892279762415 0.14158552450019102 0.0 0.0 
r 1.5545911904429988 -0.0835606338844293 -0.19113591236065874 -0.29882237289429664 0.14049739094226837 0.0 0.0 
r 1.5589950270266915 -0.06102705870242097 -0.19079752900528757 -0.3008665444756355 0.14007095618832588 0.0 0.0 
r 1.563892646370753 -0.03568500473211461 -0.19102466427594006 -0.3037350242691485 0.14024795907114346 0.0 0.0 
r 1.5693154178347992 -0.007623350104163442 -0.19186641355004752 -0.3075416062808158 0.1410070740784395 0.0 0.0 
r -1.5663017119112717 0.022951460867046036 -0.1933521719487074 2.8292738616516653 0.14236908801619175 0.0 0.0 
r -1.5597499823701844 0.055728856659777455 -0.19548973291855656 2.8235776467342655 0.14439401432338025 0.0 0.0 
r -1.5526019160326774 0.0903248631343433 -0.1982676169355682 2.817089010936941 0.1471865317765986 0.0 0.0 
r -1.5448425504829713 0.12630694804667214 -0.20165517569514746 2.810004765151065 0.15089305608522177 0.0 0.0 
r -1.5364623441265979 0.16322974803607793 -0.20560492584278425 2.802578228990058 0.1557008644496311 0.0 0.0 
r -1.5274615546703183 0.20064806530268062 -0.21005634799541964 2.795109040012277 0.16183775544397025 0.0 0.0 
r -1.5178524163420872 0.2381377208149353 -0.21493789700648655 2.7879294557912067 0.16956655603957713 0.0 0.0 
r -1.5076642471137325 0.275296402704933 -0.22017064402435418 -0.36019677470613715 0.17918063849382243 0.0 0.0 
r -1.4969462665484585 0.3117475314799537 -0.22567301133116888 -0.3657161985867778 0.1910011974339963 0.0 0.0 
r -1.485771524400241 0.34713623449285064 -0.23136314487111398 -0.3698475676413479 0.20536988914238305 0.0 0.0 
r -1.4742378559669465 0.38112975248667835 -0.23716323695307073 -0.3722211274097926 0.2226456454419923 0.0 0.0 
r -1.4624683461645753 0.41341354090710547 -0.24300352700095756 -0.3724738741937112 0.24320061217781644 0.0 0.0 
r -1.4506079829767535 0.44369469568675396 -0.24882622030518342 -0.3702567633018045 0.26741792644771595 0.0 0.0 
r -1.4388205502005853 0.47169948599506867 -0.2545881972454044 -0.36523645174237956 0.2956892663840683 0.0 0.0 
r -1.4272837420677942 0.4971704902750363 -0.26026441094654934 -0.3570946595475261 0.32841351442160266 0.0 0.0 
r -1.4161830461408158 0.5198682385040632 -0.2658482161972537 -0.34552634008747324 0.3659925610887535 0.0 0.0 
r -1.4057057316092592 0.5395702777535182 -0.271351359359582 -0.3302363844772575 0.40882609150576377 0.0 0.0 
r -1.396036063557082 0.55606912252247 -0.27680201479429634 -0.31092973841941557 0.45729939869005387 0.0 0.0 
r -1.3873506111019296 0.5691745734649853 -0.28224048104032046 -0.2873015583863931 0.511764546454873 0.0 0.0 
r -1.3798160006297364 0.5787131417447832 -0.28771367357662947 -0.2590243127319806 0.5725115482780615 0.0 0.0 
r -1.3735854713610423 0.5845360623988785 -0.2932674918059191 -0.22573326850746928 0.6397251157717817 0.0 0.0 
r -1.3687981313221387 0.5865210110662892 -0.29893989126929027 -0.18701236967544593 0.7134292998814534 0.0 0.0 
r -1.3655771120790061 0.5845804184526847 -0.3047525691824038 -0.14238711473921278 0.7934208886409955 0.0 0.0 
r -1.364027598898766 0.5786700375794198 -0.3107031276326533 -0.09132444478986862 0.8791960667793843 0.0 0.0 
r -1.3642345277597094 0.568793915602084 -0.31676023217882154 -0.03324383862014163 0.9698906284401909 0.0 0.0 
r -1.366259214155333 0.5550110111594204 -0.32285949445235895 0.032445113677090964 1.064251042187261 0.0 0.0 
r -1.3701351452849202 0.5374369693298234 -0.32890394530880956 0.10626866582406597 1.1606588625300258 0.0 0.0 
r -1.3758640261465886 0.5162424314273556 -0.3347670956262223 0.18856985687439215 1.2572211776891318 0.0 0.0 
r -1.3834119344880227 0.4916467437315026 -0.34030018900446035 0.27933821722641544 1.3519207590156679 0.0 0.0 
r -1.3927061602879547 0.46390938495887546 -0.345342042221205 0.378000449603983 1.4427965170414243 0.0 0.0 
r -1.4036353872896505 0.4333136879311082 -0.3497320616728409 0.4832220093575342 1.5281149284562328 0.0 0.0 
r -1.4160510696248831 0.4001526502847125 -0.35332375856546483 0.5928018713809642 1.606495045450194 0.0 0.0 
r -1.4297724648695131 0.3647138406670537 -0.35599716387947916 0.7037646409642018 1.6769691299009826 0.0 0.0 
r -1.444593916365755 0.3272656712772977 -0.3576713236534437 0.8126881038631006 1.738984543526511 0.0 0.0 
r -1.4602949068763937 0.2880503152797543 -0.35831009186731594 0.9162044923475183 1.7923627547584375 0.0 0.0 
r -1.4766503152517374 0.24728224633673382 -0.3579257769919122 1.011494528525122 1.8372354685006915 0.0 0.0 
r -1.4934389390476828 0.20515876735590352 -0.35657650130282836 1.096609552825761 1.8739747136358664 0.0 0.0 
r -1.5104528895347766 0.1618696108292076 -0.3543605302842126 1.170557170329994 1.9031283033144746 0.0 0.0 
r -1.5274976062485655 0.11762911167601361 -0.35140817242807865 1.2331884488764537 -1.216227436986291 0.0 0.0 
r -1.5443980841938327 0.07268813126160396 -0.347869237333856 1.2849946926811537 -1.2001647419586736 0.0 0.0 
r -1.5609953039878217 0.02736100243046049 -0.34390221534416776 1.3268807530823028 -1.1894983342081187 0.0 0.0 
r 1.5644519127586443 -0.017953084907181407 -0.33966080831971557 -1.7816208422446564 -1.1834482452517228 0.0 0.0 
r 1.5489000100391903 -0.06276792790491738 -0.33528711758075785 -1.756130115732313 -1.1812586057206191 0.0 0.0 
r 1.5340819989892405 -0.10651662233706588 -0.33090064795342955 -1.7370826402991661 -1.1822239892951638 0.0 0.0 
r 1.5201461855133165 -0.14855570771535137 -0.32659821314502213 -1.7234425606894954 -1.1857072684390855 0.0 0.0 
r 1.5072527839394205 -0.18819097025488005 -0.32244834446629467 -1.7143456979286196 -1.1911609312345899 0.0 0.0 
r 1.4955771287291248 -0.22470270241636275 -0.3184940395808229 -1.7091286367374197 -1.1981377837049585 0.0 0.0 
r 1.4853078991315867 -0.2573774165587464 -0.31475520850276406 -1.7073409870342837 -1.206302876527777 0.0 0.0 
r 1.4766498184896835 -0.2855114133621579 -0.3112341906630405 -1.7087440380770824 -1.2154362329813126 0.0 0.0 
r 1.4698191162494343 -0.3084180060514302 -0.3079221174547023 -1.7132927808342084 -1.2254322422177149 0.0 0.0 
r 1.465041341887038 -0.3254105840067009 -0.30480605025770807 -1.7211094259070612 -1.2362934599987006 0.0 0.0 
r 1.4625417370516638 -0.3357896757668389 -0.3018791941229474 -1.7324396992876565 -1.2481159883053694 0.0 0.0 
r 1.462534511419295 -0.33882806756105 -0.29914736324711366 -1.7476059068452823 -1.261078542520099 0.0 0.0 
r 1.4652093617324211 -0.33376067039854945 -0.29663854583153787 -1.7669516302906199 1.8661669256558469 0.0 0.0 
r 1.4707133761043616 -0.31980426376684873 -0.29440948171542336 -1.7907843081587222 1.8501353481291947 0.0 0.0 
r 1.4791301360637676 -0.2962197021832598 -0.2925509015809962 -1.8193160542226319 1.832072021128142 0.0 0.0 
r 1.4904573433969885 -0.2624392456898885 -0.2911895159848924 -1.8526134348619958 1.8115780426640335 0.0 0.0 
r 1.5045852638979114 -0.21827342919364626 -0.2904879231327592 -1.8905572117268155 1.788189190226832 0.0 0.0 
r 1.5212780828028045 -0.16419512619369453 -0.2906410991053797 -1.932818468235991 1.7613468617286925 0.0 0.0 
r 1.540163270188039 -0.10163917607966413 -0.2918656231030283 -1.9788556037216931 1.7303463525933247 0.0 0.0 
r 1.560734209967714 -0.03317545582063458 -0.2943890531268764 -2.0279381141694452 1.6942654735682277 0.0 0.0 
r -1.5592285057573834 0.03758805964246494 -0.29843407851860504 1.0624056653083935 1.6518676424142567 0.0 0.0 
r -1.5372560273011278 0.10647068920009226 -0.3042012851804626 1.0099591165776067 1.6014825419675065 0.0 0.0 
r -1.515707628091444 0.1694184060082404 -0.31185384681599027 0.9573049927417878 1.5408757952717962 0.0 0.0 
r -1.4953525358312265 0.22316843971238415 -0.32150346063933316 0.9053860476705735 1.4671511159149921 0.0 0.0 
r -1.4769185243934424 0.2656131661798917 -0.3332000721937749 0.8550412490088874 1.3767942141536362 0.0 0.0 
r -1.461053579452718 0.2958176970500665 -0.34692588862606766 0.8069617194684717 1.266094120342631 0.0 0.0 
r -1.4482999401446013 0.3137997057044669 -0.3625931333568573 0.7616686833152488 1.1323374333838125 0.0 0.0 
r -1.4390784990277747 0.320238222573364 -0.380047197296754 0.7195061935432678 0.9760542048829477 0.0 0.0 
r -1.433685299493318 0.31621240630640507 -0.39907284774301716 0.6806539541820182 0.8035775100122118 0.0 0.0 
r -1.4322933098282626 0.30301745784980283 -0.4194040683698713 0.6451442388338344 0.6273731831062281 0.0 0.0 
r -1.4349576245788112 0.2820498172858309 -0.44073426058864973 0.6128881168563955 0.4620098353619134 0.0 0.0 
r -1.441623883538852 0.25473171428845004 -0.4627303103529979 0.5837058284527354 0.3182690148821714 0.0 0.0 
r -1.4521349390158589 0.2224647979929952 -0.4850460476643295 0.5573559047960053 0.2003880209961299 0.0 0.0 
r -1.466236188926647 0.18659578860996462 -0.5073348801715333 0.5335620517820812 0.10737797410716043 0.0 0.0 
r -1.4835827314279255 0.14838188204588096 -0.5292636107540466 0.5120409424391505 0.035687564625366264 0.0 0.0 
r -1.5037476818755466 0.10896142316760757 -0.5505236198805952 0.4925258864575593 -0.018836440907708862 0.0 0.0 
r -1.5262351871851447 0.06932773590720961 -0.5708409436947716 0.4747880058236322 -0.06000693800556378 0.0 0.0 
r -1.5504982121666655 0.030311715961825633 -0.5899841540958559 0.45865088361062806 -0.09099640653803043 0.0 0.0 
r 1.5656300332679651 -0.00742699149098143 -0.6077694871950498 -2.6975929621850248 -0.11432964526681522 0.0 0.0 
r 1.53953517099022 -0.0434014451076554 -0.6240634935661239 -2.7108093353057687 -0.13197309881645247 0.0 0.0 
r 1.5133501821473865 -0.07728346785405567 -0.6387830821405894 -2.7225901460086694 -0.14544067073490763 0.0 0.0 
r 1.4875575971966928 -0.10888623265563709 -0.6518930990091933 -2.732900486325015 -0.1558881981796587 0.0 0.0 
r 1.4625602703538638 -0.13814333784017624 -0.6634013548277891 -2.7416910754684705 -0.16419004456033115 0.0 0.0 
r 1.4386702647656293 -0.16508290883456017 -0.6733524967626218 -2.7489254105994574 -0.17099863573417884 0.0 0.0 
r 1.4161075241964682 -0.1898013777287059 -0.6818210663929233 -2.754598964131939 -0.17679101382907458 0.0 0.0 
r 1.395006714357728 -0.21243954965825765 -0.6889038010587428 -2.758755938312688 -0.18190581926210314 0.0 0.0 
r 1.375432212706389 -0.23315909783312602 -0.6947127042961959 -2.7614935943233574 -0.18657340675817458 0.0 0.0 
r 1.357396262833765 -0.252123228311626 -0.6993684181432333 -2.7629624960888735 -0.19093932615739195 0.0 0.0 
r 1.3408778627426916 -0.26948049592839035 -0.7029961634523333 -2.7633562416574184 -0.19508388343541405 0.0 0.0 
r 1.3258404551909566 -0.28535282350380264 -0.705721424891364 -2.762896185453354 -0.1990397145366597 0.0 0.0 
r 1.3122452681303152 -0.29982806710401455 -0.7076684562192047 -2.7618141062529187 -0.20280257619516096 0.0 0.0 
r 1.3000591284754057 -0.3129592582536211 -0.7089576907081294 -2.7603320722945526 -0.20634418144370437 0.0 0.0 
r 1.289259054554002 -0.3247655479426421 -0.7097053938143232 -2.7586473044036786 -0.20961986646260378 0.0 0.0 
r 1.2798332613168586 -0.3352369745633943 -0.7100221996484395 -2.756920484193299 -0.2125750347678268 0.0 0.0 
r 1.2717745609787199 -0.34434720257932294 -0.7100114605754155 -2.755260868015262 -0.2151518060584322 0.0 0.0 
r 1.2650815123216337 -0.35205734017798834 -0.709766901748507 -2.753730284951885 -0.21729375420329877 0.0 0.0 
r 1.2597490890076344 -0.3583299551459843 -0.7093720911801674 -2.7523395582334658 -0.21894579600702424 0.0 0.0 
r 1.2557670322744137 -0.36313596443307694 -0.7088968530792433 -2.7510515339555104 -0.22005956312003105 0.0 0.0 
r 1.2531202270644435 -0.36645899841171026 -0.7083935743290718 -2.749791142533958 -0.22059647646429015 0.0 0.0 
r 1.2517864125596798 -0.3682999244070359 -0.7078970428782209 -2.7484479033218836 -0.2205269128473356 0.0 0.0 
r 1.2517366739853941 -0.3686819165070681 -0.7074180023735017 -2.746882337210489 -0.2198387362872275 0.0 0.0 
r 1.252940371034914 -0.36764300096496266 -0.706946844344537 -2.7449330733942974 -0.2185305661930309 0.0 0.0 
r 1.2553713174452352 -0.3652320012035881 -0.7064491363630634 -2.7424300292273163 -0.21661573724156002 0.0 0.0 
r 1.2590153738438716 -0.3614988096172871 -0.7058660040814779 -2.7391978048236068 -0.21412524808427935 0.0 0.0 
r 1.2638684670335338 -0.356493389408314 -0.7051164757330542 -2.73506099476358 -0.21110160511488896 0.0 0.0 
r 1.2699416375499217 -0.35025797142652587 -0.7040970129639348 -2.729858261228559 -0.20759921824429606 0.0 0.0 
r 1.2772561535447833 -0.3428274122909292 -0.7026845454977374 -2.7234450819984963 -0.20367604551810292 0.0 0.0 
r 1.2858394751649413 -0.33422865507009025 -0.7007384274269532 -2.7157069590480853 -0.19938583389160036 0.0 0.0 
r 1.295717560406197 -0.32448344430130927 -0.6981028873041402 -2.7065711901154073 -0.19476945827592262 0.0 0.0 
r 1.3069023976805103 -0.31361623950334516 -0.6946093780291088 -2.696014904629943 -0.18984350322284882 0.0 0.0 
r 1.3193763017824118 -0.3016651912654159 -0.6900804277859252 -2.6840728188115834 -0.18458461272317006 0.0 0.0 
r 1.3330781296356344 -0.2886925355551099 -0.6843326611428012 -2.6708466959056967 -0.17891261751413312 0.0 0.0 
r 1.3478899718184132 -0.2747958673767845 -0.6771812333913313 -2.6565075915551173 -0.1726705204816814 0.0 0.0 
r 1.3636259482467141 -0.26012056843708165 -0.668444752530914 -2.6412931553108203 -0.16560177283349375 0.0 0.0 
r 1.3800291390271477 -0.24486721082795238 -0.6579517534529058 -2.6255015662070864 -0.15732392499662695 0.0 0.0 
r 1.396773967427049 -0.2292991266578545 -0.6455474825181179 -2.6094783870219347 -0.14730190546531652 0.0 0.0 
r 1.413477223046855 -0.21374651649534124 -0.6311018174866876 -2.5935983402293568 -0.13482103191629236 0.0 0.0 
r 1.4297162833785486 -0.19860842599715803 -0.6145186187213753 -2.578247534348645 -0.1189625277949451 0.0 0.0 
r 1.4450531091626933 -0.18435341569740346 -0.5957454206930026 -2.5638057588265575 -0.09859381042716242 0.0 0.0 
r 1.4590609051745662 -0.17152056885254274 -0.5747829688718733 -2.55063234035565 -0.0723880826281923 0.0 0.0 
r 1.4713511835561903 -0.16072005535659123 -0.5516957816347439 -2.539059632770818 -0.03889686309972873 0.0 0.0 
r 1.4816000988068643 -0.1526316765927397 -0.5266204592737505 -2.5293962949886457 0.0032848703967106596 0.0 0.0 
r 1.4895666437523218 -0.14800833443144756 -0.4997718668528043 -2.5219304650470655 0.05522514446206417 0.0 0.0 
r 1.495107193231986 -0.1476736799452589 -0.47144558855261276 -2.5169389974023666 0.1172277955402698 0.0 0.0 
r 1.4981823101949623 -0.1525153759657702 -0.44201480752706235 -2.514693743878703 0.18835354751920463 0.0 0.0 
r 1.4988562443690874 -0.16346682962715964 -0.41192086869229416 -2.5154622002196687 0.2661119026716998 0.0 0.0 
r 1.497291467599371 -0.1814628015291978 -0.38165723148474456 -2.519501139829574 0.346613988059168 0.0 0.0 
r 1.4937360939910602 -0.20735993561995703 -0.35174783824708133 -2.527037710771891 0.4253153701024498 0.0 0.0 
r 1.4885089471842172 -0.24179898202066458 -0.32271921715668017 -2.5382446985357277 0.49807891256092973 0.0 0.0 
r 1.4819803153611355 -0.28500569860829544 -0.29507191811358036 -2.553205217309386 0.5620401605387741 0.0 0.0 
r 1.4745510596042934 -0.33654425050426046 -0.26925316914922137 -2.5718750966314428 0.6159093350337808 0.0 0.0 
r 1.4666316935635682 -0.3950862629774098 -0.24563248513814867 -2.594050292518693 0.6597460131802053 0.0 0.0 
r 1.4586213578307574 -0.45831144819425756 -0.22448523192437517 -2.619342724162058 0.694489201395654 0.0 0.0 
r 1.4508906940503856 -0.5230563297435273 -0.2059819085725278 -2.6471807617973298 0.7214952003438644 0.0 0.0 
r 1.4437671372829541 -0.5857515183567148 -0.19018615854889565 -2.676830440662555 0.7422026067585918 0.0 0.0 
r 1.4375240526831965 -0.6430212113848965 -0.1770609544766748 -2.707443811421102 0.7579373970562648 0.0 0.0 
r 1.4323749225478841 -0.6922151900371403 -0.16647975889512961 -2.738126387677044 0.7698235977316887 0.0 0.0 
r 1.428469628559312 -0.7316937072192 -0.15824263334206634 -2.768012353698344 0.7787615366064424 0.0 0.0 
r 1.4258946146611429 -0.7608268225579243 -0.15209399421129277 -2.7963317770185467 0.7854399815983087 0.0 0.0 
r 1.4246765184189332 -0.7797932561481322 -0.14774329801303063 -2.8224662170699126 0.7903688166861309 0.0 0.0 
r 1.4247857143845586 -0.78932610526555 -0.14488403572125777 -2.8459764725748453 0.7939155697829874 0.0 0.0 
r 1.4261416963585813 -0.7904756475109653 -0.14321307756013643 -2.8666124130222936 0.7963427401529478 0.0 0.0 
r 1.4286210186739245 -0.7844371283452379 -0.14244516032376436 -2.884301090484071 0.797838521208792 0.0 0.0 
r 1.4320631852467176 -0.7724396266289754 -0.14232772521067844 -2.899121705081921 0.7985449024268827 0.0 0.0 
r 1.4362786085884476 -0.7556932602088415 -0.1426483819436524 -2.9112724563742396 0.7985768880941473 0.0 0.0 
r 1.4410580820348953 -0.7353628476286334 -0.14323944766390073 -2.9210385120169704 0.7980347347189056 0.0 0.0 
r 1.4461800196637666 -0.7125719789131266 -0.1439781155843175 -2.928751004447091 0.7970129877285286 0.0 0.0 
r 1.4514204530204755 -0.6883991183256688 -0.14478469651801998 -2.934760156042708 0.7956038151448718 0.0 0.0 
r 1.4565627588566399 -0.6638747588106956 -0.1456171028932488 -2.9394070488780244 0.7938984389151792 0.0 0.0 
r 1.4614053875660473 -0.6399794392269542 -0.14646230816450295 -2.943001181852355 0.7919849932927019 0.0 0.0 
r 1.4657704675393997 -0.6176187451713648 -0.14732783771332772 -2.9458065161678473 0.789946146659981 0.0 0.0 
r 1.4695111125090792 -0.5975828847234341 -0.14823442025400344 -2.948031387415289 0.7878603808778719 0.0 0.0 
r 1.4725152394694583 -0.5805132927770134 -0.14920813404968092 -2.949822958667594 0.7858034405416712 0.0 0.0 
r 1.4747093629073764 -0.5668639793178325 -0.15027368184097945 -2.9512651551025884 0.783850657689263 0.0 0.0 
r 1.4760591100026015 -0.5568746989937551 -0.15145098860941997 -2.9523842954878536 0.7820839098047025 0.0 0.0 
r 1.4765686024281401 -0.5505608131670143 -0.1527527087239365 -2.9531504697354594 0.7806002433833329 0.0 0.0 
r 1.4762791675970237 -0.5477224357780451 -0.15418189532269974 -2.953487051631411 0.7795170057679467 0.0 0.0 
r 1.475264959264049 -0.547970109677718 -0.15573433639982945 -2.953275988675621 0.7789840852099583 0.0 0.0 
r 1.4736250633705565 -0.55078670864369 -0.15739793615960598 -2.9523588486446544 0.7791878285927221 0.0 0.0 
r 1.4714765292328038 -0.5555773743306811 -0.15915590697577883 -2.950542078834874 0.7803574250200085 0.0 0.0 
r 1.4689457203623382 -0.561725714094221 -0.16098954532376494 -2.947598976599013 0.7827683368114869 0.0 0.0 
r 1.4661600925655653 -0.5686413843284535 -0.1628806180287429 -2.9432674932947864 0.7867404302763555 0.0 0.0 
r 1.463238553637021 -0.5757991155912655 -0.1648154356676054 -2.9372465950531788 0.7926357526664635 0.0 0.0 
r 1.4602846858887635 -0.5827636953399332 -0.1667859741556916 -2.9291905628565287 0.8008508976483832 0.0 0.0 
r 1.4573810197189954 -0.5891996164694597 -0.1687923450413627 -2.9187047260555268 0.8118096337943186 0.0 0.0 
r 1.4545847566647179 -0.5948772349249771 -0.17084292408806206 -2.9053376797999215 0.8259528452528824 0.0 0.0 
r 1.451927728263397 -0.5996632851695115 -0.172953541213289 -2.888578813760325 0.8437263183108378 0.0 0.0 
r 1.4494189725995286 -0.6035061529415742 -0.17514546944428594 -2.8678550029120022 0.8655700611719463 0.0 0.0 
r 1.447047308783139 -0.6064244514918071 -0.17744323244235782 -2.842528474933541 0.8919027308702703 0.0 0.0 
r 1.4447870810513892 -0.6084922338303681 -0.17987005481671647 -2.811903261556785 0.9231050603367639 0.0 0.0 
r 1.4426049682869322 -0.6098194313664501 -0.1824444600470738 -2.7752372060852246 0.9595013042540054 0.0 0.0 
r 1.4404685348651218 -0.6105292383641059 -0.1851763038953418 -2.7317731496981654 1.0013336052718942 0.0 0.0 
r 1.4383519904099578 -0.6107468915878221 -0.1880629192333425 -2.680785181422442 1.048730145738143 0.0 0.0 
r 1.4362417032743051 -0.6105854979873099 -0.1910869601353949 -2.621654463776643 1.1016663775609332 0.0 0.0 
r 1.4341408787236045 -0.6101348691820715 -0.19421453813986705 -2.5539862170383216 1.1599158927889721 0.0 0.0 
r 1.4320728163974306 -0.6094516429201057 -0.1973951447237079 -2.477772326553142 1.2229988566349022 0.0 0.0 
r 1.4300824102600789 -0.6085508424050033 -0.2005637791796537 -2.393576997583816 1.2901395452476325 0.0 0.0 
r 1.4282340799451008 -0.6074134696895805 -0.20364157534230387 -2.3027034474847676 1.360242745099788 0.0 0.0 
r 1.426610285026677 -0.605984394363251 -0.20653929767037646 -2.2072769530500165 1.4319082351995498 0.0 0.0 
r 1.4253096082597732 -0.6041687113641266 -0.2091617943779119 -2.1101558271848417 1.5034933413442302 0.0 0.0 
r 1.424441747876456 -0.6018402653999784 -0.21141094062852886 -2.0146409321601717 1.5732182268479942 0.0 0.0 
r 1.4241208123932172 -0.5988512807410685 -0.21318940458583774 -1.9240495230116434 1.6392997871476236 0.0 0.0 
r 1.424458938840318 -0.5950378766755793 -0.21440469238269733 -1.8412893957587728 1.700091453012694 0.0 0.0 
r 1.4255590093607842 -0.5902278648351313 -0.2149726124850547 -1.7685763295175903 1.7541948547901176 0.0 0.0 
r 1.4275061886495821 -0.5842524441257593 -0.21482019526339655 -1.707342033173646 -1.3410622997723267 0.0 0.0 
r 1.4303595179758952 -0.5769521176945288 -0.21389135252216906 -1.6583046762162403 -1.3032295428441483 0.0 0.0 
r 1.4341442214934557 -0.5681869803939306 -0.21215069343522988 -1.6216142409409324 -1.2742977847042123 0.0 0.0 
r 1.4388441805261867 -0.5578466675310096 -0.2095895598817385 -1.5970018529567174 -1.2543531103247074 0.0 0.0 
r 1.4443969926036762 -0.5458623474464616 -0.20623086341735652 -1.5838912539401386 -1.2431970652148316 0.0 0.0 
r 1.4506927383928263 -0.5322176018191005 -0.20213337150601288 -1.5814628965581072 -1.2403690291730338 0.0 0.0 
r 1.4575766360498879 -0.5169583403341942 -0.19739547921082043 -1.5886730535585674 -1.2451568528844386 0.0 0.0 
r 1.4648546601084473 -0.5002172906305434 -0.19215282459221866 -1.6042486424327342 -1.2566086157813257 0.0 0.0 
r 1.4723040288666598 -0.4822308332319707 -0.1865753419667061 -1.6266694390173928 -1.2735386464336678 0.0 0.0 
r 1.479685931937277 -0.4633612747082437 -0.18085943162903007 -1.654169927492518 -1.2945514409026622 0.0 0.0 
r 1.4867584764784811 -0.444116976181023 -0.1752184815672345 -1.684768762298244 -1.3180815596001543 0.0 0.0 
r 1.4932902194081175 -0.42515565239177255 -0.16987234492951098 -1.7163399070562448 -1.3424567044372815 0.0 0.0 
r 1.4990705829826874 -0.4072763031119916 -0.16503484218283937 -1.746725000890404 -1.365984997036902 0.0 0.0 
r 1.5039176029027792 -0.39138096670768097 -0.16090235701053948 -1.7738686958014303 -1.3870548177286925 0.0 0.0 
r 1.507683459910295 -0.37839832999844436 -0.15764395697600506 -1.7959559595057766 -1.4042359118933945 0.0 0.0 
r 1.5102560308745447 -0.36918230892269005 -0.15539454427437205 -1.8115292173907054 1.7252225864087134 0.0 0.0 
