r 1.9202486055378092 0.30127806752911857 0.8647264712542104 -3.510943715969999 1.7255730469493322 0.0 0.0 
r 1.9246601766870766 0.30252537541600244 0.8692893818915982 -3.478603239772566 1.7213612716311153 0.0 0.0 
r 1.924804271084258 0.3028233087059321 0.8689916526370006 -3.4146252141485443 1.6826701261909074 0.0 0.0 
r 1.9170419596445742 0.29793852704185086 0.8656328679581332 -3.4961798388889394 1.6644454491189293 0.0 0.0 
r 1.9117018130208412 0.2945241108944082 0.8633576608353816 -3.4173665194213 1.622158229774596 0.0 0.0 
r 1.8967163244057392 0.28381912254416225 0.8587634541647668 -3.4389247400267893 1.6141988040639923 0.0 0.0 
r 1.8825370187593182 0.27341219661264465 0.8546647746572715 -3.425875685639923 1.5198122897187087 0.0 0.0 
r 1.8751080844728727 0.268121981286212 0.8520948280360271 -3.4593296525455144 1.580607303538144 0.0 0.0 
r 1.8694093417201496 0.26350978117114193 0.8511514707918391 -3.356815906900675 1.5619239959261972 0.0 0.0 
r 1.8600569390232655 0.25360495047869025 0.8542952918473043 -3.4360213388334744 1.537744988501583 0.0 0.0 
r 1.8549304658030537 0.2482149975319894 0.8560336710033245 -3.415366201977833 1.5222354874625936 0.0 0.0 
r 1.8527823509277785 0.24337905890190364 0.8622061900835643 -3.4586736691087587 1.4666415185960393 0.0 0.0 
r 1.8519241494369578 0.23960047898780598 0.8686513222055396 -3.4491102376365927 1.4765075750237713 0.0 0.0 
r 1.84783639408764 0.23472729046991378 0.8715606917645894 -3.514120982472698 1.463609879504066 0.0 0.0 
r 1.8452859710999987 0.23326722325970412 0.8699537693197454 -3.4896929385223285 1.4735397734335316 0.0 0.0 
r 1.8435513801432868 0.23203332704149837 0.8693784263130875 -3.534464121335136 1.5309881830983627 0.0 0.0 
r 1.8493739027662353 0.23744953596271126 0.8685341753347849 -3.472142374109451 1.5449783022120696 0.0 0.0 
r 1.8564650000527172 0.24440100598198886 0.866816844667917 -3.5043304153256853 1.56838394557583 0.0 0.0 
r 1.855765527410419 0.2420234180988143 0.8705555794615749 -3.4868708839092077 1.554639666952286 0.0 0.0 
r 1.859056512778519 0.2416542849685615 0.8773100989259452 -3.5272110959250087 1.5595234919496037 0.0 0.0 
r 1.8598022915936576 0.24179999160383844 0.8783452598133902 -3.543031803822748 1.5805948918397474 0.0 0.0 
r 1.8598383905902183 0.24139247435736125 0.8792720358682052 -3.5577754562652424 1.5227438619037423 0.0 0.0 
r 1.869097972458695 0.24834374923401814 0.8811696326483333 -3.5784290149718854 1.5644058256152258 0.0 0.0 
r 1.8706052957894868 0.2500850977337374 0.8802213904259709 -3.557914861054734 1.5617879462234394 0.0 0.0 
r 1.8720271245976516 0.25190812439623333 0.8789695062800628 -3.530491202267851 1.5620203516527007 0.0 0.0 
r 1.8878396145007572 0.26609516387267323 0.8776200095348579 -3.5667279283822055 1.564579273577934 0.0 0.0 
r 1.8982263601593339 0.27248877826113815 0.882358495252791 -3.5591715722635318 1.5687337209988323 0.0 0.0 
r 1.9036383755087836 0.2747732856987787 0.886705422077291 -3.549272727667905 1.5654561713310473 0.0 0.0 
r 1.901297961559794 0.271106878523144 0.8898978410161903 -3.5489385150517805 1.5350025213809118 0.0 0.0 
r 1.869839853812405 0.23911938959801401 0.9017123996903904 -3.5472153748630837 1.5741750000769485 0.0 0.0 
r 1.8357491468143845 0.21786546327303877 0.8864362516400817 -3.503420763873891 1.5787984150711012 0.0 0.0 
r 1.8473007997778534 0.229897619794146 0.8811594446703432 -3.50038231780617 1.5962250959803546 0.0 0.0 
r 1.8601857191545204 0.24171581643937198 0.8792123511786466 -3.4653088986577316 1.5882382385171416 0.0 0.0 
r 1.874072153641655 0.2540072419221233 0.8782487747297831 -3.4299268864638517 1.5644265420534684 0.0 0.0 
r 1.8739176267333182 0.254222639758037 0.8775471818436739 -3.477747032974066 1.6357405132768634 0.0 0.0 
r 1.876466509878198 0.2552365549434693 0.8798840045100028 -3.52888104485391 1.6182718522835815 0.0 0.0 
r 1.87652736283575 0.2573613704557546 0.8757295413178005 -3.5084285584834936 1.6177805135127268 0.0 0.0 
r 1.840848905431949 0.23137082801793024 0.865679125912691 -3.4711860690456784 1.6264962812120851 0.0 0.0 
r 1.8190193359487903 0.20589813660875397 0.88155583536901 -3.441484651107765 1.5892521332755924 0.0 0.0 
r 1.801689832972015 0.19690884143189927 0.8671159936200407 -3.4527936830073056 1.5557830069257532 0.0 0.0 
r 1.7476974038359054 0.1611246709269126 0.8329333544333901 -3.409537867853647 1.666209180651099 0.0 0.0 
r 1.701869849200086 0.11818422544676893 0.8375993332655075 -3.366483986424436 1.686135931941835 0.0 0.0 
r 1.6604130861353403 0.08017337330282963 0.8412253865087632 -3.391878933614657 1.6848937684228762 0.0 0.0 
r 1.6206522246288295 0.043234974031532335 0.8565036259634019 -3.325441616739891 1.703244182665105 0.0 0.0 
r 1.6624526883786075 0.078431970547511 0.8633638174692083 -3.3581505717854063 1.7373001352507509 0.0 0.0 
r 1.6740899840928853 0.0898432402436009 0.8553584235665124 -3.33469155482745 1.662260216501065 0.0 0.0 
r 1.6883352048403792 0.10007613204287318 0.8661013192080803 -3.307627821172591 1.7003866422820817 0.0 0.0 
r 1.710031660173671 0.11696398915877872 0.8730537766008454 -3.3049421125704943 1.6807716118536784 0.0 0.0 
r 1.702923276103701 0.11080089426479657 0.8738173433715781 -3.2948424717670277 1.7017196517973945 0.0 0.0 
r 1.651262598562718 0.07220863383731949 0.839641390911352 -3.174054079747638 1.700980675982552 0.0 0.0 
r 1.6458918909692835 0.06719822504807958 0.8410280990783173 -3.2334958161059992 1.704182644574543 0.0 0.0 
r 1.635439640839229 0.056524624277159444 0.8524645410934434 -3.2077367651149524 1.7126452135514754 0.0 0.0 
r 1.6347366431044692 0.05486429976556509 0.861822459663489 -3.1305539234065125 1.6983426993024322 0.0 0.0 
r 1.6173328476619766 0.03858372651415922 0.8786687989842079 -3.0686017994563626 1.6760750795800403 0.0 0.0 
r 1.6048539501156303 0.02794457740078355 0.8837365401907518 -3.0703671024976797 1.7011484593549795 0.0 0.0 
r 1.6051952782239463 0.02735479124730864 0.8990464743958837 -3.1279581266399434 1.6731563208644342 0.0 0.0 
r -1.5840688448384945 -0.010683308418461122 0.8930729871070491 0.06313625079891422 1.665834283258334 0.0 0.0 
r -1.6134174933150496 -0.03364145897175695 0.9027167291087357 0.12763813360653847 1.6186369137124699 0.0 0.0 
r -1.634753644064799 -0.04958629639533069 0.9115607854829466 0.14259891940710961 1.5817757087270923 0.0 0.0 
r -1.6652746360776314 -0.07371392831573761 0.9087992669826269 0.17105477042404577 1.6338523029451637 0.0 0.0 
r -1.661710602349093 -0.07167496476983898 0.9036897165008326 0.2152264618172482 1.6447723909402956 0.0 0.0 
r -1.6320859976037834 -0.04756242315535471 0.9110866851667823 0.19487129785367957 1.64132066343384 0.0 0.0 
r -1.629723414128015 -0.04524168210315833 0.9162570955724438 0.2206472692563644 1.6350009046734095 0.0 0.0 
r -1.6241726481208463 -0.04142198821101944 0.9110220014368261 0.19117096702568098 1.554517638960792 0.0 0.0 
r -1.6279576608506376 -0.044450313497898714 0.9100547135452373 0.1867551312257219 1.617568532708329 0.0 0.0 
r -1.6319196183486995 -0.04695875388321612 0.9159559506679209 0.25081533001289796 1.6303578223962536 0.0 0.0 
r -1.634203351699886 -0.048877171281324835 0.9143488657298053 0.27253127414791517 1.6281115051895763 0.0 0.0 
r -1.642370062713735 -0.054944967582977504 0.9164217163798677 0.22047097956196243 1.6321801479161206 0.0 0.0 
r -1.6496389598529697 -0.059897674461263616 0.9215315710183528 0.23531655699444137 1.6138325918736487 0.0 0.0 
r -1.6379462057500591 -0.050889671284951414 0.9225972984795464 0.22649239585801345 1.6109252987014608 0.0 0.0 
r -1.6262091682440807 -0.042200053822386265 0.9201469306566644 0.1362493583250946 1.6017192345612878 0.0 0.0 
r -1.6135882038301623 -0.03254383185594431 0.9207240721838144 0.1532314639641384 1.538323646921909 0.0 0.0 
r -1.6121732681403902 -0.031338031394458475 0.9227064667279206 0.6419785110001033 1.530387297335586 0.0 0.0 
r -1.6260938005842192 -0.041741933565872524 0.9244021848095035 0.20553491444708555 1.6207710527723358 0.0 0.0 
r -1.6333147134400685 -0.04682757197358424 0.9281969854514981 0.20411193786804033 1.6111567723199158 0.0 0.0 
r -1.6308472092984474 -0.045038977535291055 0.9275392558290279 0.20925439529193773 1.477267950237512 0.0 0.0 
r 1.6171323345382178 0.03392276565379478 0.9390059372399298 -3.019884191447999 1.5780518505539043 0.0 0.0 
r 1.6023664723948314 0.023454193408093352 0.9319110636644587 -3.110018674248937 1.5673842704090328 0.0 0.0 
r 1.6033431564388958 0.02450476347351434 0.9255103072384679 -3.1103582260756077 1.6503363829790834 0.0 0.0 
r 1.6085979695962775 0.028721980775347582 0.921144792476213 -3.0454504495404167 1.5422791074720608 0.0 0.0 
r 1.635684323706169 0.04929999073543542 0.9213575466123314 -3.1407107978991604 1.5423359018531069 0.0 0.0 
r 1.6395836929429308 0.051771924146561774 0.925938683700337 -3.201660113876123 1.5544870843291978 0.0 0.0 
r 1.6341192713416834 0.04850736560226477 0.9173807952044924 -3.065330995411763 1.525560103972365 0.0 0.0 
r 1.6271246877733596 0.04379344810804576 0.9101497003716329 -3.193827810742707 1.536389073365489 0.0 0.0 
r 1.68178448371609 0.09312919391133284 0.8732707333713533 -3.232614223860481 1.6344709641571389 0.0 0.0 
r 1.6844186759151256 0.09457897823827024 0.8772635964727645 -3.213293516557176 1.5400298519692415 0.0 0.0 
r 1.6884264060995364 0.10091305631485491 0.8623476549828952 -3.2615212798228193 1.555098241977995 0.0 0.0 
r 1.6886944069167902 0.10287119561106736 0.8539102688567741 -3.1429839681799763 1.4839484297436591 0.0 0.0 
r 1.689303072672222 0.10005993674003298 0.8702637501495484 -3.129015510808034 1.5436076706486173 0.0 0.0 
r 1.6664501800348799 0.08398905249105902 0.8505880156479225 -3.1471610031294874 1.553799152414642 0.0 0.0 
r 1.6487435909844173 0.07114158214486467 0.8311838359827866 -3.0941059451930224 1.5820184963703123 0.0 0.0 
r 1.6583922619339868 0.07830057805586199 0.841626915231172 -3.191715924408606 1.5397876962383745 0.0 0.0 
r 1.6902398341065836 0.10640760714475184 0.8435435283720452 -3.2498804394740066 1.439626632856592 0.0 0.0 
r 1.702305486958314 0.11660186542832951 0.8460255846152724 -3.1683819386970336 1.5135843814174852 0.0 0.0 
r 1.711250200427311 0.12467856618286798 0.845525677737709 -3.198313769475521 1.5360054432797003 0.0 0.0 
r 1.7053522387197455 0.11969345461673468 0.8444181619717455 -3.2235609273152868 1.4218044468920858 0.0 0.0 
r 1.7259355214163854 0.13264927106445967 0.8644629695020769 -3.191118731021671 1.5117189751093556 0.0 0.0 
r 1.7443383569975899 0.1416867225760998 0.8877694691078036 -3.3045765479971054 1.4882244899386396 0.0 0.0 
r 1.76440739010399 0.15544434143414068 0.8965068178484911 -3.2716781636932657 1.5037717310610126 0.0 0.0 
r 1.7677855147962638 0.15234780997107764 0.9150489810095566 -3.2905496392046447 1.5005992297915303 0.0 0.0 
r 1.7704212219718563 0.1559492886050284 0.9101650405613613 -3.3138931035920614 1.481233829141109 0.0 0.0 
r -1.5753298208382833 -0.003834980819059888 0.8686756784572331 0.10386959085105524 1.5391948150171784 0.0 0.0 
r 1.651786661438389 0.0657712293762807 0.8890936013776639 -3.1326861992482895 1.4455839752996575 0.0 0.0 
r 1.6992623913843408 0.10447524964071302 0.8889446792558109 -3.218874658474112 1.5342999388471676 0.0 0.0 
r 1.717289655934119 0.1207619947028225 0.8825166468656529 -3.2373476143410467 1.5216699538701053 0.0 0.0 
r 1.728832823759755 0.12868558828570012 0.8887964594098784 -3.263289513160016 1.5401652578184342 0.0 0.0 
r 1.7158020375137613 0.11349201491693116 0.9080384581658503 -3.2984926120679443 1.533771008132265 0.0 0.0 
r 1.7053408818866747 0.09904002895492384 0.9375700308309985 -3.3201188559349495 1.4784553173998116 0.0 0.0 
r 1.7606889113176107 0.13304195679145775 0.9625657358924038 -3.4071967284505287 1.4683832045886216 0.0 0.0 
r 1.7545941223881187 0.13553694626615068 0.9378745512857237 -3.38304684693489 1.4928565390747321 0.0 0.0 
r 1.7443560238487545 0.12933322994656501 0.9325487664265553 -3.358934365715849 1.48698767495307 0.0 0.0 
r 1.742866134413993 0.12688628320284456 0.9375730123561027 -3.372145206337703 1.4518068227812853 0.0 0.0 
r 1.7420115310006559 0.12597041324022243 0.9386430165116851 -3.2831215520473203 1.464626482306913 0.0 0.0 
r 1.7574820068331454 0.13638103589696002 0.942478269314563 -3.265895573172247 1.377466066004863 0.0 0.0 
r 1.7672288900141235 0.14533609056483657 0.9366250659038184 -3.2639728710498432 1.4630087654374713 0.0 0.0 
r 1.7749330522145748 0.15295555471878322 0.9307220717817035 -3.2911053956158405 1.3817016438374692 0.0 0.0 
r 1.7988667363713051 0.16859254836892754 0.9380613534303635 -3.320990401939998 1.3911743582436005 0.0 0.0 
r 1.825825076885216 0.18672794097862058 0.9436958218523227 -3.3599148623877015 1.3928379326534714 0.0 0.0 
r 1.8204025289334218 0.18498564816868493 0.9375838217332606 -3.3931431865534067 1.3665734533564624 0.0 0.0 
r 1.8069299377335315 0.17840948496748965 0.9276680779395977 -3.378275980483404 1.3593122168701992 0.0 0.0 
r 1.818180616830285 0.19031115484332722 0.9191743408945616 -3.3669525695698903 1.4271508848852255 0.0 0.0 
r 1.791016016783009 0.1716808147558546 0.9117547184010499 -3.356610520785631 1.4134397449582692 0.0 0.0 
r 1.7950912303346689 0.17593975013547083 0.9088231148437534 -3.4594723494504 1.387069764336169 0.0 0.0 
r 1.7983457120610158 0.17630730735991787 0.9150081223687611 -3.3765590650052566 1.3741299048975697 0.0 0.0 
r 1.8170608244705542 0.18784095854322952 0.923343029085215 -3.4682130571897973 1.3421158308365122 0.0 0.0 
r 1.8342450157935608 0.19704010525031124 0.9336319443883232 -3.482454332550212 1.3337189106933751 0.0 0.0 
r 1.869892347981562 0.22105412143505357 0.940993549318027 -3.5220841919100727 1.3218532692048737 0.0 0.0 
r 1.9227463890668108 0.26259623700155577 0.9389438607971191 -3.564842610853023 1.3247816810698732 0.0 0.0 
r 1.923847666509201 0.2601887002452962 0.9451476923566854 -3.6014605638917923 1.3356595316916988 0.0 0.0 
r 1.9269630945666565 0.2608829119028138 0.9483620544915496 -3.5838575174005074 1.3533558537279278 0.0 0.0 
r 1.9179948464413679 0.2545716143003804 0.947355354239854 -3.6311249780877732 1.3870347389835764 0.0 0.0 
r 1.9069528264826774 0.2495942236696912 0.940527848567633 -3.6278277914230572 1.4421460197555152 0.0 0.0 
r 1.849433171814165 0.20836051502192277 0.9343347801512775 -3.5404561756982416 1.4735311027906133 0.0 0.0 
r 1.8702611752632052 0.22626528150901606 0.9301102422739136 -3.542707256135558 1.504809931344896 0.0 0.0 
r 1.8919027960843349 0.24180293743708148 0.9327723269077968 -3.583248323573172 1.5539723526876985 0.0 0.0 
r 1.9052360841515554 0.2518603838689925 0.933392019058385 -3.591866482209735 1.596830686583505 0.0 0.0 
r 1.8788174682952081 0.24755489484366094 0.899473464264329 -3.556215621520236 1.616947897937372 0.0 0.0 
r 1.8741887362432643 0.24159315825228275 0.903973621655519 -3.054774657933844 1.5568236611346042 0.0 0.0 
r 1.8602095427659926 0.2431742173613994 0.8761794465038665 -3.4999603725039994 1.8497114196702031 0.0 0.0 
r 1.8015331548884974 0.22078924094328042 0.8081916712297081 -3.4725409127900706 1.9841625982056121 0.0 0.0 
r 1.7083797541866503 0.1630479960959464 0.6996253133377793 -3.3624414592451792 2.101289278729984 0.0 0.0 
r 1.720639221720086 0.1774167555185545 0.6998386191427599 -3.3122009495365674 2.3418373096576244 0.0 0.0 
r 1.6863907907634288 0.18935875713697528 0.5447019887321033 -3.2776594114604665 2.460185467983808 0.0 0.0 
r 1.682226636515028 0.2115264932674224 0.48036067019580325 -3.2834045586445253 2.645782388033719 0.0 0.0 
r 1.608649113788718 0.11131971988903205 0.32665595482895754 -3.2501085941199817 2.8017690410181593 0.0 0.0 
r -1.5900978811837487 -0.07122282266109924 0.2642500999871391 -0.05243705599835352 -0.1173381232703079 0.0 0.0 
r -1.6333739828170752 -0.36387350608997693 0.1630722103801185 -0.10259069564786699 0.04336678112799769 0.0 0.0 
r -1.6876411294190372 -0.8355162303005603 0.10577019339797315 -0.06404510704553074 0.1927023504944433 0.0 0.0 
r -1.7181223694937984 -1.4920415997307823 0.011710989814661583 -0.04109074569670196 0.35948672142714194 0.0 0.0 
r -1.7471471527774343 1.2537530240197425 3.083189073330133 -0.04124167260656714 -2.655665258837112 0.0 0.0 
r -1.8036154595426086 1.2724371434763204 3.0687980813393536 0.006585112235385104 -2.508408653590029 0.0 0.0 
r -1.8616094516293822 1.0346219895869067 2.965577664418227 3.09907535613186 -2.3778934504737466 0.0 0.0 
r -1.832976197413477 0.8293740041347794 2.9006322812841843 0.012553477537895319 -2.284293076464636 0.0 0.0 
r -1.8352116902052802 0.8528591266196669 2.9093747113701873 0.012828199675731844 -2.224367218032578 0.0 0.0 
r -1.8448841936620293 0.8002661233873039 2.875156263018489 -0.00047580399442032073 -2.1229179813162355 0.0 0.0 
r -1.8450339171285313 0.686937267066344 2.811170674853947 3.0592965396405325 -1.9908248602560958 0.0 0.0 
r -1.7983300628532657 0.48785735912594214 2.730149394263495 2.995066868409512 -1.9205355583603057 0.0 0.0 
r -1.695727681770849 0.2339823025101311 2.6566577315735467 -0.12803497368437683 -1.708148750524864 0.0 0.0 
r -1.6482823778356552 0.1327896250866355 2.6150704045371276 2.906650405366885 -1.7353169006420566 0.0 0.0 
r -1.6237096510980817 0.08454347207805106 2.583020161219296 -0.1980692777737147 -1.642236499165895 0.0 0.0 
r -1.6655916690345955 0.1559633328741517 2.597738024148719 -0.1928526678792008 -1.6108955309256112 0.0 0.0 
r -1.6829533458305044 0.17645539274355287 2.5782246627611505 -0.11706967637861693 -1.6303887594110407 0.0 0.0 
r -1.6869861600820895 0.1869909642312908 2.588849815471566 -0.037134778435537974 -1.702046408007289 0.0 0.0 
r -1.6882838380809337 0.1894780654870476 2.5898867932209604 0.026768608609825828 -1.663504328692329 0.0 0.0 
r -1.7233875567297523 0.2341270344974155 2.5688777872208304 0.07629967686378675 -1.7159122918046315 0.0 0.0 
r -1.71395806508291 0.22424519883223365 2.5779736640659126 -0.04554875889838578 -1.7089530514417222 0.0 0.0 
r -1.6952453079406924 0.20035957992713854 2.5895076671927804 -0.023790620373608184 -1.7371685503282914 0.0 0.0 
r -1.6990488106443826 0.20302388756229675 2.5819538839562517 -0.026943954731226183 -1.6698327226418046 0.0 0.0 
r -1.7134988572428766 0.22487806557078927 2.580757422794618 0.17884652014960262 -1.6665043778769355 0.0 0.0 
r -1.7423974443878176 0.2672445736186635 2.577276775569934 0.04230639879956449 -1.6708132472704014 0.0 0.0 
r -1.7703251075249729 0.3052170012568782 2.5709746218069527 0.1080794950852158 -1.6690679961236432 0.0 0.0 
r -1.7792925590434665 0.3180289154576368 2.570383757285695 0.059715410319254814 -1.639985915968433 0.0 0.0 
r -1.7964231348941657 0.3404855433371873 2.5667051115283694 0.07677277520577391 -1.749270319720682 0.0 0.0 
r -1.7953392064013094 0.334200642640133 2.5597744401132103 0.09190741454948698 -1.7188878546860888 0.0 0.0 
r -1.8239761344557013 0.36684330909019164 2.548965758472836 0.10874836547983985 -1.72459469233141 0.0 0.0 
r -1.8815470558025602 0.43794178217556495 2.540436082077382 0.14891141438616456 -1.706209737765641 0.0 0.0 
r -1.8821015555115115 0.4370950650716333 2.538517879531911 0.12650413905910313 -1.685074173575038 0.0 0.0 
r -1.9075945518800133 0.46513628248245487 2.5324263871370882 3.17615320242579 -1.6040517622831025 0.0 0.0 
r -1.962172035232676 0.5401708980474778 2.538856580693542 0.13379756141820148 -1.7127300837854769 0.0 0.0 
r -1.9421727456630875 0.5198977774311468 2.544179815400823 3.1689369440690704 -1.7099835523420517 0.0 0.0 
r -1.9326836088626975 0.5129044857165508 2.549780450912081 0.11693724412989465 -1.7143421866278352 0.0 0.0 
r -1.923462792676338 0.5060683053932221 2.555364614541743 3.182534961471039 -1.697155762918944 0.0 0.0 
r -1.9112010124944647 0.49334365922496504 2.5591058196356986 0.16749074264784408 -1.6839925725324436 0.0 0.0 
r -1.9215897564247204 0.5128443205140434 2.5653253056899006 0.22291921402045484 -1.6416450567094716 0.0 0.0 
r -1.905090491513437 0.507018344140556 2.5827690460219705 0.2150777309014405 -1.550105799889002 0.0 0.0 
r -1.8662042348999068 0.47739365454094623 2.609845293203925 0.22497524538707886 -1.4859191657652766 0.0 0.0 
r -1.8404384764792563 0.46969629803947066 2.6429917945867176 0.27080040179921877 -1.4080189104887828 0.0 0.0 
r -1.7952418649188264 0.45730562299967825 2.7072265533413673 0.2845863355818344 -1.331065115501912 0.0 0.0 
r -1.7838933076829517 0.4743719403522222 2.7427709614288056 0.04915228127493926 -1.314636043653518 0.0 0.0 
r -1.7515743139400275 0.4608499445219912 2.7888692414667373 0.7523554294990344 -1.4559435127516869 0.0 0.0 
r -1.7550209098211254 0.46681072446135696 2.7874359462171454 1.1579763698709833 -1.302316554966011 0.0 0.0 
r -1.772738103963596 0.4711625254924311 2.7594616133152012 -0.3667233358900381 -4.049274996392325 0.0 0.0 
r -1.7448038841628266 0.3991311327068442 2.7467044193637533 -1.2155474983957097 -4.211103543088512 0.0 0.0 
r -1.770575996219802 0.4348504177651908 2.730520473744383 -0.3128156666049095 -3.8850261023711203 0.0 0.0 
r -1.8073849695246984 0.47211216005134016 2.7004529664576493 -0.20665565097422983 -3.77990666755107 0.0 0.0 
r -1.9337286618826621 0.6201227502895142 2.652830973655185 0.040837360696778735 -3.637668991334711 0.0 0.0 
r -1.9498452783679756 0.6240465267630573 2.6363101429100495 -0.19049653858256071 -3.492226796436009 0.0 0.0 
r -1.9523109223671073 0.6451122519129392 2.651815609902415 0.005326959713927659 -3.609643208712781 0.0 0.0 
r -1.945856142783504 0.647379791669664 2.6615165115584487 -0.054466299066997015 -3.5816148549462405 0.0 0.0 
r -1.9919234898581086 0.7290266019703674 2.676743629737402 0.03376007311644674 -3.5957784563943322 0.0 0.0 
r -1.9687462445636057 0.7151258692434167 2.690795094965083 0.022740653944715084 -3.634257380900269 0.0 0.0 
r -1.9745782070359148 0.7156001006511701 2.6847766445881494 -0.009983120894648978 -3.601538926965057 0.0 0.0 
r -1.9770523684113641 0.7205335713319527 2.68601268196645 -0.0007685050656369152 -3.5918264565099403 0.0 0.0 
r -2.0173156101311287 0.7720887218457105 2.6846180767035834 0.031407455109359106 -3.589906780804693 0.0 0.0 
r -2.0188034824780834 0.7821486622056637 2.69104298223892 0.04488468227400638 -3.607869087987005 0.0 0.0 
r -2.053679442715003 0.8241527933151467 2.6899023313202317 0.09804214893106239 -3.616730881795659 0.0 0.0 
r -2.0728705650289125 0.857776758721039 2.6983318249621977 -0.13393547801737288 -3.5629170358964655 0.0 0.0 
r -2.0862113316224264 0.8712584465035829 2.6967579296737245 0.1904272335500315 -3.6285617472542726 0.0 0.0 
r -2.0941983945063805 0.8741457834180623 2.6918160510220845 0.18140947598485396 -3.628793503172425 0.0 0.0 
r -2.089238240307262 0.884774772504827 2.704653482133697 0.15681544382060958 -3.6459909305410076 0.0 0.0 
r -2.090376078709776 0.8760332343057353 2.6967630651085153 0.13849865301779168 -3.631341011945836 0.0 0.0 
r -2.089228079528161 0.8759211938131121 2.697709183909304 0.1662688472608747 -3.6363159257783986 0.0 0.0 
r -2.0760436463999525 0.8603166975945464 2.6974124456867616 -0.31567105059661243 -3.524994518633299 0.0 0.0 
r -2.073147285391853 0.8683374793665779 2.7063081608894546 0.1866569499922502 -3.695080957664847 0.0 0.0 
r -2.0767488086881283 0.8800712974128984 2.7121399253134815 3.3519414522345796 -3.6770671408940965 0.0 0.0 
r -2.080310490132492 0.888852459260023 2.715736344960396 3.3955016025713145 -3.718017985064553 0.0 0.0 
r -2.0520559960579408 0.8812864053999941 2.735012675976746 3.5238504407830487 -5.679203595195638 0.0 0.0 
r -2.0310528915437427 0.9514912118978147 2.801879947985949 3.396899776139681 -3.9490407212934286 0.0 0.0 
r -2.0233701437613254 0.9476192293120148 2.8053955290375883 3.6508448292847993 -4.004452440288473 0.0 0.0 
r -1.9811269888987224 1.1209645559561559 2.93455211166791 3.959110933672922 -4.240430677797744 0.0 0.0 
r -1.7273891514666053 1.3288159886152424 3.1026436001124784 -0.6308243757085084 -4.258139543495728 0.0 0.0 
r -1.587781677351939 -0.31660888468710935 0.0518016737129132 3.7281885057928 -1.4380967187681601 0.0 0.0 
r 1.6084952212452401 0.20622607779990562 0.17837407801250557 0.8529814103425566 -1.6345862081788565 0.0 0.0 
r 2.015593305691416 1.047760008328048 0.2682164894411544 -1.4688446883427175 1.138219164644915 0.0 0.0 
r 2.1904218188671725 1.1957936659223698 0.27374414139071407 -1.5407674357553567 1.0691780568053448 0.0 0.0 
r 2.2585223541516344 1.0203009968637249 0.4670326063429191 -1.2229253344423452 0.7794119720561894 0.0 0.0 
r 2.3507492427222223 0.9315043367696842 0.6340857348500587 -1.213172728916812 0.6033793564688293 0.0 0.0 
r 2.241279977868562 0.7976013327774408 0.6586342690576982 -0.9864310779639054 0.4686082831027626 0.0 0.0 
r 2.2079185592485207 0.806513466343159 0.6170521855522283 -1.400168910650495 0.5605287586690789 0.0 0.0 
r 2.240557004160945 0.862167839307054 0.5963174476563178 -4.025463558137419 0.5299801311407875 0.0 0.0 
r 2.235851792466176 0.8646117802353341 0.5895393677054569 -1.190911973457631 0.5978004152046915 0.0 0.0 
r 2.258000235563376 0.9441172940236681 0.5361299380953715 -1.1517400797126218 0.6753522522508084 0.0 0.0 
r 2.1633922573555866 1.0055146188831283 0.40365605731543885 -1.2085328748863993 0.831401423066914 0.0 0.0 
r 2.1779747574478896 1.1207610332396793 0.32380871968383446 -3.8251096667907722 0.811571179155635 0.0 0.0 
r 2.20784933700759 1.1123529812830326 0.3501383432279788 -1.567213258214624 0.9131557038608809 0.0 0.0 
r 2.252591166731535 1.0788804879754623 0.41023908137537834 -1.703962488114987 0.8471545545941407 0.0 0.0 
r 2.267462704602836 1.0646510882896394 0.4342193874686309 -1.7460884049032186 0.812827049653406 0.0 0.0 
r 2.3006926157791834 1.063745114203664 0.4612585884475983 -1.7837500599007343 0.7857700701217161 0.0 0.0 
r 2.3203422209131643 1.0445254844948095 0.49566664960644236 -1.7970772827397012 0.741233228428074 0.0 0.0 
r 2.3207565085059043 1.0252342523685503 0.514626408674571 -1.8519916505521146 0.7272906789107191 0.0 0.0 
r 2.3168437428512876 1.0112807275485802 0.5247069008428215 -1.8839530687304296 0.7266765475398168 0.0 0.0 
r 2.3166427372211476 1.0154726321396965 0.5204937902030322 -1.8935974947474936 0.7532257243451175 0.0 0.0 
r 2.327890126034124 1.0224792440336277 0.5234552340859896 -1.8924614745263122 0.7481733427135021 0.0 0.0 
r 2.4593304076511107 1.1038111495717051 0.5554267022187407 -1.5848577545177953 0.6383535106770559 0.0 0.0 
r 2.4391766809783033 1.0816852180447272 0.5613388638670346 -3.767516861089788 0.5411999193936491 0.0 0.0 
r 2.270855745541439 1.096910509776461 0.4078113146828296 -3.5892647734541763 0.7957746454769042 0.0 0.0 
r 2.145315652071641 1.1247828672850289 0.30018158638138437 -3.172747176017958 1.0559341392929615 0.0 0.0 
r 2.050483340187802 1.0921135913322493 0.26367286082907804 -2.884761818695555 1.1514062829948095 0.0 0.0 
r 1.9367825166096677 1.243297654980931 0.1294749939001171 -2.397395301568037 1.3873736930738634 0.0 0.0 
r 1.8384814801952705 1.2703139793316136 0.08478215154853477 -5.261436928309539 -1.648929949213134 0.0 0.0 
r 1.5938015033476458 1.2700192323541284 0.007137065544834918 -4.756162117048066 -1.4966087996097361 0.0 0.0 
r -1.6493325095905345 1.1272300636204158 3.1042171176995987 -1.1856997186715417 -4.4858103676758265 0.0 0.0 
r -1.8076019029466792 0.7452503189760974 2.885788738106767 3.2023658559368418 -4.0898241026507955 0.0 0.0 
r -1.8859992782195083 0.7563849483874776 2.808873519651219 -0.5957620718193113 -3.893485554368961 0.0 0.0 
r -2.1708110958027165 1.0064141045905721 2.7328636212682382 0.03475036834952344 -3.794665147844609 0.0 0.0 
r -2.2660318874641048 1.0839624267463916 2.7257854361804896 3.8198034095673075 -3.857795699767574 0.0 0.0 
r -2.3063482093411247 1.1181338965859728 2.7269820799936486 3.838350688663298 -3.8263200155737507 0.0 0.0 
r -2.3438534462342746 1.1457819838466379 2.7257754273003263 3.6610575165225034 -3.682552968515162 0.0 0.0 
r -2.365903166721964 1.1731185931427341 2.736934283049608 4.070721682478307 -3.8383974174670286 0.0 0.0 
r -2.4364738201446534 1.2634442212431805 2.784619103128732 3.87494865108909 -3.789272723818806 0.0 0.0 
r -2.4333319691101245 1.2643569309384224 2.7877286437625566 3.83812907456877 -3.818070322665429 0.0 0.0 
r -2.4171258604193335 1.2445903443983906 2.7764817790780727 3.810672291571473 -3.81898167224774 0.0 0.0 
r -2.409042382080986 1.2392133788966062 2.7760420053662047 4.112519196616616 -3.922286312386215 0.0 0.0 
r -2.424788139987832 1.262398219092863 2.7911215261100004 -0.029274406188584734 -3.872090867194288 0.0 0.0 
r -2.425268716181434 1.2709129556249315 2.8003166080303545 3.8672855494990808 -3.8393445856319266 0.0 0.0 
r -2.4207757384905846 1.2751002799456979 2.807814179205268 4.126873423595643 -3.9608869012073824 0.0 0.0 
r -2.4161400476278163 1.2816452402075265 2.817913566674869 3.787567024665603 -3.859651275026378 0.0 0.0 
r -2.3856305108497704 1.271096894238029 2.8248699442990732 3.788784373257127 -3.872823361136092 0.0 0.0 
r -2.3824609598539963 1.273069710778683 2.8288037004536593 3.8310562821973706 -3.8792816012490707 0.0 0.0 
r -2.3883033972364953 1.2834389869760852 2.836293219500707 3.711066425014173 -3.8769277703247904 0.0 0.0 
r -2.3942194397603864 1.2882177806671273 2.8379668920786094 4.1037495162497555 -3.9509072922893367 0.0 0.0 
r -2.4015323104239785 1.3010226355729433 2.8475715533512793 3.771743021129141 -3.8913247041288668 0.0 0.0 
r -2.4095334636450945 1.3068042092107905 2.849410225853974 3.7596670796519973 -3.8874910486905065 0.0 0.0 
r -2.4009791606456052 1.2986185164237054 2.8452863082713615 3.807646054290058 -3.9163036556380186 0.0 0.0 
r -2.374753046725669 1.2726201833657989 2.832830120910011 3.8596498340266434 -3.889512112038462 0.0 0.0 
r -2.3583478114084304 1.239911735412203 2.8093825641921297 3.6324816547533962 -3.8728531165885993 0.0 0.0 
r -2.372052755769804 1.2539741658690113 2.8152589734113844 3.7051765238140213 -3.889273614524604 0.0 0.0 
r -2.377819702262547 1.268148838494572 2.8264162049404526 3.798832682362888 -3.9512494853344857 0.0 0.0 
r -2.379954112060962 1.2725014611790788 2.829679642222794 3.8409880087806814 -3.948024534946947 0.0 0.0 
r -2.373785643919654 1.2737430049088516 2.834545979430667 3.6995274907071565 -3.9412007026587625 0.0 0.0 
r -2.365557720184805 1.2727643874665115 2.8382631411942985 0.4769611484894503 -3.916064286067795 0.0 0.0 
r -2.3552199392994506 1.2646224907680679 2.835978533570111 3.6357712592981706 -3.920441832943326 0.0 0.0 
r -2.352124354201345 1.2641692689422157 2.8373003253765954 3.655522940104016 -3.9233967246717345 0.0 0.0 
r -2.3326945315027143 1.2615372706032884 2.845705174850844 0.44779830218469924 -3.9359217539672375 0.0 0.0 
r -2.3242259655507604 1.2567375230870201 2.845849647492331 0.358044823115691 -3.9336944745495126 0.0 0.0 
r -2.3279842781960927 1.2574212333493777 2.844396476835329 0.3780009886473961 -3.9782658849884256 0.0 0.0 
r -2.3332947863492386 1.2582002988891827 2.8421559279346953 0.44484543503724977 -3.9414197546189236 0.0 0.0 
r -2.330845398533021 1.2590573683860404 2.8443576540517403 4.021831120871922 -4.059729373956983 0.0 0.0 
r -2.3297494527898412 1.2603049570072855 2.846166256004858 0.4167561657277073 -3.937783821780462 0.0 0.0 
r -2.3241644421613707 1.259349075730094 2.848361639186057 0.31880269623913 -4.012927079703451 0.0 0.0 
r -2.3190527316640015 1.2578796868333617 2.849803146323666 -0.24758014043144455 -3.9509273365286335 0.0 0.0 
r -2.313136906228549 1.2532437265196732 2.8487384708185517 0.005772850632211501 -4.123119232420094 0.0 0.0 
r -2.3091680450415275 1.2548608638108736 2.8524307506587423 -0.3616822706200084 -4.218902444577583 0.0 0.0 
r -2.2703397222103567 1.2509950280072157 2.869807178278931 -0.9434554703665381 -4.380065640945762 0.0 0.0 
r -2.2669878305996485 1.2525501051564976 2.8729020001209062 1.5896768785275375 -1.4004586212917314 0.0 0.0 
r -2.255317653701111 1.2527852537343867 2.87912211115543 1.290676797590569 -1.5207118512908175 0.0 0.0 
r -2.214549029988596 1.24545287397589 2.893669983769885 0.9382295274566943 -1.7491598200006173 0.0 0.0 
r -2.2019612203185135 1.2395180314110381 2.89530059149362 0.7873435787970167 -1.9198188520727388 0.0 0.0 
r -2.1837489009786477 1.2290134400583563 2.8964229728601207 1.1170367616469103 -1.9359728722395197 0.0 0.0 
r -2.0318167169618353 1.0725911143138966 2.877691545267369 0.6037638417590827 -2.0283202168064687 0.0 0.0 
r -2.04221489435252 1.133224086684654 2.9074938075865773 0.42507499039145574 -2.130109116144658 0.0 0.0 
r -2.0341472057655343 1.053071254962997 2.864359285361244 0.37798208284733553 -2.122414878715786 0.0 0.0 
r -1.983653177463581 1.0081164136169714 2.8720535582454585 3.179186200081338 -2.2957196333243157 0.0 0.0 
r -1.9881041967396096 0.9220650822181067 2.817311107897512 3.21240102838202 -2.318094237583897 0.0 0.0 
r -1.9622061801246522 0.6330980643679442 2.6293048665829195 3.1966972980779964 -2.1526043928006815 0.0 0.0 
r -1.9377992049574415 0.5340776987270848 2.5652125253425595 3.186438225446942 -2.083956620277577 0.0 0.0 
r -1.921525565151423 0.49392945858245385 2.544782188950262 0.055587297396769986 -2.0654893387838555 0.0 0.0 
r -1.912097985591358 0.47119756151743897 2.532751993829878 0.08836125062657724 -2.0655418884818415 0.0 0.0 
r -1.89560637986688 0.4394034557287858 2.519957186469423 0.0853090741648524 -2.055815912671968 0.0 0.0 
r -1.891142319249603 0.4272177106263987 2.511824646520842 0.07645487604598983 -2.048082364473204 0.0 0.0 
r -1.8799460008388937 0.41479108157158184 2.514069829685586 0.08756901567772829 -2.05770958316038 0.0 0.0 
r -1.9034601462238443 0.4361458420446612 2.503685125043904 0.1204903510949083 -2.0570912502585195 0.0 0.0 
r -1.9022736449926776 0.43546293920282514 2.5046729093964095 0.11603369226425381 -2.0600854323686675 0.0 0.0 
r -1.7941146810042803 0.26801272657284314 2.4506129963498258 0.002317217885341283 -2.0037762707372235 0.0 0.0 
r -1.7304130799993933 0.23582692170246897 2.551324789556732 -0.07558385773754889 -2.0998285458756087 0.0 0.0 
r -1.6561758917196576 0.14198273871586095 2.60209499574234 -0.1469869780909036 -2.1592458050247783 0.0 0.0 
r -1.6315945232904931 0.1083879283530061 2.6315440138165416 -0.18215970749292437 -2.190269551348701 0.0 0.0 
r -1.611379059247481 0.07377250851834947 2.639202706045725 -0.18720678755665138 -2.2046293159343437 0.0 0.0 
r -1.6074433886536967 0.06806980853504542 2.6481769282669214 -0.20246426419581426 -2.207852435442265 0.0 0.0 
r -1.6107958662795265 0.07466317846567588 2.6503210400297212 -0.1863970176683693 -2.2136734591582305 0.0 0.0 
r -1.6081065291781937 0.0708744190958003 2.657527191970803 -0.18568003125889682 -2.209412141486571 0.0 0.0 
r -1.60903096713957 0.0733945701173742 2.6618653781824713 -0.17631986524131088 -2.2101581362636686 0.0 0.0 
r -1.6048584513900959 0.06418183963843616 2.654086571247798 -0.18668404101131458 -2.203355963335979 0.0 0.0 
r -1.5939746674242303 0.043430432781464634 2.6515453896557677 -0.20060234337020016 -2.20007963624954 0.0 0.0 
r -1.5867597463731375 0.029866632376454573 2.6508234729594324 -0.220181444055854 -2.1968391751986305 0.0 0.0 
r -1.587560373940477 0.03131101060960116 2.650121459871607 -0.22446349585316233 -2.1795060108756323 0.0 0.0 
r -1.5840430660987002 0.024806841095727082 2.651180947830079 -0.2523479667225625 -2.1559519153475923 0.0 0.0 
r -1.6087939740843462 0.07262324939374837 2.660070282519138 -0.19131765970719966 -2.136427690592476 0.0 0.0 
r -1.606023338187449 0.06840539309813767 2.6665045811453405 -0.15413788590503746 -2.1059486551408435 0.0 0.0 
r -1.6016986294744964 0.05940966372973459 2.662302060005059 -0.15899847222460578 -2.032372524294697 0.0 0.0 
r -1.6082278372776067 0.07016488379766318 2.6520098292920395 -0.1260411436099073 -1.9302232991529955 0.0 0.0 
r -1.6060974658101297 0.06483467814056909 2.6434122981951544 -0.13367574650649255 -1.8254916016804548 0.0 0.0 
r 1.5938614701015705 -0.0440500070381627 2.6594268252781332 -3.2486823681347756 -1.775356207445256 0.0 0.0 
r 1.654946471573477 -0.1597557707080478 2.659330215852956 -3.1148538025927017 -1.6758389082271856 0.0 0.0 
r 1.7055668416636953 -0.24162523002365602 2.6385922389916168 -3.014821608201122 -1.5358930515211167 0.0 0.0 
r 1.7242328502459032 -0.26974097774847067 2.6315899652278576 -2.89322371034414 -1.3935612729781754 0.0 0.0 
r 1.7578162137086322 -0.3169759124438706 2.618361458564133 -2.6356891135606144 -1.2481650101890776 0.0 0.0 
r 1.7740213290433717 -0.34694480148646295 2.6235766543682506 -2.286651605441322 -1.1225989070293263 0.0 0.0 
r 1.7657969531197433 -0.34248786950021587 2.6357091226426705 -5.128140903238559 -4.182602019112114 0.0 0.0 
r 1.7236274861356273 -0.26643223243574643 2.6277728351935083 -4.750371382835495 -4.073787755204668 0.0 0.0 
r 1.7283600413859581 -0.2809973637351895 2.638399072460472 -4.677136363178187 -4.0353399443279905 0.0 0.0 
r 1.7179015248888065 -0.2695779078792502 2.64934571455178 -4.610970250434987 -4.015530117745139 0.0 0.0 
r 1.7028932867347404 -0.24627633596238216 2.655353654380645 -4.508259025927978 -3.9864163730477817 0.0 0.0 
r 1.6926089292820294 -0.23494626273385347 2.668845260118157 -4.437820376229559 -3.9812397157488824 0.0 0.0 
r 1.657935145680473 -0.15725572862926207 2.6380267539602835 -4.215833223499367 -3.8864148412311486 0.0 0.0 
r 1.6476892008385855 -0.12824672970224588 2.6030450148596325 -4.1424601047962115 -3.8230930397967575 0.0 0.0 
r 1.6449251413985158 -0.11633721869820322 2.5754952358720806 -4.094840494602686 -3.780714031854897 0.0 0.0 
r 1.6643561101288549 -0.16321832634529843 2.623688062443037 -4.233557160238206 -3.883639312425754 0.0 0.0 
r 1.6691470709368557 -0.16495227477901786 2.6065341238788613 -4.223883674987263 -3.8614276947246147 0.0 0.0 
r 1.6676944888339276 -0.15277316578224068 2.578478306979512 -4.220853795353741 -3.81908477101562 0.0 0.0 
r 1.6703699548504554 -0.17587115926699506 2.629443655374101 -4.286007340641457 -3.9066592613357987 0.0 0.0 
r 1.6637949939594772 -0.1573555479902895 2.610177648750161 -4.201551567247242 -3.857421699269228 0.0 0.0 
r 1.6445864688232954 -0.14077295894184438 2.6607688328935692 -4.177955064811083 -3.9598287231064084 0.0 0.0 
r 1.6233486999952353 -0.11224351488078982 2.7049697814984395 -4.048449871541979 -4.029055646889791 0.0 0.0 
r 1.6290670700302088 -0.1535830151611092 2.7812031882910517 -3.9244236027111405 -4.157479116071379 0.0 0.0 
r 1.6173573345502326 -0.14650464163495797 2.8357372508676013 -3.777968521590396 -4.2512126088865205 0.0 0.0 
r 1.6320951517516944 -0.26762150119616107 2.9213861192194646 0.12300853619292235 -4.410417229004956 0.0 0.0 
r 1.670518146051531 -0.7742692273173667 3.0396415181880503 1.1706777159986301 -4.610418517335685 0.0 0.0 
r 1.6996826557983442 -1.5488143922392186 3.138743238623809 -1.3071221862144162 -1.6458786812691555 0.0 0.0 
r 1.6850504578411334 0.6988889258313333 0.13570895488588727 -1.1149150386195543 1.2774640164650959 0.0 0.0 
r 1.7257999092701304 0.552185530496346 0.24837912873996384 -1.002063913834448 1.0683712810426917 0.0 0.0 
r 1.665967012706277 0.2773400000569518 0.32354164833071575 -0.8953435893503161 0.9255867901789258 0.0 0.0 
r 1.7088576536154618 0.300443350886679 0.4215790916761391 -0.9135489861655015 0.7698378175219853 0.0 0.0 
r 1.7730482746748097 0.3828190842333287 0.4709968104056381 -0.9522485614439395 0.7023515261234576 0.0 0.0 
r 1.787623276875628 0.3913428012057871 0.4903782434777085 -0.990718866515885 0.6782707931916625 0.0 0.0 
r 1.7998865650372005 0.4026918262460066 0.5008593751887057 -1.019545659639422 0.6672767183578384 0.0 0.0 
r 1.800129233638818 0.4047133373257604 0.4989666149330186 -1.0224383776804022 0.6771471589943769 0.0 0.0 
r 1.8007384034492708 0.4084805062803763 0.4957703861189325 -1.0318075201990533 0.6866104223324994 0.0 0.0 
r 1.7645176064263846 0.41090548166458085 0.4230693225099306 -1.081459049674456 0.7668169655347585 0.0 0.0 
r 1.725879301795497 0.3834427163899104 0.3697207101371183 -1.070050786418999 0.8259583306144036 0.0 0.0 
r 1.6932039583688856 0.3127279155740323 0.36356383112676943 -1.0282149846892592 0.8362542013187813 0.0 0.0 
r 1.6697071164124158 0.24035972086755356 0.3847038622280485 -0.9576225480474811 0.8122983016711285 0.0 0.0 
r 1.6521639605569383 0.18944277689881678 0.4021237501131798 -0.8911101086951236 0.7975939433120407 0.0 0.0 
r 1.6358997505870945 0.1423183340599138 0.42700387214723484 -0.8155250608203921 0.7728454843861512 0.0 0.0 
r 1.637160915589729 0.13790671992873013 0.44660666576146696 -0.7492451712321706 0.7520438339224502 0.0 0.0 
r 1.6252508858052377 0.10941604469721088 0.4605920612250018 -0.6752841228919582 0.7342003977528937 0.0 0.0 
r 1.6036806421359044 0.06499756821441549 0.4679590627705943 -0.7133755506994466 0.7389004663354679 0.0 0.0 
r 1.6053953356809687 0.07650052287215683 0.4241580359353847 -0.5628654947279506 0.79311489040085 0.0 0.0 
r 1.585639025898979 0.035600830410967815 0.3948829799489256 -0.45576715713649046 0.8321364836350206 0.0 0.0 
r -1.58801266819027 -0.05488638254680331 0.3036939187747143 2.599213938738231 0.9958388832803029 0.0 0.0 
r -1.6191703374007385 -0.23598286505797628 0.19867140605598566 2.528053990670091 1.1742230595949938 0.0 0.0 
r -1.6395158401885723 -0.617651072209747 0.0965888604108781 2.7456436857367184 1.3378460510797985 0.0 0.0 
r -1.6784496668988917 1.35015147723548 3.117357406292348 2.904033150455897 -1.6199080979081484 0.0 0.0 
r -1.739991740094034 1.0674749069139675 3.0478064168521484 0.5596477507674107 -1.5050686052197055 0.0 0.0 
r -1.7932342476934233 0.7203316909626161 2.8893705670854213 -0.9945950556003549 -4.412717754977129 0.0 0.0 
r -1.8031038384310711 0.631193941917072 2.8285719171741475 -1.1481327390834273 -4.316999827420909 0.0 0.0 
r -1.8474540912041977 0.6139659987558459 2.7586379699595955 -1.0213938150615207 -4.217693409424598 0.0 0.0 
r -1.895964420406071 0.6055465157119005 2.688422652713672 -0.7676801915988627 -4.098831627125072 0.0 0.0 
r -1.9421534037174837 0.6153553450241477 2.638077337654285 -0.6671209693535316 -4.02463159040391 0.0 0.0 
r -2.0162051969168346 0.6602377636037644 2.590341672823808 -0.5899994061349705 -3.9498477141577437 0.0 0.0 
r -2.0437634051909734 0.6813599098375888 2.578674417185646 -0.593205558856915 -3.9245548683070544 0.0 0.0 
r -2.062271579792926 0.6835515475937515 2.5602061642436973 -0.54208482904498 -3.8819187550769905 0.0 0.0 
r -2.1022705816663514 0.7063541689379781 2.538257240463257 -0.5117743759203537 -3.845857516954722 0.0 0.0 
r -2.1231096154507005 0.7195482613502078 2.5286457231967017 -0.4278899445498238 -3.819587910623175 0.0 0.0 
r -2.110959874213675 0.7245919403766229 2.546195672928393 -0.5309464820099541 -3.84884447013754 0.0 0.0 
r -2.1114511607084205 0.7313753484596329 2.552006252717028 -0.48354438405532746 -3.843931334670831 0.0 0.0 
r -2.123526269706602 0.7635219861516582 2.569118184712911 -0.4023177742689598 -3.8492483140529967 0.0 0.0 
r -2.1179186229308113 0.7554492085623585 2.5674859318007144 -0.3482517853395521 -3.8361378661567915 0.0 0.0 
r -2.1119627663897074 0.7451351072286276 2.5641829157546225 -0.3177977973907817 -3.82492980815244 0.0 0.0 
r -2.1055703294160404 0.7389635002205808 2.5651603218062666 -0.28892106518698685 -3.823376096599098 0.0 0.0 
r -2.1048910044945766 0.738964952800584 2.565869639815478 -0.32792367733949596 -3.8322438042391624 0.0 0.0 
r -2.117259444811582 0.7617133729703092 2.573865577967273 -0.2714319926477666 -3.8369199793234117 0.0 0.0 
r -2.098916725871505 0.751081824002495 2.5830835244258714 -0.2834100303859281 -3.842333181673248 0.0 0.0 
r -2.0908289145434806 0.7359956396843171 2.5778521104345358 -0.26264591127567866 -3.832503553674637 0.0 0.0 
r -2.0880382507725592 0.7376538593033088 2.582275571444162 -0.3114311771119686 -3.850233971609347 0.0 0.0 
r -2.0579287649546396 0.7097201013152296 2.5890355079321967 -0.6295538847894504 -3.9238199654663855 0.0 0.0 
r -2.01791357844536 0.6476578285055906 2.5766664631316774 -0.9046920554699212 -3.9695248276691517 0.0 0.0 
r -2.0240443666991252 0.6886304554234366 2.607229363363602 -1.1178124823781206 -4.07786594318549 0.0 0.0 
r -2.017219128687897 0.6958310251667893 2.6211826752667795 -1.417330080525694 -4.1895436652609295 0.0 0.0 
r -2.011403229703242 0.7052109322772142 2.6357396573451672 1.3953652102283105 -1.1968813301180576 0.0 0.0 
r -1.989142203196482 0.6714341021857912 2.631469419705162 1.2003024082797196 -1.3024485958297785 0.0 0.0 
r -1.984143397433856 0.6865237540728119 2.6501686001633047 0.999790153516724 -1.4559447154237215 0.0 0.0 
r -1.9703336820539152 0.6607199900130257 2.643944657067536 0.8602560000200139 -1.5885289917777201 0.0 0.0 
r -2.012329415828485 0.69107241937437 2.62244383668418 0.7612946589425584 -1.6690854032921298 0.0 0.0 
r -2.0086180683493158 0.6630742792424438 2.60164723431165 0.649822298302744 -1.7546686273313674 0.0 0.0 
r -2.006463454506097 0.6684168178937688 2.6089469734565007 0.5550724401208396 -1.8785898427069796 0.0 0.0 
r -2.002294138109276 0.658891925062696 2.6051360733785875 0.4415265262740649 -1.9720249665477854 0.0 0.0 
r -1.9874810786834995 0.6503228533292029 2.6146447123404526 0.35731953075398676 -2.0634223191468357 0.0 0.0 
r -1.9714270210856562 0.6388753060146641 2.6233793479719503 0.28067558908882734 -2.121657187669755 0.0 0.0 
r -1.958260557969381 0.6226342434181652 2.624687119491014 0.23260516858919195 -2.1549915297587074 0.0 0.0 
r -1.9398783743076984 0.605316030926186 2.631869752882724 0.22973529901553996 -2.174353129745776 0.0 0.0 
r -1.932273857664051 0.5966160028058684 2.633630248124285 0.2221684472338415 -2.1834337482950934 0.0 0.0 
r -1.93200239948187 0.5966844789069625 2.6340416062977834 0.21857746833131292 -2.186353315481278 0.0 0.0 
r -1.932918984474695 0.5999778556751088 2.6358688480791823 0.21724350224039518 -2.1901431139709007 0.0 0.0 
r -1.9450556625393818 0.6182631521954101 2.6370652304083073 0.2307975300949246 -2.195714890158314 0.0 0.0 
r -1.9525123966946105 0.6273390493217775 2.635970873301571 0.22693673646511386 -2.1959299657995612 0.0 0.0 
r -1.956892250499078 0.634645434438118 2.637125403240696 0.22265084735296808 -2.1964256818106858 0.0 0.0 
r -1.9594456120968844 0.636004341156359 2.6352380306726992 0.22303444833390867 -2.1958201801171877 0.0 0.0 
r -1.970862853445024 0.6528652815137782 2.636476194745998 0.22444911783376692 -2.196338687266629 0.0 0.0 
r -1.9761214766817365 0.6595981894750732 2.6361979005912914 0.2453445719613177 -2.2013065096178144 0.0 0.0 
r -1.9832917168138613 0.6650216142789811 2.6326016989816896 0.2596017154396109 -2.193977703790811 0.0 0.0 
r -1.9853063765987857 0.6682826744264446 2.6331271240281255 0.26920683723129174 -2.1935395592711853 0.0 0.0 
r -1.9891346225921458 0.6699918286778405 2.630214940703537 0.2789180907844853 -2.1942980172252025 0.0 0.0 
r -1.9881246405511366 0.6712090263853351 2.632441053637511 0.2857013698764966 -2.1963205748838717 0.0 0.0 
r -1.991534810085981 0.6826748096108082 2.638507388714466 0.27874447544245823 -2.200765546431986 0.0 0.0 
r -1.9864719526548096 0.6761307716065191 2.638614791059745 0.28247837205339305 -2.203362757002428 0.0 0.0 
r -1.9865785520156265 0.6758670963518716 2.6382646975361297 0.284798856674182 -2.2018648168633534 0.0 0.0 
r -1.9891410972500587 0.6745593255342718 2.6341982768966603 0.2769857808440504 -2.2035643762452755 0.0 0.0 
r -1.9842349063737823 0.6804910996613809 2.6449211899391534 0.28182648725544773 -2.213763209755405 0.0 0.0 
r -1.9856156976871118 0.68437907386354 2.6466767847755417 0.29772004039378414 -2.213078790223797 0.0 0.0 
r -1.9900370453285858 0.6949095239911336 2.6506431514901068 0.3125592046890298 -2.215316033747813 0.0 0.0 
r -1.994909239616737 0.6988013338548131 2.648503148316993 0.31578897635118747 -2.1873569791567387 0.0 0.0 
r -1.9896496127811154 0.689349680206384 2.646359431680179 0.3612781609506431 -2.166130619886058 0.0 0.0 
r -1.9879132478236412 0.6814594486304538 2.6415689372763063 0.3554951498688866 -2.105346751520319 0.0 0.0 
r -1.9923939759546254 0.6737649252003576 2.6297839113663874 0.38334890655994297 -2.0264470377882793 0.0 0.0 
r -1.9900085869349036 0.6645745798023109 2.624434792754191 0.405670806382424 -1.942899549617017 0.0 0.0 
r -1.9837471486293285 0.627324707739819 2.5980060315945837 0.41320809479703585 -1.830813550955141 0.0 0.0 
r -1.9816802789055625 0.6344518232343213 2.6070793614827332 0.4450727557658672 -1.7875408231523435 0.0 0.0 
r -1.9865439713263828 0.652205649650075 2.6174393439376114 0.48083331087635367 -1.723334223867469 0.0 0.0 
r -1.9873675268235669 0.6548398132025208 2.6188376091112553 0.5123771188608564 -1.6365573202392927 0.0 0.0 
r -1.9662113371562038 0.6123074337504504 2.605388437012004 0.6068997399230187 -1.5346150123452242 0.0 0.0 
r -1.9702992428471782 0.6057173654229566 2.594122239551721 0.6874417991150115 -1.4397857087537909 0.0 0.0 
r -1.9763149832510918 0.5830708431058692 2.564582945693018 0.807390861345634 -1.3277716374414936 0.0 0.0 
r -1.9876748692985644 0.5624126273986958 2.5291514090484006 0.9499977716753798 -1.193885580922442 0.0 0.0 
r -2.004114529398098 0.5636117332716776 2.509685785074554 1.1748410277426273 -1.0563813118321512 0.0 0.0 
r -1.9909671361441168 0.5148702510063523 2.4731762074705284 1.6348499045691633 -0.9128030368832074 0.0 0.0 
r -2.0072127324918743 0.5179041568492339 2.455627101341276 -0.8913221652152592 -3.9364394925114463 0.0 0.0 
r -2.008339013867102 0.5232643887093551 2.46027179469612 -0.5484340115283473 -3.827717505675656 0.0 0.0 
r -2.0201735626740422 0.550585483107131 2.475695411705943 -0.14976178665772694 -3.7700528390629517 0.0 0.0 
r -2.0249354065095444 0.5764379255385476 2.4974978500464466 -0.14391397222863372 -3.723663716319368 0.0 0.0 
r -2.027016538036493 0.5958464730349768 2.5150979480595486 -0.18881308876572572 -3.7124381836110287 0.0 0.0 
r -2.035965623550389 0.6102154265249855 2.51903001474164 -0.23202880178526913 -3.708578109531018 0.0 0.0 
r -2.042968288395587 0.61224898298442 2.5128352603660873 -0.2277552278455272 -3.6970436038475523 0.0 0.0 
r -2.0469008974536367 0.6120173575014137 2.50798838742855 -0.23649596184236182 -3.6865814828645105 0.0 0.0 
r -2.0320106593361773 0.590797953790879 2.503910597855998 -0.2445301534089072 -3.679043646081363 0.0 0.0 
r -2.031561369247137 0.5881221112010868 2.501678636553998 -0.25376849189179057 -3.6883168064205316 0.0 0.0 
r -2.037145193933097 0.5893446796851132 2.4962505660484577 -0.19826270391491246 -3.6565018098265236 0.0 0.0 
r -2.040381723624721 0.6121290553548018 2.5157543397312696 -0.16384115429923013 -3.667798711631198 0.0 0.0 
r -2.037681807691137 0.6123492250279049 2.5191554771457234 -0.15637733146572036 -3.6663965371934264 0.0 0.0 
r -2.0241449035103387 0.5959256191142663 2.5186310236609257 -0.16952618954251036 -3.6949296603389725 0.0 0.0 
r -2.010813523559457 0.5753485269519928 2.5136685514058335 -0.1808831888067876 -3.70546588977455 0.0 0.0 
r -2.009788951500205 0.5807939393222596 2.520574731338498 -0.18681172315819689 -3.7344628972040175 0.0 0.0 
r -1.9825608886482722 0.5733068132167836 2.5468635455684216 -0.2462286672046214 -3.768435609422638 0.0 0.0 
r -1.937285189496276 0.5443986875201346 2.576559313759766 -0.3441508805836068 -3.8360195529533083 0.0 0.0 
r -1.913466204548246 0.5880253072765863 2.6502692970872728 -0.16112756565770997 -3.93302601182641 0.0 0.0 
r -1.893185199484824 0.6140979304361426 2.6991277963043148 -0.1374435742797992 -4.018267039145452 0.0 0.0 
r -1.7471471264751828 0.46124268048162553 2.797314986376714 3.077216561535201 -4.182453480029476 0.0 0.0 
r -1.6486303781834304 0.28130906304968945 2.877980407016353 2.9805251177731527 -4.288506332503127 0.0 0.0 
r -1.571096318581646 0.0018874388225709588 2.9839701147196895 2.8883705748660615 -4.459471231188009 0.0 0.0 
r 1.6092208525068656 -0.5529367624780805 3.0793814560115234 -3.828696699158214 -4.61549903447825 0.0 0.0 
r 1.6409984056537597 1.13280012550408 0.03292030559310133 -1.0455122808016428 1.5281826289475742 0.0 0.0 
r 1.6700013234926183 0.6174622208282399 0.13926149982246983 -0.5068383644144656 1.3422153292202905 0.0 0.0 
r 1.7000580156680671 0.726029520448541 0.14538236465963708 -0.6249067262437806 1.29589026955014 0.0 0.0 
r -1.5848911670322914 -0.056809863468932936 0.2429587842977676 2.4056975332349015 1.1440848957887872 0.0 0.0 
r 1.6124422218841026 0.13376421353599027 0.3002936299120387 -0.8131649682612052 1.055966265763739 0.0 0.0 
r -1.6556783994374302 -0.21850624347176403 0.3659260755507405 2.5147646424523042 0.9638551388119021 0.0 0.0 
r -1.7115473629080338 -0.3196157573171755 0.4045002307029606 2.5793304092460656 0.9163384265363492 0.0 0.0 
r -1.7563071800738943 -0.37672199694237357 0.44293403426452865 2.6511194152358817 0.8760231261614904 0.0 0.0 
r -1.7947649574255113 -0.4203729115250835 0.4712783475932617 2.6697431770455857 0.83820071799237 0.0 0.0 
r -1.8120013308708927 -0.43940404856160825 0.4821395609807262 2.6605718264607545 0.8322120927213623 0.0 0.0 
r -1.830675176814183 -0.4636958701062858 0.48870003191152644 2.673352491929708 0.8285437944404077 0.0 0.0 
r -1.8330790243888888 -0.5594735320510675 0.40501161255523843 2.6506560315859486 0.9218826298079282 0.0 0.0 
r -1.7603540886884992 -0.4863229882944094 0.3481295108915378 2.6483165227631433 0.989620858410931 0.0 0.0 
r -1.8225213685575274 -0.6009297740530202 0.35891999231491467 2.6587711843482964 0.9888680645159371 0.0 0.0 
r -1.7854412239158 -0.6519472674244978 0.27820609407696656 2.5431578766676175 1.1099209493589803 0.0 0.0 
r -1.7761304752611433 -0.7760819633345581 0.20908551561716862 2.307225088435645 1.2223373296996678 0.0 0.0 
r -1.7997887867832734 -1.032689098057194 0.13822936842136654 2.6412365227547934 1.3147500239662069 0.0 0.0 
r -1.8396959279398932 -1.4536940768793472 0.0324072841317133 2.3764961084239937 1.4690700324234411 0.0 0.0 
r -1.8636589982185188 1.284734477169217 3.0531344997988885 1.9769644860169968 -1.505907243633221 0.0 0.0 
r -1.8802922942214502 1.1332593861040352 2.993112227821487 4.267493458058823 -4.551259774356236 0.0 0.0 
r -1.894650949337059 0.9768859560232717 2.918700957636346 3.48213562941014 -4.453947491943413 0.0 0.0 
r -1.933136527081547 0.8277132989940217 2.8064506260811255 -0.458844793654477 -4.321833367572037 0.0 0.0 
r -1.9315304155879913 0.6889490851675165 2.712059984101562 -1.0525920084625966 -4.230506610349854 0.0 0.0 
r -1.9432010909897766 0.5876707104842394 2.6112555085337448 -1.0194467143023362 -4.112090941519038 0.0 0.0 
r -1.9530585244111887 0.514942315372524 2.5238652266467514 -1.041606752411105 -4.011009705556981 0.0 0.0 
r -1.9754896538937474 0.5006725102145511 2.477419768708197 -0.9275581704517699 -3.930050508693063 0.0 0.0 
r -2.0286248889113647 0.5441868082307256 2.4582070848560784 -0.6679727349175681 -3.8674458454463 0.0 0.0 
r -2.0748300240180555 0.5930664919384123 2.455781242054485 -0.5723886312760558 -3.8352364615630363 0.0 0.0 
r -2.099473469220524 0.6147089904379291 2.450334918509616 -0.5074545050312922 -3.8182362933660525 0.0 0.0 
r -2.118940753991227 0.6319875160140831 2.446516740520692 -0.45046322983501524 -3.803054872786997 0.0 0.0 
r -2.1358685652330394 0.6551051696238295 2.4516394926809566 -0.4169537830934999 -3.7995212150742077 0.0 0.0 
r -2.1568098861618354 0.6819521776284352 2.456217778847239 -0.3681811911027923 -3.8030663390321635 0.0 0.0 
r -2.1835057689230624 0.7097180927687579 2.455786635427537 -0.3538976794436001 -3.8072134432194913 0.0 0.0 
r -2.1870941838607276 0.7229549790443089 2.465135301492336 -0.4545115350251205 -3.841580438648636 0.0 0.0 
r -2.190127345549305 0.7187558372599429 2.457853615238244 -0.45424246992550116 -3.839002462296735 0.0 0.0 
r -2.1998776923899124 0.7288544730315257 2.457751543914256 -0.48011787740651063 -3.8457510733918374 0.0 0.0 
r -2.2093063200094254 0.7449742211582302 2.4639307437265274 -0.4752434905205833 -3.8576518227218743 0.0 0.0 
r -2.220782554679354 0.7590360559284013 2.466024392388707 -0.4649499323609409 -3.8634829559075037 0.0 0.0 
r -2.2160278899266097 0.7548377647253695 2.4667426017613954 -0.4401914967028368 -3.8604184661490457 0.0 0.0 
r -2.214761806917871 0.7571918448931746 2.4703263444452093 -0.3214358543504458 -3.84214430860388 0.0 0.0 
r -2.2187884251385146 0.7770647942292414 2.4855616934412974 -0.25316322669644825 -3.84334816394744 0.0 0.0 
r -2.2204733587160295 0.7863755550183431 2.4928569796180833 -0.26613164161023856 -3.8576178125281912 0.0 0.0 
r -2.219389543621162 0.7880169059998252 2.4955189842897783 -0.23881898302353138 -3.8589644184805114 0.0 0.0 
r -2.2075225612667246 0.780793575041812 2.50045793908388 -0.23290564532346653 -3.861039240964862 0.0 0.0 
r -2.201750171293128 0.7700222449333262 2.4959217078162133 -0.25604187286903873 -3.853616846484898 0.0 0.0 
r -2.2016213202306445 0.7711551282966345 2.4971407030742276 -0.23078495655774106 -3.8545202219958656 0.0 0.0 
r -2.2093512905277146 0.7832555132868808 2.5009855079492316 -0.22972791622043215 -3.8599096290598887 0.0 0.0 
r -2.2084393523644783 0.7868459215055493 2.505334047486271 -0.2260205782234485 -3.86763975253148 0.0 0.0 
r -2.1975141580998834 0.7731743594510584 2.503216921971893 -0.27666980802334357 -3.8647296363560635 0.0 0.0 
r -2.1872697080715384 0.7588215078547119 2.4998215483761657 -0.30654158629044187 -3.859511288924985 0.0 0.0 
r -2.167031511982957 0.7480877869301037 2.5101989691190543 -0.3552388790143672 -3.857791960613133 0.0 0.0 
r -2.1715597790841907 0.7508550499163605 2.508206311786249 -0.35098170443039106 -3.879320970180637 0.0 0.0 
r -2.176170918434378 0.7474384673760188 2.500208808362221 -0.33794736386586627 -3.8679279568056133 0.0 0.0 
r -2.1666815063778584 0.7502678183179 2.5126389299175784 -0.3794592207920415 -3.881607820138145 0.0 0.0 
r -2.1646421971975514 0.7506931542314806 2.5151328129515003 -0.3136482048576685 -3.8727685214046765 0.0 0.0 
r -2.1590607068298264 0.7540065026944595 2.523989939641634 -0.3508455246258044 -3.884067091034293 0.0 0.0 
r -2.1547658422296503 0.7500601118062256 2.5246554018142504 -0.36324611699696047 -3.8878187990045676 0.0 0.0 
r -2.1558516985910647 0.7462418289630646 2.519920526878023 -0.34201894505524216 -3.8814883458846228 0.0 0.0 
r -2.154929034172875 0.7403494590927223 2.5152632521369314 -0.33725130186851987 -3.882405457694249 0.0 0.0 
r -2.166984545752142 0.7508543849127904 2.512888038962876 -0.31394199117231397 -3.884034747635787 0.0 0.0 
r -2.171750569945307 0.755928048054142 2.5128545714704837 -0.340740137398394 -3.89348619241985 0.0 0.0 
r -2.1727139334913383 0.7541112746085261 2.51013848150704 -0.3221688830654072 -3.8917959150521075 0.0 0.0 
r -2.16796337687913 0.7515148535726857 2.5125161049245057 -0.32559717705879504 -3.882161276146271 0.0 0.0 
r -2.1654448488258913 0.7522156542806275 2.5157604829622153 -0.29803978016002847 -3.8754810672845177 0.0 0.0 
r -2.1579884664250324 0.7447394499903034 2.516293716218935 -0.272039835034447 -3.8684103638278042 0.0 0.0 
r -2.1461806871798195 0.7335756634122811 2.5178622384518885 -0.27721609332305136 -3.864765857527654 0.0 0.0 
r -2.1342237304319935 0.7176913154665489 2.5151743275734373 -0.29167973119038243 -3.860550310772532 0.0 0.0 
r -2.1469576936880066 0.7336421176923326 2.5171188048498716 -0.2817400749531564 -3.8618685179231607 0.0 0.0 
r -2.1539432709687505 0.7470323389614406 2.52263282793311 -0.2898300317782751 -3.878360757849407 0.0 0.0 
r -2.1635679611172147 0.7546225855547642 2.519966280209341 -0.28053505168620524 -3.8806127928510117 0.0 0.0 
r -2.165390584969685 0.7556161501823794 2.5190476156460235 -0.2746070208823556 -3.8810615271595172 0.0 0.0 
r -2.1567846897863183 0.7441717953034811 2.5169922123859108 -0.3438443806326396 -3.886597743909268 0.0 0.0 
r -2.1553508671571797 0.7400747302939801 2.5145656868673405 -0.39709622001372685 -3.8867814370822256 0.0 0.0 
r -2.1541859805083194 0.7369991471258657 2.5128324954463848 -0.4112770582099589 -3.8891153627678983 0.0 0.0 
r -2.1431301483098486 0.7208183462778943 2.5088286523578036 -0.4278481150580912 -3.88526480334369 0.0 0.0 
r -2.1411255580800312 0.7134866689899563 2.50386416233429 -0.4098226130653175 -3.878809431208282 0.0 0.0 
r -2.1457667598417753 0.7224862353221584 2.507673633459699 -0.37649588019232566 -3.8801093015062253 0.0 0.0 
r -2.1377845667199225 0.7144186113760004 2.508281037522741 -0.359988128666018 -3.8788963654813724 0.0 0.0 
r -2.1414639600811567 0.7288044448468949 2.5182199624564796 -0.3496433251414485 -3.890537692847889 0.0 0.0 
r -2.157477879330915 0.7447798073950004 2.5168575333765904 -0.3274652750160915 -3.8882116208602007 0.0 0.0 
r -2.161102042739223 0.7451049393435015 2.5134394660640917 -0.3480368466739205 -3.8872022245480524 0.0 0.0 
r -2.1759388153837023 0.7633463386752228 2.515653738891054 -0.35907295223791075 -3.8905225479410888 0.0 0.0 
r -2.176568330778397 0.7646756024161412 2.516278314084059 -0.38019260175791886 -3.8963162046931235 0.0 0.0 
r -2.1751126982735736 0.7636326739318117 2.5167641026966647 -0.3965043164063539 -3.8961801783485015 0.0 0.0 
r -2.1989838595424986 0.7889033689914823 2.516734877286918 -0.39353979074350914 -3.8953994793877396 0.0 0.0 
r -2.1981862427961754 0.7845147824624419 2.5133628702306554 -0.44939323758330846 -3.89963037982936 0.0 0.0 
r -2.1650128432071756 0.7462157551702363 2.5104815007228503 -0.5596346274104225 -3.906585390780189 0.0 0.0 
r -2.1561016740461127 0.7328219680927648 2.50684641788876 -0.5683492841958431 -3.9011718417803527 0.0 0.0 
r -2.1541286077440596 0.7318271850206939 2.5079382390998832 -0.5344864576086759 -3.8992838109809713 0.0 0.0 
r -2.1691498795607913 0.7514234445951591 2.5112149480371464 -0.49385613345220064 -3.895882752374188 0.0 0.0 
r -2.189134795767453 0.7758701471242311 2.514224831105186 -0.46314072334599937 -3.8986896230214927 0.0 0.0 
r -2.2011468728486543 0.7883018682353425 2.514004871503459 -0.4619860668075996 -3.903499326218423 0.0 0.0 
r -2.2039449948256467 0.7905268626844147 2.5133292427760243 -0.4724244177574805 -3.906168500841475 0.0 0.0 
r -2.1841081509685694 0.7658938040416754 2.5097984165561003 -0.4846137302172077 -3.902715799755447 0.0 0.0 
r -2.169434898352357 0.7467018325502058 2.5064076628513225 -0.48020020013180015 -3.8942171474048655 0.0 0.0 
r -2.1681292781181583 0.7517835771432196 2.5126026479786705 -0.46672670385716825 -3.899574014858276 0.0 0.0 
r -2.1659535337586995 0.75023823266616 2.5133563036091773 -0.4710448387138883 -3.8973061248681233 0.0 0.0 
r -2.165834726794162 0.7553527067133868 2.518344083342684 -0.45912139622999887 -3.9014563668373397 0.0 0.0 
r -2.1615177925301903 0.7552629347753569 2.5226676729571618 -0.42419052407934216 -3.904012239123983 0.0 0.0 
r -2.169288026985203 0.769907737344158 2.5285980829870587 -0.43196799354766896 -3.9090230330359352 0.0 0.0 
r -2.168687307834979 0.7704213129150225 2.5296886696048184 -0.4496948079717235 -3.9160409884011114 0.0 0.0 
r -2.1775790195566636 0.7733823894305543 2.5235051946101925 -0.42428305706640196 -3.904616104561583 0.0 0.0 
r -2.1783484672955167 0.7753033392195668 2.5245441454290427 -0.4060988999317254 -3.9092371351747617 0.0 0.0 
r -2.1763515674153155 0.7784196002104281 2.529489328759599 -0.40578883657676784 -3.916693633092547 0.0 0.0 
r -2.1656696557300767 0.7665866016359547 2.529133724432689 -0.41318030887462304 -3.911344535650904 0.0 0.0 
r -2.1675688628318794 0.7750300284693649 2.535144061304665 -0.515168541359402 -3.9356987267285075 0.0 0.0 
r -2.1645919855274762 0.7680326767501691 2.5315855309461766 -0.6318497122129314 -3.951097035280492 0.0 0.0 
r -2.1668045435954864 0.764941219955371 2.526432324982993 -0.778356550806288 -3.958680068901459 0.0 0.0 
r -2.1681651398789605 0.7599458943731757 2.5203261548584805 -0.8378820780629377 -3.972284711006443 0.0 0.0 
r -2.1374847427072057 0.7712270964119269 2.561989732523591 -0.8275796058373681 -4.011208324087633 0.0 0.0 
r -2.1524965585422566 0.8219203380008994 2.592949586222809 -0.7095810207313471 -4.033976013553812 0.0 0.0 
r -2.1516472799917756 0.8648052201430466 2.6313919115253395 -0.6632321509256156 -4.0735635367696 0.0 0.0 
r -2.12889300026443 0.8427886634611433 2.6338016510360056 -0.6927778451155768 -4.075490314162574 0.0 0.0 
r -2.106637345934079 0.8224256875514184 2.6376993799557074 -0.7785534213462417 -4.0847571586413025 0.0 0.0 
r -2.1006869908376666 0.8164983621758178 2.6384247991314687 -0.9044161339967272 -4.0977386038050625 0.0 0.0 
