r 0.9346937977487614 -0.4647414240306095 -0.9743739799855168 -2.5863517132175673 0.18511793268868204 0.0 0.0 
r 0.9343445419208372 -0.46530334415224434 -0.9740620537609544 -2.5812749693676826 0.18543634876899628 0.0 0.0 
r 0.9339083372037406 -0.46605130489175106 -0.9736195728691823 -2.573931216244656 0.18589493492928555 0.0 0.0 
r 0.9334858823565912 -0.4668769303363262 -0.9730745222182897 -2.564638144612366 0.18647278053364225 0.0 0.0 
r 0.9331968378575877 -0.46764906125233624 -0.9724623652765731 -2.5537890941683035 0.18714641176578362 0.0 0.0 
r 0.9331808561137809 -0.4682162583871762 -0.9718219932068792 -2.541851054681648 0.1878888437269286 0.0 0.0 
r 0.9335803205852884 -0.46842236413439753 -0.9711946385202906 -2.529326600490622 0.1886757497065894 0.0 0.0 
r 0.9345393152000646 -0.4681113025729736 -0.9706197741356142 -2.5167466011090593 0.189480460043707 0.0 0.0 
r 0.9361943277680882 -0.46713773185037033 -0.9701325604135846 -2.504637851512473 0.1902793548774544 0.0 0.0 
r 0.9386661648252939 -0.4653766398823816 -0.9697614883403702 -2.4935000047135256 0.19104426090944282 0.0 0.0 
r 0.9420553255282853 -0.4627302524822894 -0.9695257164092792 -2.483788668870076 0.19174375905342034 0.0 0.0 
r 0.9464331326191899 -0.4591359919997397 -0.9694350728339626 -2.4758903050749694 0.19234163332158727 0.0 0.0 
r 0.9518385081547001 -0.4545702430277176 -0.9694889478428714 -2.4701079640671146 0.19279490363532803 0.0 0.0 
r 0.9582712459969761 -0.4490516512759116 -0.9696785701336536 -2.4666503394046955 0.19305467789288733 0.0 0.0 
r 0.9656865477450091 -0.4426434419344365 -0.9699885256798394 -2.465617643422216 0.1930704947318741 0.0 0.0 
r 0.9739921251090027 -0.43545162456304704 -0.9704000093338638 -2.4670042808403734 0.19279186575139484 0.0 0.0 
r 0.9830472929632643 -0.42762193647096114 -0.9708932158490658 -2.4706948931833645 0.19217458614336203 0.0 0.0 
r 0.9926665010862064 -0.4193320311318565 -0.9714509978674146 -2.476480663452878 0.19118595848522502 0.0 0.0 
r 1.0026232113401508 -0.4107853660892444 -0.9720604142432884 -2.4840597546168395 0.1898089695739117 0.0 0.0 
r 1.012661036633745 -0.40219950072248656 -0.9727145067757165 -2.493068672674009 0.18804736953531387 0.0 0.0 
r 1.0225063026649366 -0.3937944137786405 -0.9734136228833913 -2.5030945225102506 0.18593124090761537 0.0 0.0 
r 1.0318828000478204 -0.3857823110021466 -0.9741635829071791 -2.513705506153861 0.18351079123234115 0.0 0.0 
r 1.0405292502321655 -0.3783551680188996 -0.9749748552835729 -2.5244772591972433 0.18085979103986816 0.0 0.0 
r 1.0482132923334653 -0.3716763830321312 -0.9758606467614979 -2.5350156428703285 0.17806667784272046 0.0 0.0 
r 1.0547458688744487 -0.3658725722772589 -0.9768346831725702 -2.54498149476629 0.17523306001016525 0.0 0.0 
r 1.0599908911563727 -0.3610290153529288 -0.9779090803249556 -2.554104234569542 0.17246369714807974 0.0 0.0 
r 1.0638674064771325 -0.3571904644170847 -0.9790925984673621 -2.562185566798246 0.16986086926779898 0.0 0.0 
r 1.0663527944457136 -0.3543608471563849 -0.9803889197527077 -2.569103927903777 0.1675165142733479 0.0 0.0 
r 1.0674768847410998 -0.3525086447555386 -0.9817964307303503 -2.574809762464173 0.1655052895948298 0.0 0.0 
r 1.0673140463897541 -0.3515736405318211 -0.983307876408303 -2.5793007958293663 0.16388213644119065 0.0 0.0 
r 1.0659734215273255 -0.35147435561013124 -0.9849107492925467 -2.582620580853054 0.1626800946146134 0.0 0.0 
r 1.0635878677957686 -0.3521156404633551 -0.9865886296436618 -2.5848222625893515 0.16190966911647153 0.0 0.0 
r 1.0603089572750237 -0.35339215851180666 -0.9883216235975009 -2.5859664032964673 0.16155924622964724 0.0 0.0 
r 1.0562947271320784 -0.3551964622627036 -0.9900880116342443 -2.5860994623276508 0.16160004768794967 0.0 0.0 
r 1.0517037903511042 -0.35742227868715254 -0.9918656881690909 -2.585238788903741 0.1619876183279123 0.0 0.0 
r 1.0466928696159599 -0.3599655074254375 -0.9936330775393781 -2.583375009428277 0.16267131431943882 0.0 0.0 
r 1.0414121024956537 -0.3627266218295727 -0.9953704059782122 -2.580466646621746 0.16359604366030422 0.0 0.0 
r 1.0360051534613095 -0.365609733206679 -0.9970604883937733 -2.5764428787709255 0.16470976205853827 0.0 0.0 
r 1.0306078019731357 -0.3685237013272453 -0.998688307960014 -2.5712138323176363 0.16596383848272034 0.0 0.0 
r 1.0253483893226265 -0.37138072879501294 -1.0002421463614224 -2.564668865275778 0.16732013786242272 0.0 0.0 
r 1.020347179095469 -0.3740963622159554 -1.0017139580705698 -2.55669649097496 0.16875447479779726 0.0 0.0 
r 1.0157167410420347 -0.3765898813811455 -1.0030982680398037 -2.5471862306945754 0.1702553137597208 0.0 0.0 
r 1.0115611422467656 -0.378784534502772 -1.0043926124404519 -2.5360382764557396 0.17182539451858125 0.0 0.0 
r 1.0079728537972057 -0.3806108127068202 -1.0055963689841647 -2.523170573066718 0.1734795988296356 0.0 0.0 
r 1.005035937192006 -0.3820039688438787 -1.0067109636132725 -2.5085388059264866 0.17524197673997877 0.0 0.0 
r 1.0028225383094604 -0.38290752877128864 -1.0077389912110113 -2.492130876643775 0.17714415063120836 0.0 0.0 
r 1.0013957720868576 -0.38327092261677775 -1.0086846895535917 -2.4739910172406967 0.17922277342232062 0.0 0.0 
r 1.0008123197371885 -0.3830491770209786 -1.0095520384160954 -2.4542251922669065 0.18151093065140866 0.0 0.0 
r 1.0011178214485372 -0.3822056696627861 -1.010346036516379 -2.432999579170554 0.18403352742626466 0.0 0.0 
r 1.002352670623232 -0.38070883637885305 -1.0110714841424062 -2.4105498531539555 0.18680757167749795 0.0 0.0 
r 1.0045541305465782 -0.37853028107953346 -1.0117335851050273 -2.387175738629726 0.18983592042763986 0.0 0.0 
r 1.0077573822033112 -0.3756441909776167 -1.0123379027291672 -2.3632223254426403 0.19310684051168892 0.0 0.0 
r 1.012003833311895 -0.3720218864153236 -1.0128895068701347 -2.3390716697344525 0.19659193075661507 0.0 0.0 
r 1.0173319915354766 -0.36763753026271384 -1.013394832315506 -2.3150988471488607 0.20025185928365596 0.0 0.0 
r 1.023793740619214 -0.36245726961345826 -1.0138601703942691 -2.2916862452790867 0.20404059524616547 0.0 0.0 
r 1.0314490523342994 -0.3564429748617604 -1.0142925152212037 -2.2691708312065013 0.20790587439571817 0.0 0.0 
r 1.040370376125582 -0.34955026649448134 -1.0146983939682432 -2.2478463887489935 0.21179701876844503 0.0 0.0 
r 1.050645214556574 -0.34172605639399484 -1.0150854021382503 -2.2279511005645847 0.2156727561315087 0.0 0.0 
r 1.0623780597946557 -0.33290933245255727 -1.0154600982768733 -2.209665631327754 0.21950170411384118 0.0 0.0 
r 1.0756930737489265 -0.32302983408466424 -1.0158281655352177 -2.193123010740643 0.22326382294833913 0.0 0.0 
r 1.0907447663909449 -0.31200114128652345 -1.016194626730734 -2.1784265438578205 0.22695721185628792 0.0 0.0 
r 1.1077128887632293 -0.2997261541450855 -1.0165628913234501 -2.1656590231884683 0.23059441131309144 0.0 0.0 
r 1.126809722589348 -0.2860933966434357 -1.0169341083437562 -2.1549023149786315 0.23419752048678266 0.0 0.0 
r 1.148280423422605 -0.2709774588177533 -1.0173078715579202 -2.146259579695987 0.23779435206504218 0.0 0.0 
r 1.1724046971512028 -0.2542387904754508 -1.0176822628353255 -2.1398663460487435 0.241413610023948 0.0 0.0 
r 1.1994975004855177 -0.2357234798036438 -1.0180545629985116 -2.1359110528600804 0.2450742044695492 0.0 0.0 
r 1.229903987485556 -0.21526607234000486 -1.018422522948041 -2.13464173734519 0.24878032051027044 0.0 0.0 
r 1.2639910450711973 -0.19269348902223093 -1.018785898558792 -2.1363684026558674 0.25250896730702155 0.0 0.0 
r 1.3021340974842532 -0.16783036010910685 -1.0191483178453264 -2.1414571135160525 0.2562032421859247 0.0 0.0 
r 1.3446860596689003 -0.14051359063670632 -1.0195193909251812 -2.1503032745647324 0.25976180615923394 0.0 0.0 
r 1.3919532793197518 -0.11059966006874127 -1.0199161565056611 -2.163312105599262 0.26302785485252533 0.0 0.0 
r 1.4441493817239837 -0.07798297117801027 -1.0203642799054298 -2.1808461015223966 0.26578073787734335 0.0 0.0 
r 1.5013427802950325 -0.04261535634925764 -1.0208983101330242 -2.203168964456941 0.26771981117214927 0.0 0.0 
r 1.5634003557129479 -0.004526777084590367 -1.0215615129088462 -2.230380855049595 0.26844917290282067 0.0 0.0 
r -1.511653550754458 0.036156503094042426 -1.0224036010928386 0.8792353375417175 0.2674584286788638 0.0 0.0 
r -1.4412990973010902 0.0791965600583005 -1.0234778367531838 0.8428862016191336 0.26409720778529566 0.0 0.0 
r -1.368077718507084 0.12423578960403886 -1.0248369515405615 0.8028347490698786 0.2575473088694714 0.0 0.0 
r -1.2931791113811095 0.17080013855140364 -1.0265286570609455 0.7600072626718017 0.24678094147990504 0.0 0.0 
r -1.2179485772561427 0.21831518254044227 -1.0285905594861975 0.7155052813311693 0.2305408560059049 0.0 0.0 
r -1.1437712286834358 0.2661352499515271 -1.03104510442049 0.6704958262723693 0.20728934164283597 0.0 0.0 
r -1.0719485881803086 0.3135831266861434 -1.0338953368423975 0.6260967691857231 0.17521987782825987 0.0 0.0 
r -1.003595914194128 0.35999286259136687 -1.037122645589599 0.5832766848274484 0.13231473051312737 0.0 0.0 
r -0.9395749894098013 0.40475291625382104 -1.0406849847444273 0.5427862029422876 0.07652914571903546 0.0 0.0 
r -0.8804727546824045 0.44733978575442707 -1.044517177135361 0.5051377040491134 0.006187703594626726 0.0 0.0 
r -0.8266138926979355 0.487342397426927 -1.048532911784289 0.4706161154375626 -0.07934565846683816 0.0 0.0 
r -0.778097821146636 0.5244727091507648 -1.0526293506959994 0.4393140142312563 -0.1788019833586687 0.0 0.0 
r -0.7348490900378543 0.558563653615468 -1.0566914582313072 0.4111795950066374 -0.2883540755478442 0.0 0.0 
r -0.6966647589293652 0.5895579448435488 -1.0605998175790627 0.38606244260817907 -0.40179667185265977 0.0 0.0 
r -0.6632581862794288 0.6174924147048679 -1.0642353782868774 0.3637564761725211 2.629658737419301 0.0 0.0 
r -0.6342925492832298 0.6424784567513596 -1.067486632458844 0.3440317563095749 2.5290546332309685 0.0 0.0 
r -0.6094065472940958 0.6646825912171729 -1.0702549472970944 0.3266569082420295 2.441869328357819 0.0 0.0 
r -0.5882349489744276 0.6843078854682667 -1.0724570944470002 0.31142271200092914 2.3693523081037267 0.0 0.0 
r -0.5704213234612948 0.7015777545897277 -1.0740279112282725 0.29813730004456235 2.310959940025864 0.0 0.0 
r -0.5556245125007625 0.7167243356664744 -1.0749216941106463 0.2866374330710136 2.265073678174878 0.0 0.0 
r -0.5435323830827034 0.7299734672226087 -1.075107795026619 0.27678840176168645 2.2297430399357276 0.0 0.0 
r -0.5338565188596868 0.7415420520456135 -1.0745724297911239 0.26848829699165727 2.2028670431680606 0.0 0.0 
r -0.5263365397308686 0.7516314534723301 -1.073314904085509 0.2616529009507523 2.182540082389121 0.0 0.0 
r -0.5207382254605899 0.7604256939712243 -1.0713458416963 0.2562192537074431 2.1669720772895094 0.0 0.0 
r -0.5168509080402105 0.7680923274607042 -1.0686844630096666 0.25213775364756824 2.1544823784405613 0.0 0.0 
r -0.5144843420404044 0.7747820670808024 -1.0653580786734451 0.24937054293849353 2.143377035491917 0.0 0.0 
r -0.5134654954531671 0.780628311995537 -1.0614024236265875 0.24788832355552298 2.1318961193696735 0.0 0.0 
r -0.513632137186949 0.7857526184299196 -1.056860760393731 0.2476664903032148 2.118084978800156 0.0 0.0 
r -0.5148288352454369 0.7902672389883303 -1.0517835938939202 0.2486793407347035 2.0997693391829637 0.0 0.0 
r -0.5169013993024597 0.7942793722562885 -1.0462288632687962 0.25089801645177484 2.0744510016581903 0.0 0.0 
r -0.5196933376613804 0.7978931817149129 -1.0402623304556817 0.25428442845205973 2.0392654222072144 0.0 0.0 
r -0.5230418971715088 0.8012132275841952 -1.0339574052356377 0.25878297453854254 1.990999087793984 0.0 0.0 
r -0.5267760116120785 0.80435019024212 -1.0273911822554713 0.26432063572999803 1.926054874001753 0.0 0.0 
r -0.5307119858519992 0.8074251639741428 -1.0206441226799554 0.27079420934242654 1.8407019793612738 0.0 0.0 
r -0.5346584418778216 0.8105684994313255 -1.0137953238590725 0.278068462312375 1.7316537654064479 0.0 0.0 
r -0.5384097951402129 0.8139320639310534 -1.006917692173658 0.285963080678936 1.597261794664739 0.0 0.0 
r -0.5417498624458328 0.8176915304333845 -1.0000717692801966 0.2942480259963653 1.4393051894734312 0.0 0.0 
r -0.5444558177757383 0.8220488612717968 -0.993299274261825 0.30263649151740907 1.2645256930435125 0.0 0.0 
r -0.5463007076519572 0.8272371338956434 -0.986616207545052 0.31077428116010913 1.083971641407794 0.0 0.0 
r -0.5470620923995679 0.833517362329165 -0.9800071186146592 0.31823972522609606 0.9094461724405362 0.0 0.0 
r -0.5465327402118019 0.8411734925777038 -0.9734189531554737 0.3245457570913612 0.7493818187777226 0.0 0.0 
r -0.5445324109689688 0.8505018731592676 -0.9667585257452405 0.3291521220096691 0.6071692080735198 0.0 0.0 
r -0.5409241152017199 0.8617921445036039 -0.9598924321179382 0.33149630693604065 0.48216047152657 0.0 0.0 
r -0.5356298001192453 0.8753069770923307 -0.952646953939101 0.3310437534195599 0.37163252532830526 0.0 0.0 
r -0.5286426859897037 0.8912560725950679 -0.9448144917081187 0.3273539455348327 0.2722695544129661 0.0 0.0 
r -0.5200369320717565 0.9097685516903332 -0.936161647204793 0.32015338144235234 0.18089808052224665 0.0 0.0 
r -0.509971569814586 0.9308660054786237 -0.9264405694148758 0.3094062954050127 0.09491308942494048 0.0 0.0 
r -0.4986842274332014 0.9544466358420117 -0.9154000633088079 0.2953556671239696 0.012373965524448027 0.0 0.0 
r -0.48647311405462745 0.9802780398259673 -0.9028038632567957 0.27851366556711815 -0.0679933173338444 0.0 0.0 
r -0.47367885812480925 1.0079985116638157 -0.8884474301645698 0.2596110325803676 -0.14679812141971593 0.0 0.0 
r -0.4606562458071716 1.0371380097241498 -0.8721769362040326 0.23950718439227497 -0.22406221844563534 0.0 0.0 
r -0.4477478667234062 1.0671513972662219 -0.8539056871666416 0.21908737609688406 -0.2992901452414861 0.0 0.0 
r -0.43526129414866227 1.0974547945973523 -0.8336346717915163 0.1991650584329528 -0.37167928163771957 0.0 0.0 
r -0.4234543060556872 1.127464135659371 -0.8114683486082366 0.18042117332260915 -0.44025395693183356 0.0 0.0 
r -0.41252576070926467 1.1566328202825211 -0.7876242853950712 0.16336983812378753 -0.504067188942851 0.0 0.0 
r -0.4026143091796041 1.1844776370828107 -0.7624387606904462 0.14834788642686264 -0.5623585243155659 0.0 0.0 
r -0.39380347758697376 1.210594205962179 -0.736362431530136 0.1355321410811895 -0.6146151596272298 0.0 0.0 
r -0.3861305051287333 1.2346601823597134 -0.7099486841771683 0.12496273579690292 -0.6605857131931436 0.0 0.0 
r -0.3795949880792945 1.2564325519691613 -0.6838313269931117 0.11657022655486554 -0.7002428598311404 0.0 0.0 
r -0.37417123889649073 1.2757348718008836 -0.6586961412724853 0.11020700807577538 -0.7336928431547028 0.0 0.0 
r -0.36981715430539913 1.2924439214025132 -0.6352480847326538 0.1056673885214367 -0.7611308374402663 0.0 0.0 
r -0.36648349871574487 1.3064748265510253 -0.6141763013257111 0.10271375009938721 -0.7827590620422746 0.0 0.0 
r -0.36412048779715517 1.317767724935979 -0.5961220786170562 0.10109754662736592 -0.7987531131500378 0.0 0.0 
r -0.36268364325162933 1.3262759619626174 -0.5816511164047863 0.10057471704166904 -0.8092462507618369 0.0 0.0 
r -0.36213810164303417 1.3319578827341425 -0.5712294723495204 0.10091844380802739 -0.8143412811122686 0.0 0.0 
r -0.36246135144598024 1.3347702416085538 -0.565207231503086 0.10193471800319809 -0.8141080196848445 0.0 0.0 
r -0.36364518887838365 1.334664972724507 -0.5638046640524412 0.10346964573929796 -0.8086084460668057 0.0 0.0 
r -0.36569698493255054 1.3315870623650645 -0.5671041492465162 0.10541737688498148 -0.7979023014159964 0.0 0.0 
r -0.36864041531445424 1.3254747218679528 -0.5750446967410403 0.10772348473161025 -0.7820477976895708 0.0 0.0 
r -0.3725140784693074 1.3162609046903238 -0.587423323407932 0.11038357486763184 -0.7610805601567572 0.0 0.0 
r -0.3773739692833764 1.3038760356096653 -0.603896489013969 0.11344624051240754 -0.7349392626296828 0.0 0.0 
r -0.3832895738246132 1.288251553079423 -0.6239976083211659 0.11700365393440454 -0.7033257719674769 0.0 0.0 
r -0.39034383455903315 1.26932595690803 -0.6471547171523994 0.12118861943972564 -0.6653674963516639 0.0 0.0 
r -0.39863100316391153 1.2470528594816326 -0.6727178061568972 0.12617297575342434 -0.618787121631293 0.0 0.0 
r -0.40825403289254925 1.2214085551758678 -0.6999961037852653 0.13215171964270916 -0.5576269900734796 0.0 0.0 
r -0.41931999099273015 1.1924048853801388 -0.7282943112675891 0.13934639623641532 -0.46383444501255566 0.0 0.0 
r -0.43193662896479884 1.160102614184695 -0.7569473389979168 0.14798670927781737 -0.26007877926905965 0.0 0.0 
r -0.4462000542972844 1.1246289625004477 -0.7853561756026791 0.15829784513697082 0.702790515362127 0.0 0.0 
r -0.46219025497319505 1.086190485946643 -0.8130096187981779 0.17048078950765755 2.053584876201305 0.0 0.0 
r -0.4799544772397472 1.0450899160175604 -0.8395017382987956 0.18470275503931327 2.3141468876648377 0.0 0.0 
r -0.49949221770034735 1.0017400351725727 -0.8645340578296553 0.20107144776252578 2.4139215323384273 0.0 0.0 
r -0.520732617353191 0.9566711433240491 -0.8879161722854223 0.21960911851582005 -0.6713436152133025 0.0 0.0 
r -0.5435140719395176 0.9105288760145644 -0.9095558647085452 0.24022715171290604 -0.6338022541919793 0.0 0.0 
r -0.567560182155066 0.8640651692724084 -0.9294452221308831 0.26270089235138766 -0.6067993931685474 0.0 0.0 
r -0.592470468928933 0.8181075872808861 -0.9476421776553378 0.28665917894414034 -0.5867522013433691 0.0 0.0 
r -0.617707916224716 0.7735253361162922 -0.9642561636132205 0.311576025540616 -0.571818190115897 0.0 0.0 
r -0.6426065359457968 0.7311842366771064 -0.9794300039990617 0.3367795326499689 -0.5609185128003534 0.0 0.0 
r -0.666392105382871 0.6919010300108761 -0.9933250274689789 0.3614768028865349 -0.5533664153194402 0.0 0.0 
r -0.6882227853361498 0.6564018806394252 -1.006105187449 0.3848002956101771 -0.5487142483479588 0.0 0.0 
r -0.7072462372393827 0.6252851681421053 -1.0179264873554772 0.4058659947674375 -0.546662251892186 0.0 0.0 
r -0.722665931998938 0.5990027289861858 -1.0289231206718965 0.42384744897940546 2.594546846242147 0.0 0.0 
r -0.733791429558094 0.5778650624207526 -1.0392005447782424 0.43802730067175816 2.5917831888650316 0.0 0.0 
r -0.7401065134822188 0.5620363904883944 -1.048828533557803 0.44786756900235597 2.586590188853452 0.0 0.0 
r -0.7413081873773578 0.5515527322276974 -1.0578371705364362 0.45304936049828287 2.5788145746837325 0.0 0.0 
r -0.7373288393079577 0.5463455377731781 -1.0662137197635606 0.45349424446635106 2.568196074466533 0.0 0.0 
r -0.7283467644084969 0.5462584863089973 -1.0739035708714801 0.4493721040759047 2.5543674352018506 0.0 0.0 
r -0.7147709247838379 0.5510713479305241 -1.0808114622178866 0.44108299636056375 2.53684682570895 0.0 0.0 
r -0.6972130731173918 0.5605152987025885 -1.086805548570646 0.4292250564407795 2.515032851036426 0.0 0.0 
r -0.6764415557788567 0.5742850247649756 -1.0917245460653506 0.4145437829892971 2.4881995442975358 0.0 0.0 
r -0.6533214456830246 0.5920496606921269 -1.0953848208740442 0.3978689644476399 2.4554870063446073 0.0 0.0 
r -0.6287423512487917 0.6134627697746458 -1.097591499325702 0.3800399891928264 2.415899396304259 0.0 0.0 
r -0.6035590755087124 0.6381628076251371 -1.0981467974051913 0.3618483755205601 2.368293122222187 0.0 0.0 
r -0.5785295722173485 0.6657774549896185 -1.0968638459842293 0.34397996845723694 2.3113946245217707 0.0 0.0 
r -0.5542712511421828 0.6959300424955551 -1.0935763184208975 0.3269797250053638 2.2438172605045 0.0 0.0 
r -0.5312412944477442 0.7282359391445876 -1.088151647521465 0.3112405395753178 2.1641539751479124 0.0 0.0 
r -0.5097389352871123 0.7623012310200378 -1.0804979371150607 0.2970182994354123 2.0711260458595238 0.0 0.0 
r -0.48991481052876773 0.7977267125462816 -1.0705728889553483 0.2844490336314131 1.9638591765096192 0.0 0.0 
r -0.47179761532725606 0.8341080220724344 -1.0583882738057773 0.2735784471918639 1.8423684192694056 0.0 0.0 
r -0.4553281261803679 0.8710302252186826 -1.0440151724622913 0.26439621753747394 1.708000377555229 0.0 0.0 
r -0.4403871784071106 0.9080798663447365 -1.0275801209631767 0.256859859362711 1.5638525779674848 0.0 0.0 
r -0.42682500518742705 0.9448490435961008 -1.009262878911266 0.25090896258185996 1.414666684810709 0.0 0.0 
r -0.41448446022932534 0.9809434536558933 -0.9892914130266257 0.24647963267374878 1.2660783867153413 0.0 0.0 
r -0.4032160007627006 1.0159941463915663 -0.967935649437233 0.24351130253749692 1.123423861177573 0.0 0.0 
r -0.3928906367127261 1.0496701423640535 -0.9454939907535397 0.24194455944003074 0.9907354389650878 0.0 0.0 
r -0.38340473234256495 1.0816858140700734 -0.9222862199663624 0.2417198007054902 0.8703012066792077 0.0 0.0 
r -0.37468172797288424 1.1118054491607887 -0.8986456566987983 0.24277284977871 0.7629015485794528 0.0 0.0 
r -0.36666882230864933 1.1398476115273364 -0.8749112281827516 0.24502126246261974 0.6682197255702549 0.0 0.0 
r -0.3593360199203113 1.1656804299867713 -0.8514213268792852 0.24836876929551172 0.5853775235512705 0.0 0.0 
r -0.35267039954609214 1.1892168138723744 -0.8285113861952761 0.25269559128773494 0.5133253221136689 0.0 0.0 
r -0.34667294897938833 1.2104043758181287 -0.8065133498605341 0.25786046201712914 0.45103678663221547 0.0 0.0 
r -0.341354364645676 1.2292174460072527 -0.785753933327153 0.26369852627104345 0.3976631848154024 0.0 0.0 
r -0.3367317416935502 1.2456460133000273 -0.7665570466150282 0.27003081884345553 0.35252446636804896 0.0 0.0 
r -0.3328264330787355 1.2596854619823261 -0.7492451852005013 0.27666595930054677 0.3151536984160451 0.0 0.0 
r -0.3296619953473328 1.271329416293348 -0.7341371781556381 0.2834051643931527 0.2852957524350645 0.0 0.0 
r -0.3272636310069083 1.2805619710556726 -0.7215455249601321 0.29005343698501745 0.26284752546403545 0.0 0.0 
r -0.32565691891728965 1.2873544385137319 -0.7117675121045275 0.29642468793719506 0.2478748671167892 0.0 0.0 
r -0.3248704409680263 1.2916579875660164 -0.7050775560838222 0.3023489808565563 0.2406035888180747 0.0 0.0 
r -0.32493213034141477 1.293406282895764 -0.7017117214677281 0.30767405764567185 0.24138922347757102 0.0 0.0 
r -0.32587425584960655 1.2925120016468388 -0.7018499302929804 0.3122759575276573 0.2507352435617419 0.0 0.0 
r -0.3277315557802833 1.2888687408685824 -0.7056013022314819 0.3160571321863708 0.26930969635926866 0.0 0.0 
r -0.330543283681054 1.2823532381123997 -0.7129861415897787 0.3189557269106705 0.29797856494421254 0.0 0.0 
r -0.3343547489705438 1.2728276106642895 -0.7239245541912713 0.3209514715107809 0.3378538417610063 0.0 0.0 
r -0.3392186532489949 1.2601444372145598 -0.738228312145671 0.32206761671232914 0.39041021144032734 0.0 0.0 
r -0.3451956093062203 1.2441529400549594 -0.7556024015829516 0.3223774153783073 0.45757204384734546 0.0 0.0 
r -0.35235716421784463 1.2247049271910049 -0.7756544153347366 0.3220122751601045 0.541800644629229 0.0 0.0 
r -0.360784593334659 1.2016701967729029 -0.7979071106477288 0.3211582001534657 0.6461145352135996 0.0 0.0 
r -0.3705700600139233 1.1749491686546305 -0.821823672615534 0.3200509008735057 0.7737732922476707 0.0 0.0 
r -0.3818135271400806 1.144490283805331 -0.8468400846901608 0.3189654571069707 0.9272628949038229 0.0 0.0 
r -0.3946243103645155 1.1103111959705165 -0.8723891573828281 0.318210568598053 1.1063644313124434 0.0 0.0 
r -0.4091151481807289 1.0725222214262284 -0.8979312805109232 0.31810804501297846 1.3055444268851577 0.0 0.0 
r -0.42539923021108744 1.0313448387559276 -0.9229786545990235 0.31897297110732054 1.5130071550635387 0.0 0.0 
r -0.4435825948769849 0.9871273780257654 -0.9471138013404818 0.3210915746078848 1.713827762451594 0.0 0.0 
r -0.46376318600080235 0.9403481236832308 -0.9699936339432975 0.3246973474750204 1.8958068553464402 0.0 0.0 
r -0.4860192359001895 0.8916044504424263 -0.9913586897842731 0.32994444233519254 2.053113437101981 0.0 0.0 
r -0.5104100883257431 0.8415845940687152 -1.011022532362919 0.3368928275934389 2.185654111132442 0.0 0.0 
r -0.5369737857798164 0.7910230028128964 -1.0288645017342766 0.34548380505475 2.2965411092740498 0.0 0.0 
r -0.5657241702506081 0.7406491606656305 -1.0448199565598024 0.3555326100970389 2.389908277137459 0.0 0.0 
r -0.5966580481705193 0.6911304964689116 -1.0588665880354708 0.3667190793785466 2.469810644241664 0.0 0.0 
r -0.6297639838946144 0.6430246651405198 -1.071011864443572 0.37859061271876754 2.5397998811226143 0.0 0.0 
r -0.6650301888241777 0.5967510442068226 -1.081280989413019 0.39057519505631505 2.6028350795184694 0.0 0.0 
r -0.7024504140409336 0.5525812140924495 -1.0897071745869797 0.4019944848636024 -0.4802729950494564 0.0 0.0 
r -0.7420312885891253 0.5106420822867223 -1.09632395337551 0.41208665110260284 -0.42444030165110846 0.0 0.0 
r -0.7837899280183195 0.47093678371055375 -1.1011588325765975 0.4200293805352185 -0.3698326867730002 0.0 0.0 
r -0.8277456039141522 0.43337070960199264 -1.1042294310085459 0.4249662200453089 -0.31547794517936456 0.0 0.0 
r -0.8739029533441258 0.3977796050640965 -1.1055418051730201 0.4260367718184482 -0.26084337910528754 0.0 0.0 
r -0.9222269889560838 0.36395641151872005 -1.105090684234815 0.42241793727529203 -0.20580979222093454 0.0 0.0 
r -0.9726167430428733 0.3316717022001125 -1.1028614263188554 0.41339125128909643 -0.1506228195641579 0.0 0.0 
r -1.0248825557517547 0.30068724166257155 -1.0988334115950864 0.3984473942650542 -0.09581669644495516 0.0 0.0 
r -1.0787178494290055 0.27077092005139236 -1.0929868903443625 0.37740465969977227 -0.04210494360313444 0.0 0.0 
r -1.133696675025451 0.24170081653527511 -1.0853080148595433 0.3505597321253567 0.009723831461753374 0.0 0.0 
r -1.189283191343557 0.2132675924982987 -1.0757981927927738 0.3187966020885093 0.0589143803605896 0.0 0.0 
r -1.2448537505148332 0.18527986312612024 -1.064482597194798 0.28359432956818525 0.10482064786953704 0.0 0.0 
r -1.2997339284930685 0.1575697340693995 -1.0514180635156143 0.24688526761809942 0.14695060298884344 0.0 0.0 
r -1.3532413842491204 0.1300008674651461 -1.0367003465999063 0.2107680989347817 0.18498379009985733 0.0 0.0 
r -1.4047414401543104 0.10247027173863288 -1.0204706638993997 0.1771918282360549 0.21876825018104828 0.0 0.0 
r -1.453677471893335 0.07492276596396064 -1.0029158957747852 0.14767112733558513 0.24829393466160543 0.0 0.0 
r -1.49960637826746 0.047353142982088405 -0.9842682782469199 0.12313710781923831 0.2736722158599951 0.0 0.0 
r -1.542208363544874 0.01981362153485058 -0.9647989975647443 0.10398961104952781 0.2951013590339382 0.0 0.0 
r 1.5603036192174524 -0.007586226533143934 -0.9448087011627411 -3.05138764600954 0.31284231274182495 0.0 0.0 
r 1.524825577651177 -0.03468161344019086 -0.9246134358175513 -3.060110502059671 0.32719690793257383 0.0 0.0 
r 1.4929297429680721 -0.06126517405226938 -0.9045331461742095 -3.0641969154559714 0.33848712293705097 0.0 0.0 
r 1.4645246645778613 -0.08709188122753739 -0.8848737068652242 -3.064095819737661 0.34703886234068293 0.0 0.0 
r 1.439466254374026 -0.11189563724063308 -0.8659148159814165 -3.060192812160065 0.35317133345960305 0.0 0.0 
r 1.4175768693108917 -0.13540521711717302 -0.8478998072007553 -3.0528192000070247 0.3571903246163984 0.0 0.0 
r 1.3986661980510642 -0.15735499666863564 -0.8310296561689416 -3.0421660045174734 0.35938362518556033 0.0 0.0 
r 1.382544750790837 -0.17749632516514632 -0.8154607067849701 -3.028325878483577 0.3600329718752686 0.0 0.0 
r 1.3690433485410218 -0.1955968315273562 -0.8013050639658129 -3.0112979054585667 0.35940003237726353 0.0 0.0 
r 1.358014103600556 -0.2114505496583861 -0.7886333391403944 -2.99099531012821 0.35775010065463875 0.0 0.0 
r 1.3493456887235895 -0.2248684516250309 -0.7774802894655481 -2.9672964926370238 0.3553292334425059 0.0 0.0 
r 1.3429731306435932 -0.2356698562418118 -0.7678490544202724 -2.9400715528504158 0.3523800516567664 0.0 0.0 
r 1.3388792122819928 -0.24367766636264 -0.7597188986499404 -2.909215989924286 0.34913956109949673 0.0 0.0 
r 1.3370972751330101 -0.24871203400656225 -0.7530492751971587 -2.874727070096121 0.3458224044706986 0.0 0.0 
r 1.3377139352928424 -0.2505830178661372 -0.7477842842401817 -2.836736212066941 0.34263599820450297 0.0 0.0 
r 1.3408650403619569 -0.24909129840572727 -0.7438548384584948 -2.7955591146577428 0.3397672799676287 0.0 0.0 
r 1.3467304299620844 -0.24402953558237947 -0.7411830505243554 -2.751739049526786 0.33737576804732805 0.0 0.0 
r 1.3555263102623427 -0.23518848592037545 -0.7396832674746628 -2.7060567777477655 0.33559309335946186 0.0 0.0 
r 1.3674966509804753 -0.2223644248138837 -0.7392637939745801 -2.659522918891059 0.33452556636962505 0.0 0.0 
r 1.3828990273238675 -0.20537237293442495 -0.7398302927253942 -2.6133469025296425 0.3342504121724082 0.0 0.0 
r 1.4019904245474708 -0.1840610913250199 -0.7412860058818099 -2.568850499532726 0.3348246546077126 0.0 0.0 
r 1.4250179150878028 -0.15832125788995163 -0.7435352555329292 -2.5273819159141544 0.3362844128857292 0.0 0.0 
r 1.45219722811601 -0.12810699482789195 -0.7464853012168928 -2.4902224565289823 0.33864669758598814 0.0 0.0 
r 1.4837000815776986 -0.09344654407350607 -0.7500479479080621 -2.458486001208762 0.34190918054242564 0.0 0.0 
r 1.5196263563175263 -0.054466672935692635 -0.7541423404137442 -2.433040828245182 0.34606755315225474 0.0 0.0 
r 1.5599894229685516 -0.011399977191748671 -0.758695579607152 -2.4144775266367153 0.35110170667472324 0.0 0.0 
r -1.5369034223483196 0.03539950488553392 -0.7636415484108234 0.7385134990737183 0.35697199762013404 0.0 0.0 
r -1.4880975974285522 0.08545659704577915 -0.7689214125066594 0.7427624507594699 0.36364043012916925 0.0 0.0 
r -1.435571501000353 0.13817309438849779 -0.7744792902148605 0.7401733426959254 0.37103773483637986 0.0 0.0 
r -1.3798776495049592 0.19284230745806163 -0.780260455199785 0.731329000238808 0.3790739691752853 0.0 0.0 
r -1.3217363128518929 0.2486738879258504 -0.7862069131142357 0.7170494707283586 0.3876280460327091 0.0 0.0 
r -1.2620187168922106 0.30482993198965014 -0.7922537804690397 0.6983490598438626 0.3965158167849381 0.0 0.0 
r -1.2017265698620547 0.36045600588075677 -0.798320828186281 0.6763958842521713 0.4054645377561286 0.0 0.0 
r -1.1419180749324918 0.4147419998499073 -0.8043179239389372 0.652409211749863 0.41409020247098777 0.0 0.0 
r -1.0836551071653144 0.4669521417905103 -0.8101393270784794 0.6276027850764128 0.42177488805767976 0.0 0.0 
r -1.0279264593086463 0.516464713025424 -0.8156654979084302 0.603092100163547 0.42751322533407665 0.0 0.0 
r -0.9755885847479788 0.5627907786363742 -0.8207668306824266 0.5798344528822879 0.42944133830256725 0.0 0.0 
r -0.9273187992330264 0.6055838648939701 -0.8253106174006247 0.558581554073603 0.4235070840176479 0.0 0.0 
r -0.8835839891930486 0.6446464715075053 -0.8291674869357565 0.5398486205868689 0.39827201780516464 0.0 0.0 
r -0.844639965530282 0.6799173843032844 -0.8322206767313006 0.5239222781079846 0.30167655168961827 0.0 0.0 
r -0.8105415426401746 0.7114611560789632 -0.8343736270733798 0.510882044990445 2.3408833080707865 0.0 0.0 
r -0.7811667606282291 0.7394512290265516 -0.8355570118666762 0.5006363306040171 0.8061093130403468 0.0 0.0 
r -0.7562479365815816 0.7641507530727358 -0.8357334883181344 0.4929660192295097 0.6857851205164932 0.0 0.0 
r -0.7354009332224893 0.7858996638718384 -0.8348963732509177 0.4875654960766415 0.64966961450818 0.0 0.0 
r -0.7181570406438275 0.8050962423936756 -0.8330673337081312 0.4840808186673076 0.6321630975522244 0.0 0.0 
r -0.7039873594071374 0.822186738149893 -0.8302888389664588 0.4821347905792163 0.6198084911070346 0.0 0.0 
r -0.6923270792867483 0.8376529398629196 -0.826614500861523 0.48134651552633195 0.6078045369478846 0.0 0.0 
r -0.6825979357409817 0.8519973275657007 -0.8221004161836662 0.4813438875329448 0.5938438926886054 0.0 0.0 
r -0.6742285124455988 0.8657296542236078 -0.8167952543031932 0.48177046272211116 0.576619521036533 0.0 0.0 
r -0.6666750059412451 0.8793492441389692 -0.8107332066867521 0.48229152792275115 0.5553853789601368 0.0 0.0 
r -0.659436941191672 0.8933316295470655 -0.8039274106681021 0.48259682741035276 0.5297940087607231 0.0 0.0 
r -0.6520742076366755 0.9081096116126758 -0.7963676332303371 0.482407715114398 0.4998319059630478 0.0 0.0 
r -0.6442215354810457 0.9240557042701216 -0.788019196927231 0.4814839355865373 0.4657648714474188 0.0 0.0 
r -0.6356000501512196 0.9414644650769072 -0.7788250274465005 0.47963510914490054 0.42807477563594193 0.0 0.0 
r -0.6260277062838027 0.9605334478263432 -0.7687105001692058 0.4767270748484162 0.38738928974379927 0.0 0.0 
r -0.6154149571137825 0.9813595528773897 -0.757588194265413 0.4726840727645438 0.3443946457032595 0.0 0.0 
r -0.6037716512594191 1.0039214417629723 -0.7453671292401043 0.4675033508325381 0.299759958972018 0.0 0.0 
r -0.591194343338687 1.0280840606260802 -0.7319620720802942 0.461251470663028 0.25408169062799274 0.0 0.0 
r -0.5778555585623393 1.053603418053897 -0.7173046934671273 0.4540499829472637 0.20786364719299855 0.0 0.0 
r -0.5639885647574682 1.0801372091338983 -0.7013588748185822 0.446079877943899 0.1614938418164893 0.0 0.0 
r -0.5498652238136245 1.1072707910337662 -0.6841320631287506 0.43756023164627794 0.11527829140445678 0.0 0.0 
r -0.5357733979490135 1.1345439536680353 -0.6656907961121801 0.42873309309986124 0.06947221073505472 0.0 0.0 
r -0.5220027936390903 1.161475563820278 -0.6461723528067492 0.4198485122527765 0.02430093781971432 0.0 0.0 
r -0.5088259461371889 1.1875926672714479 -0.625795344893561 0.4111549377568298 -0.01998755814272324 0.0 0.0 
r -0.4964842795203246 1.2124547298448054 -0.6048649984867537 0.402881567089665 -0.06309165276718043 0.0 0.0 
r -0.48518077793108483 1.2356713217112314 -0.5837696115373576 0.39523241552299165 -0.1046394487723975 0.0 0.0 
r -0.4750723569060151 1.2569142655272607 -0.5629715590264026 0.3883778982438823 -0.14418283055541625 0.0 0.0 
r -0.46627276242003 1.2759211813534739 -0.5429845188049535 0.3824513817528454 -0.18121185807324502 0.0 0.0 
r -0.45885466465214664 1.2924936420525146 -0.5243471875544203 0.377554596332993 -0.215131682681025 0.0 0.0 
r -0.45285503597869314 1.3064909422425584 -0.5075915645313277 0.37374831573606865 -0.24533032971995228 0.0 0.0 
r -0.448278582615192 1.317825843376675 -0.49320631938462195 0.3710660410127045 -0.27118540018717535 0.0 0.0 
r -0.445105710442669 1.3264502573405461 -0.48161404903328786 0.3695055799090277 -0.2921010570649326 0.0 0.0 
r -0.44329677855154986 1.332347478977514 -0.47314869251658753 0.36903872552611244 -0.30754055932027924 0.0 0.0 
r -0.44279677232124215 1.3355229825021948 -0.4680442877138805 0.3696042786197476 -0.31704395744835356 0.0 0.0 
r -0.443538937654271 1.3359963192065432 -0.4664333514241005 0.37111152453980206 -0.32023520087432655 0.0 0.0 
r -0.4454472489804375 1.333794457753262 -0.46835354688904796 0.3734444017200316 -0.3168137909736791 0.0 0.0 
r -0.44843770306972985 1.3289470960753107 -0.4737598373120064 0.3764583650168675 -0.30654547582766895 0.0 0.0 
r -0.45241835663418584 1.3214877215742247 -0.48253356787583157 0.37998867690427546 -0.2892437233339703 0.0 0.0 
r -0.4572897441131575 1.3114511768865564 -0.4945013110966026 0.38384713790329533 -0.26474135655175274 0.0 0.0 
r -0.46294510812780076 1.298877894963523 -0.5094447548447166 0.3878263442493661 -0.2328520949166597 0.0 0.0 
r -0.46927091521887065 1.283820941725026 -0.5271074198287619 0.39171561678846684 -0.19334412666729395 0.0 0.0 
r -0.47614839630863887 1.2663532024439865 -0.547201358377022 0.39529586233069197 -0.14588296576442983 0.0 0.0 
r -0.4834567489955923 1.246576049422266 -0.5694101757396742 0.3983662798501733 -0.08997684213072599 0.0 0.0 
r -0.49107788127542784 1.224627538906313 -0.5933908183637281 0.40074488366713684 -0.024936852744219085 0.0 0.0 
r -0.4989020642532311 1.200688407529709 -0.6187761992787439 0.4022956592995845 0.050230173187142735 0.0 0.0 
r -0.5068347122762809 1.1749843486106182 -0.6451790424840934 0.4029290624107605 0.13685305029735706 0.0 0.0 
r -0.5148041525614178 1.147782603033146 -0.6721980956201019 0.4026231244231298 0.23663574394400555 0.0 0.0 
r -0.522767769471605 1.119383116015803 -0.6994278005885731 0.40142570597484756 0.3516005566755263 0.0 0.0 
r -0.5307154263710089 1.0901047858160176 -0.726471365504852 0.399455542257151 0.4837818383382358 0.0 0.0 
r -0.5386699580691411 1.0602695784169218 -0.752954257457063 0.39688568912204997 0.6346495657282673 0.0 0.0 
r -0.5466886234923444 1.0301835281351384 -0.7785358872744697 0.3939314852245001 0.8040454310552673 0.0 0.0 
r -0.5548525511552663 1.0001218704743 -0.8029269362318956 0.3908198199619825 0.9889248749393819 0.0 0.0 
r -0.563265373563773 0.9703161743985026 -0.8258927266753684 0.38776174234160327 1.182935773819517 0.0 0.0 
r -0.5720381156915462 0.9409506505341063 -0.8472620067658221 0.3849148991641628 1.3775642255251355 0.0 0.0 
r -0.5812842377261992 0.9121594366753195 -0.8669245415359244 0.3823622517126594 1.5648426430219093 0.0 0.0 
r -0.591113977841444 0.8840263937763121 -0.8848283830971756 0.3800939624429727 1.7397631363871278 0.0 0.0 
r -0.60163167441155 0.8565937277500365 -0.9009669327528063 0.3780007663584047 1.9009372850574813 0.0 0.0 
r -0.6129377801919742 0.8298645698004351 -0.9153694631248168 0.3758750231135361 2.0496691568491725 0.0 0.0 
r -0.625136023335508 0.8038118011058707 -0.9280823004205538 0.3734264706344728 2.1884859842228153 0.0 0.0 
r -0.6383406103993955 0.7783827615772132 -0.9391562525902615 0.37029871398961617 2.3199592816297248 0.0 0.0 
r -0.6526879197102681 0.7535016253810302 -0.9486333926244988 0.3660924696873625 2.445961473979936 0.0 0.0 
r -0.6683465089495445 0.7290763684761041 -0.956532490562448 0.3603937434489313 -0.5742608016489107 0.0 0.0 
r -0.6855246522677313 0.7049979301124114 -0.9628448522387241 0.35279953369393385 -0.4576903308396836 0.0 0.0 
r -0.7044711875142656 0.6811456905978832 -0.9675301955806498 0.34294392293423676 -0.3468228781970025 0.0 0.0 
r -0.7254691817507122 0.6573928233224 -0.9705178750767102 0.3305252947097361 -0.24289241818110174 0.0 0.0 
r -0.7488210930306727 0.6336104586417302 -0.9717143952388652 0.31533179218337276 -0.1470529876386497 0.0 0.0 
r -0.7748248304023915 0.609675707213988 -0.9710117131476492 0.2972692269729971 -0.060105801251237656 0.0 0.0 
r -0.8037465138096699 0.5854728026327806 -0.9683006413595355 0.27639447177213144 0.017609684703083328 0.0 0.0 
r -0.8357825727530862 0.5609010249330513 -0.9634830764494297 0.25294038930221446 0.08618333934409217 0.0 0.0 
r -0.8710209476123898 0.5358786855510744 -0.9564856763632084 0.22733641116887943 0.14602265614673016 0.0 0.0 
r -0.9094023186580016 0.5103490654464381 -0.9472713551719512 0.2001985300069729 0.19774318830568272 0.0 0.0 
r -0.9506867234972998 0.4842870174265893 -0.9358495835298037 0.17229388520238187 0.2420574135685838 0.0 0.0 
r -0.9944520990804733 0.45769126325807236 -0.9222827904230442 0.14448663598146966 0.2797074232643475 0.0 0.0 
r -1.0400812387483458 0.43060429466337174 -0.9066901407933171 0.11761725205291601 0.311416747114161 0.0 0.0 
r -1.0868050104235984 0.4031044375226317 -0.8892472703330203 0.09241534059793316 0.33786576340901153 0.0 0.0 
r -1.1337528374960821 0.37531039896142127 -0.8701829763194809 0.06942858552827696 0.3596797761623196 0.0 0.0 
r -1.1800169710254056 0.34738655692501236 -0.8497720103807499 0.048971398506420905 0.37742477999189805 0.0 0.0 
r -1.2247383739204607 0.31952876730205876 -0.8283275347371303 0.03116733506721553 0.39160410488030356 0.0 0.0 
r -1.2671628537313224 0.29196668147458615 -0.8061909043445181 0.015983494742326576 0.40267113081890665 0.0 0.0 
r -1.3066779415274015 0.26496852461999587 -0.7837138714795201 0.003307326211838657 0.4110109160109593 0.0 0.0 
r -1.3428397666131253 0.23882503166119032 -0.7612519528231244 -0.006983096959827406 0.41695967912944903 0.0 0.0 
r -1.3753752660668381 0.21383944300358404 -0.7391484198121907 -0.014966095118646716 0.42080764666676723 0.0 0.0 
r -1.4041588986496898 0.1903227974471983 -0.7177246785015554 -0.02065495501420761 0.4228029824603434 0.0 0.0 
r -1.429188719881144 0.1685803080868529 -0.6972714782652438 -0.023986308981349402 0.4231563876299145 0.0 0.0 
r -1.4505536437086788 0.1489037676817251 -0.678041842470481 -0.02481897605849731 0.4220585572070103 0.0 0.0 
r -1.4684013484297314 0.13156558142514657 -0.6602470533410438 -0.022963166033796056 0.41969753750627303 0.0 0.0 
r -1.482911204654651 0.11681337704811856 -0.6440538054983792 -0.018182575616663754 0.4162473948647472 0.0 0.0 
r -1.494283074859962 0.10485057609589399 -0.6295868482180133 -0.010231765223304767 0.41189413520188045 0.0 0.0 
r -1.5027096060919827 0.09584792606736597 -0.6169281500393046 0.0011365028412171907 0.4068333265044093 0.0 0.0 
r -1.5083745047081103 0.08992755354720096 -0.6061225718607947 0.016141862944686836 0.4012681375191302 0.0 0.0 
r -1.5114446714761969 0.08716098640416473 -0.5971878146756865 0.03497176330668755 0.3954239964209463 0.0 0.0 
r -1.5120703769671149 0.08756377209144997 -0.5901134880874946 0.057752635753612946 0.389537138294126 0.0 0.0 
r -1.5103815272175038 0.09109912869843673 -0.5848668526364473 0.08452301031318427 0.38385006736302746 0.0 0.0 
r -1.5064882147479826 0.09767744119121118 -0.5814083840298273 0.11520251515718455 0.37861565949963855 0.0 0.0 
r -1.5004876930270763 0.10715072214834265 -0.5796944421001573 0.14956811981662727 0.37408574716018345 0.0 0.0 
r -1.4924600233510756 0.11932624329543863 -0.5796787687451201 0.18723350951236922 0.37050901591150864 0.0 0.0 
r -1.4824708436604999 0.13396985928053345 -0.581318250028505 0.2276258565280334 0.36812790176243615 0.0 0.0 
r -1.470573627438876 0.15081156477568286 -0.5845750117211325 0.2699908472483444 0.367166634844524 0.0 0.0 
r -1.45680996132255 0.1695558119957491 -0.5894148520970589 0.31342047285462155 0.36783968906665643 0.0 0.0 
r -1.4412137240771894 0.18988684436158362 -0.5958060428611702 0.3568966686202781 0.3703363919001781 0.0 0.0 
r -1.4238081607510635 0.2114857228008198 -0.6037167134882675 0.39935708558899435 0.37482081493601527 0.0 0.0 
r -1.4046168865599562 0.23403009559121762 -0.6131074129323532 0.43977519195872333 0.3814187038338651 0.0 0.0 
r -1.3836696690558576 0.25720155784728715 -0.6239284337449056 0.4772347808954122 0.3902152167802575 0.0 0.0 
r -1.3610088562296383 0.28069525407794294 -0.6361124851052643 0.5109849746456774 0.40123185005946993 0.0 0.0 
r -1.3367054515402872 0.3042175744292355 -0.6495684295285064 0.54048345049775 0.4144189824337116 0.0 0.0 
r -1.3108694595785875 0.3274939614495756 -0.6641735099755276 0.5654113668156313 0.4296323621743941 0.0 0.0 
r -1.2836622729294755 0.35027300746809364 -0.679767648094287 0.5856741486548762 0.44661835876474626 0.0 0.0 
r -1.2553027825445382 0.3723354531103244 -0.6961497176713045 0.6013815224072485 0.4649955611373604 0.0 0.0 
r -1.2260700175489252 0.3935046416628143 -0.7130722284425131 0.612819193680801 0.4842306070741493 0.0 0.0 
r -1.1962912464135538 0.4136627909197649 -0.7302436491370111 0.6204095095386393 0.5036435073927482 0.0 0.0 
r -1.1663296710851314 0.43276235448814443 -0.7473278801268806 0.6246767337630554 0.5223967399030982 0.0 0.0 
r -1.1365556858174823 0.45084269639903307 -0.7639518599458667 0.6261937484112219 0.5395176880851231 0.0 0.0 
r -1.1073185499508 0.46803988697130755 -0.7797135584194965 0.6255406273521076 0.5539314688571524 0.0 0.0 
r -1.0789104213333878 0.48459749528142526 -0.7941946193286914 0.6232556327167176 0.5645390027944529 0.0 0.0 
r -1.0515375309241293 0.5008717941359295 -0.806970122543622 0.619799927574993 0.570308527772774 0.0 0.0 
r -1.0252977923359095 0.5173280435118366 -0.8176242406534597 0.6155268611105438 0.5704436676081698 0.0 0.0 
r -1.0001697468667339 0.5345373779132886 -0.8257565857381433 0.6106670039731226 0.5646268996904558 0.0 0.0 
r -0.9760151291965152 0.5531633022659557 -0.830990914663567 0.605325571370906 0.5534508190249418 0.0 0.0 
r -0.9525952583441176 0.5739417133399495 -0.8329802347197969 0.5994928233826256 0.5395097705122878 0.0 0.0 
r -0.9296031554405313 0.5976528190049041 -0.8314056608390348 0.5930732625185697 0.5309277778258679 0.0 0.0 
r -0.9067058548944001 0.6250796201853444 -0.8259762984638115 0.585923286289634 0.5609722487025892 0.0 0.0 
r -0.8835942226158893 0.656951760251017 -0.8164277253127813 0.5778977848280429 1.036610719083885 0.0 0.0 
r -0.8600336430502683 0.6938742859733754 -0.802519921541546 0.5689003904538221 -0.025845561085728108 0.0 0.0 
r -0.8359050846439026 0.736239878643833 -0.7840428022042464 0.5589253126625398 0.0761484893539427 0.0 0.0 
r -0.8112349902386757 0.7841350688288615 -0.7608228274646106 0.5480912614685904 0.05361472846779636 0.0 0.0 
r -0.7861986668237239 0.8372564034236283 -0.7327437876169772 0.5366500122082778 0.003283720362968312 0.0 0.0 
r -0.7611083452166789 0.8948614100127913 -0.699770904706086 0.5249808345170974 -0.05842527628700911 0.0 0.0 
r -0.7363783937356622 0.9557832217351723 -0.6619873439041932 0.5135660210465185 -0.126101229852567 0.0 0.0 
r -0.7124789020862847 1.0185229950263952 -0.6196383382067175 0.5029466014255961 -0.19728121350546823 0.0 0.0 
r -0.6898838270260405 1.0814129350960888 -0.5731778714154049 0.4936760573454984 -0.2704888681066461 0.0 0.0 
r -0.6690242071588977 1.1428149598686714 -0.523302941011145 0.4862682238366321 -0.3445790381795063 0.0 0.0 
r -0.6502548215320608 1.2013004936564604 -0.4709621175302885 0.48116181318609036 -0.41844477144929537 0.0 0.0 
r -0.6338306163119294 1.2557682136066315 -0.41733175037535253 0.47868654382404946 -0.4909206702249319 0.0 0.0 
r -0.6198983429758722 1.30549015417144 -0.3637396551701484 0.47904507028549165 -0.5607733027940602 0.0 0.0 
r -0.6085013629547942 1.3500836398762643 -0.31155971619410056 0.48230291136468956 -0.6267790772956936 0.0 0.0 
r -0.5995909098926006 1.3894521896010987 -0.26207984919015104 0.4883961345364179 -0.6878003865917187 0.0 0.0 
r -0.5930321689737892 1.4237020528691782 -0.21640038626928676 0.4971167100134502 -0.7429103897356311 0.0 0.0 
r -0.5886301725086293 1.4530701472108651 -0.1753490731301231 0.5081455038910274 -0.7914339685523459 0.0 0.0 
r -0.5861417080782272 1.477864896633402 -0.13945397461840775 0.5210612828490764 -0.8329713320500627 0.0 0.0 
r -0.5852943941294295 1.4984191070017616 -0.10896326289300462 0.535361306894713 -0.8673816410317297 0.0 0.0 
r -0.5858033256504918 1.515062482384641 -0.0838901862396477 0.5504933258675355 -0.8947280037061786 0.0 0.0 
r -0.5873879682615241 1.5281020831880947 -0.0640778754537267 0.5658864983027989 -0.9152081622166681 0.0 0.0 
r -0.5897867768638417 1.537811743170235 -0.04926411185871315 0.5809899224854123 -0.9290780752372562 0.0 0.0 
r -0.592767723736132 1.5444271595205847 -0.03913735754103358 0.5952981109663202 -0.9366171615243734 0.0 0.0 
r -0.5961359916482656 1.5481425683832108 -0.03338233103842637 0.6083773596161031 -0.9380546620158879 0.0 0.0 
r -0.5997372502490994 1.5491111496190015 -0.03170935405563962 0.6198896833537626 -0.9335566988883252 0.0 0.0 
r -0.6034549594047112 1.5474479824686338 -0.03386963236253795 0.6295913799865924 -0.923211323873406 0.0 0.0 
r -0.607204218379988 1.5432377941645345 -0.039655195024318905 0.6373402228424154 -0.9070114993061608 0.0 0.0 
r -0.610921750450564 1.5365330809720015 -0.04890722509670697 0.6430759313409764 -0.8848529411018096 0.0 0.0 
r -0.6145526990937137 1.5273717296351434 -0.06149365474226103 0.6467997169293205 -0.8565441180400991 0.0 0.0 
r -0.6180410174325345 1.5158004620097596 -0.07727871560602824 0.6485539826340372 -0.8218264841635834 0.0 0.0 
r -0.6213212320037688 1.5018792827075902 -0.09612112750177738 0.6484071793130615 -0.7803565266131887 0.0 0.0 
r -0.6243132613939528 1.4857017873481402 -0.11785181266358702 0.6464349798680349 -0.7317017312961817 0.0 0.0 
r -0.6269246718922545 1.4674134137215749 -0.14225546396949718 0.6427151275000766 -0.6753258405545586 0.0 0.0 
r -0.6290552891760942 1.4472204143577985 -0.1690647518378496 0.6373256404475969 -0.610559484413029 0.0 0.0 
r -0.6306059062531402 1.4253974184739442 -0.19795346769788016 0.6303509581975877 -0.5365611159675059 0.0 0.0 
r -0.6314921952496416 1.4022860094025593 -0.2285355374502648 0.6218947703867461 -0.4522898712049618 0.0 0.0 
r -0.631659545180057 1.3782813439192825 -0.26037255051564373 0.6120954751771621 -0.3564879033514681 0.0 0.0 
r -0.6310899511618212 1.3538082985312294 -0.29299185046097687 0.6011260975216492 -0.24776384599691126 0.0 0.0 
r -0.6298134671855485 1.32929649711299 -0.32589873872844016 0.5892096377159679 -0.1247861311050053 0.0 0.0 
r -0.6279098737201266 1.3051491708905696 -0.3585993027139503 0.5766151437826341 0.013241745917997594 0.0 0.0 
r -0.6255027018994632 1.281720321166451 -0.39061900113159514 0.5636464409378756 0.16582701302068828 0.0 0.0 
r -0.6227510133678064 1.2592900438436223 -0.4215300206450787 0.5506262101106698 0.33027992760900826 0.0 0.0 
r -0.6198384654734383 1.2380538468619993 -0.4509679894863785 0.5378799238296597 0.5011954843519957 0.0 0.0 
r -0.6169591656021144 1.2181229898024712 -0.4786425461801692 0.5257155028643659 0.6710505014719027 0.0 0.0 
r -0.6143027118718846 1.1995265466325207 -0.504350783774495 0.5143996630758645 0.8320149264321932 0.0 0.0 
r -0.6120448377079255 1.1822238679640673 -0.5279749894471553 0.5041447313086946 0.978037144705108 0.0 0.0 
r -0.6103421034344043 1.1661180920729586 -0.5494756936583712 0.495101950186082 1.1059483918312192 0.0 0.0 
r -0.6093284660219412 1.1510726986287885 -0.5688784767023439 0.48735532730059977 1.2152936694346979 0.0 0.0 
r -0.6091168893316803 1.1369269064828624 -0.5862564658225015 0.48092454813247293 1.3074647209718098 0.0 0.0 
r -0.609805412123858 1.12350979333415 -0.6017089794606901 0.4757725742824433 1.3848158767555145 0.0 0.0 
r -0.611484190083941 1.1106523828149408 -0.6153409003178038 0.4718160891547228 1.4500458542063877 0.0 0.0 
r -0.6142422600735586 1.0981987776367779 -0.6272432682208012 0.46893598243864215 1.5058734852392939 0.0 0.0 
r -0.6181718535150493 1.0860146925416307 -0.6374796984309423 0.46698486772606757 1.5549099149972476 0.0 0.0 
r -0.6233694648615897 1.0739941225256369 -0.6460787851688513 0.4657918900225741 1.599636970732457 0.0 0.0 
r -0.6299322300604525 1.0620637633378303 -0.6530343849860158 0.4651621168261683 1.6424416282471237 0.0 0.0 
r -0.6379504941315295 1.0501848725147847 -0.6583129351757223 0.4648720508813107 1.6856611378071014 0.0 0.0 
r -0.6474964288280958 1.0383531841715765 -0.6618667115318194 0.46466219649458324 1.731624281200852 0.0 0.0 
r -0.6586118263581487 1.0265943854394397 -0.6636520055131633 0.46422870132671007 1.782666050515238 0.0 0.0 
r -0.6712967452830021 1.0149561871373853 -0.6636487266599985 0.463217469639225 1.841087389445847 0.0 0.0 
r -0.6855032966823573 1.00349899160124 -0.6618747223329077 0.4612243885769092 1.9090201292355569 0.0 0.0 
r -0.701133417661477 0.9922846990628073 -0.6583967857950694 0.4578014124486233 1.9881509265514765 0.0 0.0 
r -0.7180483408474296 0.9813637366521901 -0.6533312428484348 0.45247681917408306 2.0792747036323194 0.0 0.0 
r -0.7360781304722882 0.9707653811388052 -0.6468410638818876 0.44477579074432544 2.1817537643484863 0.0 0.0 
r -0.755038827533664 0.9604890519901027 -0.6391252219015731 0.43425204453480976 -0.8485012680175765 0.0 0.0 
r -0.7747487843295485 0.9505030344448884 -0.6304022768807498 0.42051876927242854 -0.7326069964590782 0.0 0.0 
r -0.7950451926988584 0.940744258107333 -0.6208939006692228 0.40328263051483276 -0.6175123161154267 0.0 0.0 
r -0.8157923986299673 0.9311213639462503 -0.6108137276034714 0.3823703555244535 -0.5083831135178799 0.0 0.0 
r -0.8368841254870761 0.9215256042437561 -0.6003547030819116 0.3577516209157738 -0.40909656225396573 0.0 0.0 
r -0.8582407008866708 0.9118401176421859 -0.589683218595556 0.32955687069176515 -0.3217664741407631 0.0 0.0 
r -0.8797981887794103 0.9019478268218275 -0.578942371920964 0.29808239062652536 -0.2469045127228232 0.0 0.0 
r -0.9014966183272579 0.8917482920309717 -0.5682479605377483 0.2637945512523679 -0.1839351041477546 0.0 0.0 
r -0.9232668052610008 0.8811623485989126 -0.5576981960856192 0.22732149988634204 -0.13169606392009503 0.0 0.0 
r -0.9450192376872071 0.8701458002042692 -0.547373953054683 0.18943550519344388 -0.0888185466530238 0.0 0.0 
r -0.9666348349838791 0.8586949600590706 -0.5373461856058721 0.15102103375908554 -0.05394604448605933 0.0 0.0 
r -0.9879552579582094 0.8468538873296023 -0.5276835432976016 0.11302504411103437 -0.025828709341166878 0.0 0.0 
r -1.0087782056047125 0.8347260567951422 -0.5184529445547008 0.07640183881582735 -0.003366977612529465 0.0 0.0 
r -1.0288572265324267 0.8224790155755908 -0.5097233431414605 0.042056299633082384 0.014389969058357932 0.0 0.0 
r -1.0479046050803378 0.8103474127782659 -0.5015682018265557 0.010792426632896868 0.02826134891304205 0.0 0.0 
r -1.0656001117901677 0.7986327905805533 -0.4940640728723623 -0.016720730553861307 0.03895127429549228 0.0 0.0 
r -1.0816041835674628 0.7876950267215698 -0.4872891134776086 -0.039964392679069316 0.04706568743522421 0.0 0.0 
r -1.0955723619646809 0.7779379042969735 -0.4813206764781801 -0.05856699567260509 0.05312701580893103 0.0 0.0 
r -1.1071791192056541 0.7697792055447497 -0.4762303794660405 -0.0722773733661703 0.05758279386428777 0.0 0.0 
r -1.1161316220512545 0.7636244416847815 -0.47208012149092043 -0.08094075296141862 0.06081015200958656 0.0 0.0 
r -1.1221926605198618 0.7598240953874097 -0.46891779882332624 -0.08446263945157478 0.0631224643147168 0.0 0.0 
r -1.1251947912070666 0.7586366862856502 -0.466775440081604 -0.08278448182458159 0.0647715826213997 0.0 0.0 
r -1.1250526231067917 0.7601983474652342 -0.4656663764850962 -0.07586843391511161 0.06594924515602069 0.0 0.0 
r -1.1217669772917593 0.7645070454203649 -0.465585120210944 -0.06370247652472666 0.06679128270615914 0.0 0.0 
r -1.1154261650872992 0.771417241833749 -0.46651026923454864 -0.04631971483094094 0.06738361255063047 0.0 0.0 
r -1.1062023885834347 0.7806506057281247 -0.4684082167224789 -0.023832788358339407 0.06776874784124648 0.0 0.0 
r -1.09433398964977 0.7918334152739372 -0.47123633592156416 0.003511137899901484 0.06794940497604379 0.0 0.0 
r -1.0801164922833704 0.8045264453362145 -0.47494606877300716 0.03528675903828121 0.06789480103735968 0.0 0.0 
r -1.0638846244132913 0.818262041645003 -0.47948842816352766 0.07085468969133907 0.067554683996285 0.0 0.0 
r -1.045991664395279 0.8325834961904438 -0.4848158161615226 0.10935166923262046 0.06686673312807923 0.0 0.0 
r -1.0267959259833457 0.8470704063100686 -0.49088215323273815 0.14972556091642936 0.06576887135087 0.0 0.0 
r -1.0066433068687248 0.8613660545606802 -0.4976386370929455 0.19080874288434652 0.06421188400238942 0.0 0.0 
r -0.9858549880577928 0.8751899212943441 -0.505031030024053 0.2314151537117723 0.06219611889324711 0.0 0.0 
r -0.964717362360262 0.8883474501157672 -0.5129929434638926 0.2704484272645213 0.05981742877253943 0.0 0.0 
r -0.9434735112233852 0.9007351939059173 -0.5214389605969145 0.306989213480043 0.05735539916284921 0.0 0.0 
r -0.9223177718357574 0.9123465713951476 -0.5302531936880407 0.34034974442791716 0.05542364409662831 0.0 0.0 
r -0.9013913036566215 0.9232685508767878 -0.5392851060025248 0.3700856626959082 0.05528540738318455 0.0 0.0 
r -0.8807831746529712 0.9336757043810857 -0.5483442099021414 0.3959808845598603 0.05952012322050526 0.0 0.0 
r -0.8605297580989423 0.9438231700360064 -0.5571993928060067 0.4180071936577318 0.07368027548702383 0.0 0.0 
r -0.8406187897185667 0.9540302502875849 -0.5655850860646287 0.43627631697261565 0.11125853832627225 0.0 0.0 
r -0.8210026196793587 0.9646515796968481 -0.5732134975339517 0.4510044884667615 0.21338187540259013 0.0 0.0 
r -0.801607934217836 0.9760477423066212 -0.5797929927985276 0.4624743163697312 0.5644945480143733 0.0 0.0 
r -0.7823537215666445 0.9885455526030165 -0.5850507426919886 0.47101265089584105 1.7528664128739222 0.0 0.0 
r -0.7631691063416147 1.0023972084396378 -0.5887582302721259 0.4769780543767396 -0.7386163809875439 0.0 0.0 
r -0.7440112766841006 1.0177430676511945 -0.5907547659642798 0.48075307612507573 -0.5791500788789572 0.0 0.0 
r -0.7248797893463352 1.0345846044077152 -0.5909663806050288 0.4827383941848638 -0.5307724266064459 0.0 0.0 
r -0.705824767235932 1.0527728207477196 -0.5894177827684948 0.4833459830181573 -0.5198332980964853 0.0 0.0 
r -0.6869463250010294 1.0720188078066009 -0.5862331312776509 0.4829872729946157 -0.5250667424793717 0.0 0.0 
r -0.6683875358271999 1.0919218982868306 -0.5816272423404004 0.4820584399224132 -0.5380764403769552 0.0 0.0 
r -0.6503201634957433 1.1120134968801096 -0.5758875196035012 0.48092191041711235 -0.554818752599433 0.0 0.0 
r -0.6329284489237759 1.1318060214200623 -0.5693494602579632 0.4798888438276088 -0.5730688706030931 0.0 0.0 
r -0.6163909460202698 1.150842319563755 -0.5623670218056069 0.4792024451210643 -0.5914885860079286 0.0 0.0 
r -0.6008695550997765 1.168728342444529 -0.555286805679744 0.4790340973008907 -0.6092260409408763 0.0 0.0 
r -0.586494799396337 1.1851630145163647 -0.5484198119082333 0.4794731869684474 -0.6257351519023246 0.0 0.0 
r -0.5733613430646534 1.1999461950058992 -0.5420222171450054 0.4805336375719192 -0.6406769783477883 0.0 0.0 
r -0.5615273795824636 1.212975148686471 -0.5362830156493936 0.4821651936900158 -0.6538654941160269 0.0 0.0 
r -0.5510154345822608 1.2242333173282556 -0.5313200747931869 0.4842665601343798 -0.6652338611850707 0.0 0.0 
r -0.5418170548075493 1.2337747802563324 -0.527180968693202 0.4867042135174087 -0.6748095224096154 0.0 0.0 
r -0.533896768524407 1.2417059653383178 -0.523852974103137 0.48932548069957954 -0.6826902511866142 0.0 0.0 
r -0.5272002473300768 1.2481655768566924 -0.5212768322734166 0.49197737528516444 -0.689022644537535 0.0 0.0 
r -0.5216584292876693 1.2533107764921536 -0.5193604063881138 0.4945161451417846 -0.6939812589454705 0.0 0.0 
r -0.5171951321221187 1.257300787444942 -0.5179959618633536 0.4968140441796685 -0.6977519266170464 0.0 0.0 
r -0.5137346230791066 1.2602866569054154 -0.5170707145210186 0.4987675581451199 -0.7005150128108802 0.0 0.0 
r -0.5112083970366286 1.2624009035422854 -0.5164791089579496 0.5002988985274259 -0.7024313890771309 0.0 0.0 
r -0.5095586173639585 1.2637489130267983 -0.5161358751822853 0.5013501034373162 -0.7036317113396999 0.0 0.0 
