l -0.8329434692071217 -0.2549101067936458 1.2916642376925322 0.7974501755180372 0.07781691360059328 0.0 0.0 
l -0.8290146812619809 -0.255730048621171 1.2928630574049973 0.7895712553488943 0.07916828021044986 0.0 0.0 
l -0.822974399774448 -0.25707349173209026 1.2946110854337491 0.7776800356576417 0.08114547769296121 0.0 0.0 
l -0.8147058810454885 -0.2590521543796741 1.296847509367048 0.7617518018833969 0.08369968564424979 0.0 0.0 
l -0.8041438343590026 -0.2617732591461333 1.2994955719029004 0.7418528477888884 0.08677232473787089 0.0 0.0 
l -0.7913248980363139 -0.2653187354365668 1.3024627328961282 0.7181746675917855 0.0903127753948314 0.0 0.0 
l -0.7764227903622027 -0.26972606589469705 1.3056454629463803 0.6910907267546209 0.09427489327171523 0.0 0.0 
l -0.7597660042554228 -0.2749757250589627 1.3089327120543948 0.661157382016951 0.0986273439938441 0.0 0.0 
l -0.7418214521442771 -0.2809889612819186 1.3122118329580381 0.6290904457660393 0.10335442527957373 0.0 0.0 
l -0.7231549790160218 -0.28763283188016064 1.3153750278932415 0.5957259146567984 0.10845400634635372 0.0 0.0 
l -0.7043760105416842 -0.2947334458726438 1.318324019613074 0.5619397174840524 0.11393475423326871 0.0 0.0 
l -0.6860730607435519 -0.30209341391937417 1.3209765254084247 0.5286096017818285 0.11979469652392805 0.0 0.0 
l -0.6687622281301169 -0.3095097348860078 1.323269681021576 0.4965323197559886 0.1260249229678032 0.0 0.0 
l -0.6528572983631576 -0.31678113345231945 1.3251664126712661 0.4664341602966859 0.13255864958741492 0.0 0.0 
l -0.638656403741991 -0.3237205516041287 1.3266535497372969 0.4389085501073982 0.13928968684951792 0.0 0.0 
l -0.6263371660957884 -0.3301681996424341 1.32773910781949 0.414440899144599 0.14603148714136127 0.0 0.0 
l -0.615985967668715 -0.33597814368571666 1.3284548541086765 0.393429035546733 0.15249377841941825 0.0 0.0 
l -0.6076120922589107 -0.34102189278993084 1.3288524665374395 0.3761712228951943 0.15829012131823483 0.0 0.0 
l -0.6011919421675815 -0.3451757816790306 1.3289961941817305 0.3628908029351093 0.16296359620951129 0.0 0.0 
l -0.5966707615199149 -0.34832616430343794 1.328962022907352 0.35370671059065545 0.16604586484675488 0.0 0.0 
l -0.5939781195599811 -0.35036902159181665 1.328833482582982 0.3486120472236532 0.16716656412394815 0.0 0.0 
l -0.5930539144385746 -0.3512063323810552 1.328693586689263 0.347474039512425 0.16616396304713432 0.0 0.0 
l -0.5938338556364628 -0.3507613213467122 1.328622818874372 0.35000203173940875 0.16315635760921499 0.0 0.0 
l -0.5962502918362055 -0.348989378724869 1.3286919814310367 0.3557574639496535 0.15852574408130704 0.0 0.0 
l -0.600219841008094 -0.34589256007751373 1.3289579746655205 0.36416862036163283 0.15282210284484798 0.0 0.0 
l -0.6056450527774079 -0.3415256300376229 1.3294571322541358 0.3745857922788857 0.14662704470516452 0.0 0.0 
l -0.6123946644969032 -0.33601130341971475 1.3302006397690855 0.38631211396189896 0.14046014931541606 0.0 0.0 
l -0.6202834273867586 -0.329543274895251 1.3311765929105541 0.39865713499153915 0.13470415791784585 0.0 0.0 
l -0.6290839576436347 -0.3223738585209326 1.3323458817057878 0.410984856333025 0.12962570894373937 0.0 0.0 
l -0.6385101431807853 -0.31480723014310874 1.3336472208698393 0.42273828670899766 0.12538711406150016 0.0 0.0 
l -0.6482112118071721 -0.30718294484795167 1.3350045232254066 0.43345709320190334 0.12206393373842661 0.0 0.0 
l -0.6577992879131339 -0.299846036687977 1.3363313273611062 0.44279619358109906 0.11967843473736317 0.0 0.0 
l -0.6668516310169842 -0.2931262486601273 1.3375447652402 0.4505287475844601 0.11818291106724543 0.0 0.0 
l -0.6749282725840504 -0.2873216647513016 1.338573372269241 0.4565389547691245 0.11745399052426153 0.0 0.0 
l -0.6816279183915348 -0.2826677966301414 1.3393640678825263 0.46084662799980886 0.11728236625393285 0.0 0.0 
l -0.6866043452601795 -0.2793332631854034 1.339889199225142 0.46358431070231704 0.11736568455081309 0.0 0.0 
l -0.6896028792154136 -0.2774111239697921 1.3401480683073732 0.4649904743044044 0.11732421657527103 0.0 0.0 
l -0.6904714957267722 -0.2769196317553376 1.340169910610715 0.4653702827433546 0.11674997221670935 0.0 0.0 
l -0.6891914408124672 -0.2777983043476971 1.3400076508172631 0.46508015704975253 0.11528600447330728 0.0 0.0 
l -0.6858564593977322 -0.2799218647165862 1.3397347304236191 0.46446096452421365 0.11272018283301954 0.0 0.0 
l -0.6806427790218994 -0.2831171193533218 1.3394394221051344 0.4637885383783535 0.10902067707391017 0.0 0.0 
l -0.6738075009633551 -0.28716847818214497 1.3392134854173068 0.46326369916088167 0.10433220188027392 0.0 0.0 
l -0.6656410792783521 -0.29184475187742853 1.3391437876239431 0.46296715414866946 0.0989207633050917 0.0 0.0 
l -0.6564562485005769 -0.2969032617409692 1.3393078147397472 0.46288455192518013 0.0930759713586482 0.0 0.0 
l -0.6465503557968558 -0.3021213715188854 1.3397617587240114 0.46290225759961806 0.08705975140103228 0.0 0.0 
l -0.6361914542932281 -0.30730770252336315 1.3405377477528002 0.4628396923654516 0.08107150140841002 0.0 0.0 
l -0.6256078414308259 -0.31231520484059133 1.3416405642608595 0.46248183262246506 0.07524909914099842 0.0 0.0 
l -0.6149713499172165 -0.31705535580786126 1.3430484832605027 0.4615967831574574 0.06968647926895755 0.0 0.0 
l -0.6044047541569658 -0.321494333593243 1.344717499304678 0.4599655920517905 0.06445909431194652 0.0 0.0 
l -0.5939772622150566 -0.3256558837050847 1.346585774864924 0.45738963100261404 0.05963046198639543 0.0 0.0 
l -0.5837147866804507 -0.3296107696334569 1.3485804073665821 0.4537100320107807 0.05526724764614488 0.0 0.0 
l -0.5736071067097283 -0.33346568020874345 1.350624744346054 0.44880899151700376 0.05143968877116434 0.0 0.0 
l -0.5636268717700588 -0.3373452244214786 1.3526437070420312 0.44261455229513985 0.0482258503177595 0.0 0.0 
l -0.5537450246714636 -0.3413734705434201 1.3545696327152539 0.4351249636669486 0.04569509095676638 0.0 0.0 
l -0.5439470027066506 -0.345660356702083 1.3563432084868532 0.42639540256329106 0.043916166787224764 0.0 0.0 
l -0.5342492690048875 -0.3502814959167843 1.3579174446644966 0.41654989209305243 0.04294356567749347 0.0 0.0 
l -0.5247065163843049 -0.3552715163298669 1.3592559196285046 0.40577938889540605 0.04281479153897716 0.0 0.0 
l -0.5154236175311755 -0.36060914271548106 1.3603331968265209 0.3943439073459715 0.0435444768858948 0.0 0.0 
l -0.5065404162026879 -0.36622562140457204 1.3611328053508736 0.38254779089733654 0.04512307430243356 0.0 0.0 
l -0.4982325024849737 -0.3720005514671898 1.361645991601522 0.3707366369378418 0.0475111146163103 0.0 0.0 
l -0.4906965022842388 -0.37776875067776583 1.3618717591878728 0.3592722920962195 0.05064274131895119 0.0 0.0 
l -0.4841336204317997 -0.38333527452775 1.361814633510018 0.3485151414058984 0.05442505340646564 0.0 0.0 
l -0.4787385733628029 -0.3884847825734861 1.3614852678407412 0.33880616924767654 0.058744867577973814 0.0 0.0 
l -0.4746847494417277 -0.39300035606235884 1.3608992993716682 0.33044905592131363 0.06347422184176277 0.0 0.0 
l -0.4721178150088352 -0.3966732165005961 1.3600789115078074 0.3237034033635238 0.06847361999740542 0.0 0.0 
l -0.47114884027058845 -0.39931803346541384 1.3590521270291829 0.31877838123000185 0.07359816045557976 0.0 0.0 
l -0.4718498779351894 -0.40078572905566534 1.357852288335911 0.31582567280816615 0.0787059135209327 0.0 0.0 
l -0.474252802650586 -0.40097115631041325 1.3565179172862103 0.31494592866073784 0.08365837154096267 0.0 0.0 
l -0.4783501944458091 -0.3998182775050596 1.3550914166367012 0.31617340773791197 0.08833167035468659 0.0 0.0 
l -0.48409121227302837 -0.3973229884276356 1.353619804294147 0.31949833257893895 0.09260416854373577 0.0 0.0 
l -0.49138984126586166 -0.3935349648709292 1.3521476926573972 0.32485069949532847 0.09638111303767372 0.0 0.0 
l -0.5001228244094013 -0.3885454207345987 1.3507221972645835 0.33213707151203514 0.09956118944583614 0.0 0.0 
l -0.5101334395004444 -0.38248370444496843 1.3493886200410656 0.3412113034206035 0.10206421764676632 0.0 0.0 
l -0.5212334729300434 -0.375510801882377 1.3481882497075988 0.3518913735454034 0.10382239351866529 0.0 0.0 
l -0.5332082774070794 -0.3678082800847185 1.3471574754373932 0.3639631418185732 0.1047815390652942 0.0 0.0 
l -0.5458217827025991 -0.3595698269683717 1.3463260566731337 0.37718700152658885 0.10490105583759712 0.0 0.0 
l -0.5588129438181586 -0.3509971987107479 1.3457176658633379 0.3912943903586111 0.10415398591395997 0.0 0.0 
l -0.5719059037200354 -0.34229470289350905 1.3453456230270362 0.40599206438052754 0.10253445712531728 0.0 0.0 
l -0.5848112476541152 -0.33366241315021916 1.3452152503667585 0.42096377217146935 0.10005721939857692 0.0 0.0 
l -0.5972286683331547 -0.32529627158128827 1.3453221043825867 0.43587382541967906 0.09675856185274223 0.0 0.0 
l -0.608852104048591 -0.31738606888604076 1.3456516031546977 0.4503672926933648 0.0927022513191853 0.0 0.0 
l -0.6193749668988544 -0.31011508422728823 1.3461786627355496 0.4640734490676805 0.08798246685332156 0.0 0.0 
l -0.6285011718002376 -0.303656098052113 1.3468686122747522 0.4766176092056286 0.08272440278424775 0.0 0.0 
l -0.6359608355254056 -0.2981669704800979 1.3476778268636904 0.4876411163395437 0.07708085418790889 0.0 0.0 
l -0.6415304685723197 -0.293785785634515 1.348553965435949 0.4968177220668471 0.07123726499185756 0.0 0.0 
l -0.6450534611615403 -0.2906248648422149 1.3494377402197235 0.5038827963251311 0.06540098513761738 0.0 0.0 
l -0.6464711035818719 -0.28876020856903717 1.3502635039493471 0.5086684709672564 0.0597985881381935 0.0 0.0 
l -0.6458421590111734 -0.28822354755247603 1.3509617137527072 0.5111265440386052 0.054666996502015675 0.0 0.0 
l -0.6433560406742462 -0.28899486892954274 1.3514611360978577 0.5113522486276483 0.05023865386501325 0.0 0.0 
l -0.6393319743111907 -0.2909983793300864 1.3516908638026468 0.5095884141883071 0.04673009243396553 0.0 0.0 
l -0.6342059204131594 -0.29409875037406186 1.3515836532811605 0.5062157679502957 0.04433082558267287 0.0 0.0 
l -0.6284921518639686 -0.2981090768747139 1.351078610715854 0.501719773314492 0.043187148583558654 0.0 0.0 
l -0.6227565906153686 -0.30278692732221835 1.3501269125215225 0.4966678010738224 0.043390370146599855 0.0 0.0 
l -0.6175649046466153 -0.30785074440441185 1.3486946946408143 0.4916513553408653 0.044972800740425756 0.0 0.0 
l -0.6134412276476141 -0.31299328817909616 1.3467674500642897 0.4872456988629274 0.047899912230915165 0.0 0.0 
l -0.6108388331702781 -0.31789505844846566 1.3443539645674634 0.48397123585565655 0.05207612220213087 0.0 0.0 
l -0.610122193504138 -0.32223857695191416 1.3414890936034665 0.48227802488621246 0.057339369450104316 0.0 0.0 
l -0.6115522888667134 -0.32572647636077834 1.3382357612947038 0.4825162783318316 0.06348175067737571 0.0 0.0 
l -0.6152879088202211 -0.32809631365105946 1.334683462303003 0.4849330437412029 0.07025867482258374 0.0 0.0 
l -0.6213953731990302 -0.3291276018043494 1.33094783957599 0.48967893126687007 0.07739687897214065 0.0 0.0 
l -0.629855104924032 -0.328658618764839 1.3271621256281172 0.49680325323175506 0.08462254339749409 0.0 0.0 
l -0.6405789174077436 -0.3265862576254294 1.3234725770652849 0.5062716473348952 0.09166634983803368 0.0 0.0 
l -0.6534198142330482 -0.3228730688782703 1.3200283370459491 0.5179697693645056 0.09828397878616113 0.0 0.0 
l -0.6681826067625198 -0.3175499614113548 1.3169703897399492 0.5317113565613205 0.10426859568143332 0.0 0.0 
l -0.6846390186897091 -0.3107094756286912 1.314422692976357 0.5472532351526396 0.10946128693795232 0.0 0.0 
l -0.702518835131454 -0.3025127751225871 1.3124815994888288 0.5642872860743591 0.11375696322450146 0.0 0.0 
l -0.7215221310257114 -0.2931775941323433 1.3112083937910128 0.5824533518924231 0.11711348077427619 0.0 0.0 
l -0.7413125584229556 -0.2829719555966181 1.3106258279191243 0.6013389569267242 0.11954536686993511 0.0 0.0 
l -0.761513972269258 -0.27220252210201634 1.3107176404681833 0.620482744780172 0.12112092605498592 0.0 0.0 
l -0.7817209983613338 -0.2611937188161491 1.311431509578793 0.6393909322984337 0.12195154469980563 0.0 0.0 
l -0.801490292075906 -0.2502764169185797 1.3126860098904742 0.6575380911995754 0.12217918775321701 0.0 0.0 
l -0.8203633936380483 -0.23976283840601637 1.314380073595569 0.6744014753520304 0.12195826122372044 0.0 0.0 
l -0.8378832100274765 -0.2299308974489679 1.3164029386497984 0.6894851472366752 0.12143980033777613 0.0 0.0 
l -0.8536294603514643 -0.22100569201872228 1.318644300725153 0.7023617652691261 0.12075573657864047 0.0 0.0 
l -0.8672525060110519 -0.21314833440544703 1.321003270293628 0.7127125027444057 0.12000462190025463 0.0 0.0 
l -0.8785136353161231 -0.20644740435378325 1.3233946242826333 0.7203656289208407 0.11924440717235396 0.0 0.0 
l -0.8873138674812245 -0.2009175731277146 1.3257527930748652 0.7253170600364602 0.11849418960674929 0.0 0.0 
l -0.8937083357079658 -0.19650461616957893 1.3280323551060071 0.7277429700598634 0.11772899324075836 0.0 0.0 
l -0.8979062736733474 -0.1930925460289911 1.3302079709669976 0.7279786643119561 0.11689591894033913 0.0 0.0 
l -0.9002485249507968 -0.19051884835891336 1.3322697652562898 0.7264925295156255 0.11591806503190405 0.0 0.0 
l -0.901169832193859 -0.18859071004885034 1.3342200302044798 0.7238272069800982 0.1147143032065816 0.0 0.0 
l -0.9011488473239179 -0.1871058705956682 1.3360672498123838 0.7205454803304141 0.11320967062165166 0.0 0.0 
l -0.9006605573587121 -0.18587041668687074 1.337821951761443 0.7171744169592194 0.11134787149489744 0.0 0.0 
l -0.900128158008437 -0.18471794284258689 1.3394917081003626 0.714158969614326 0.10909812181227396 0.0 0.0 
l -0.899896513964112 -0.1835195941169954 1.3410784814102674 0.7118381231149411 0.1064604961313218 0.0 0.0 
l -0.9001891216852607 -0.18220034361949375 1.3425765290142468 0.7104048329409502 0.10347075902956804 0.0 0.0 
l -0.9011037025468465 -0.1807401957791762 1.3439712431309447 0.709912365130041 0.10019446140087163 0.0 0.0 
l -0.9025989590751323 -0.1791760305816877 1.3452408014317894 0.7102663152438922 0.09672509266155505 0.0 0.0 
l -0.9045138342871867 -0.17759015876235462 1.3463591904980636 0.7112567235617067 0.09317212035587308 0.0 0.0 
l -0.9065896104849333 -0.1761014282078406 1.3472951410762528 0.7125830447936716 0.08966125358199406 0.0 0.0 
l -0.9085087135156563 -0.1748451034862229 1.348018760664851 0.7138958814240919 0.08632521991752462 0.0 0.0 
l -0.909937448102868 -0.1739568826174783 1.3485031740000049 0.7148490036875166 0.08329019505833468 0.0 0.0 
l -0.9105694432610915 -0.17355832216574382 1.348725886237925 0.7151374526676983 0.0806785194085693 0.0 0.0 
l -0.9101812940699178 -0.17373892648564834 1.3486700069297104 0.7145543151347888 0.07859822970149555 0.0 0.0 
l -0.9086509511168884 -0.17454953339568727 1.34832744786921 0.7130081458593607 0.07713453520863833 0.0 0.0 
l -0.9059773668072127 -0.17599959397994716 1.3476950260782594 0.7105318184001166 0.07635805798985484 0.0 0.0 
l -0.9022806202183106 -0.1780551844563429 1.3467760090481473 0.7072789780088324 0.07631785317000794 0.0 0.0 
l -0.8977881585783696 -0.18064267420505284 1.345578471567 0.7035055297731607 0.07703811247315229 0.0 0.0 
l -0.8928068434546403 -0.1836554452433172 1.3441147768400088 0.6995371262063983 0.0785209117497947 0.0 0.0 
l -0.8876968148071255 -0.1869607977362647 1.3423998412609968 0.6957373994934375 0.0807481129972829 0.0 0.0 
l -0.8828485628661457 -0.19040527646893393 1.340450732585958 0.6924875600078684 0.0836773571852858 0.0 0.0 
l -0.8786419690830599 -0.19382613503852528 1.3382887866438304 0.6901476684756556 0.08724095166404222 0.0 0.0 
l -0.8754534810959687 -0.1970489473836561 1.3359387013223853 0.689064535500036 0.09135426549060699 0.0 0.0 
l -0.8736319206658927 -0.19989592058640415 1.3334309028026379 0.6895535752722575 0.0959112620299043 0.0 0.0 
l -0.8735005678762091 -0.2021865945859003 1.330802907270597 0.6919155608104668 0.10077786219389506 0.0 0.0 
l -0.875357004544931 -0.20374046285302988 1.3281008528289893 0.6964333303535242 0.10580816151150785 0.0 0.0 
l -0.8794708652852007 -0.20438171486713805 1.325380808586692 0.7033794636279451 0.11083866346249072 0.0 0.0 
l -0.8860837106569602 -0.20394518313184368 1.322708633986648 0.7130217353034902 0.11569107382503718 0.0 0.0 
l -0.8954042808443833 -0.2022849926606078 1.3201592643807054 0.7256180842007907 0.12018000736457468 0.0 0.0 
l -0.9075897228174697 -0.19929282308958954 1.3178106728339307 0.7413910732381888 0.12412530829209056 0.0 0.0 
l -0.9227384902521709 -0.19490663980998837 1.315741449023721 0.7605204198277897 0.12735607412577932 0.0 0.0 
l -0.9408647931005235 -0.18912728974476767 1.3140239494515784 0.7831054299184086 0.1297242470185267 0.0 0.0 
l -0.9618728662680481 -0.18203025923029142 1.3127174738534015 0.809130218809305 0.13111253318242544 0.0 0.0 
l -0.9855287251342836 -0.1737719014706854 1.3118623642540022 0.8384172386931368 0.13145069708126367 0.0 0.0 
l -1.0114336688087153 -0.16458796169532736 1.31147601359944 0.870590826872703 0.13071680999032398 0.0 0.0 
l -1.0390072448198737 -0.15478328809341357 1.3115508128089224 0.9050498626512491 0.12894188517363236 0.0 0.0 
l -1.0674818439928957 -0.14471507671358771 1.3120541538065305 0.9409465388834923 0.1262148684779445 0.0 0.0 
l -1.0959247901116855 -0.13476604647001797 1.3129344732346853 0.9772132228029007 0.12266527330048071 0.0 0.0 
l -1.1232833157203779 -0.12531895765549975 1.31412426384593 1.0126044394252076 0.11846297323024602 0.0 0.0 
l -1.1484625769704293 -0.11672680782505411 1.3155479152748173 1.045789732372769 0.11379923953208593 0.0 0.0 
l -1.1704067048401998 -0.10929135359989646 1.3171301031447091 1.0754513953084863 0.10887051701743755 0.0 0.0 
l -1.1882007174027116 -0.10324388797876533 1.3188000134841003 1.1004100130423646 0.1038657908554872 0.0 0.0 
l -1.2011414897864023 -0.09873706329053031 1.320498727290868 1.119723842081041 0.09894734472102606 0.0 0.0 
l -1.2087862255196935 -0.09584494453885449 1.3221809362794605 1.1327540590955343 0.09424469827889292 0.0 0.0 
l -1.2109658233490523 -0.0945697446544107 1.323816416921816 1.1391964089862123 0.08984761617219172 0.0 0.0 
l -1.2077640948690207 -0.09485498674653915 1.3253882466194922 1.1390631048243374 0.08580666507812174 0.0 0.0 
l -1.1994492797585 -0.09660817927490112 1.3268899901436266 1.1326136735596382 0.08213703291716845 0.0 0.0 
l -1.1864401583194906 -0.09971145737608543 1.3283205109252838 1.1203061632033056 0.07883051400577257 0.0 0.0 
l -1.1692240530686437 -0.10404438114001446 1.3296789496676515 1.1026982425479563 0.07586645935380387 0.0 0.0 
l -1.148316118483626 -0.10949534119296758 1.3309590327601748 1.0803893338369241 0.07322719933966848 0.0 0.0 
l -1.1241920717234244 -0.11598012065551744 1.3321472757533401 1.0539421030203788 0.07090431125736973 0.0 0.0 
l -1.0973173545828854 -0.12343512389980588 1.3332190014696437 1.0239003177536008 0.06890985662191529 0.0 0.0 
l -1.068132180118966 -0.13182215891283663 1.3341388156373823 0.9907714682579052 0.06727911934750974 0.0 0.0 
l -1.0370775817473612 -0.14112020588114563 1.3348626716641974 0.9550579533092456 0.06606489048710107 0.0 0.0 
l -1.0046196914839751 -0.15131455637823937 1.3353420113815528 0.9172814074862157 0.06533903094856552 0.0 0.0 
l -0.9712680245931778 -0.16238385498304822 1.335528544783028 0.8780167757454145 0.06517404866244947 0.0 0.0 
l -0.9375717263710948 -0.17428811833809507 1.3353815458014662 0.8378892436740923 0.0656341604356192 0.0 0.0 
l -0.904118664300872 -0.18695281831764116 1.3348725885343882 0.7975846907796311 0.06676096564591716 0.0 0.0 
l -0.8714961536941339 -0.20026317269970118 1.3339906569027324 0.7578085691011247 0.06856504497575111 0.0 0.0 
l -0.8402633488344284 -0.21405612469317736 1.3327453095529105 0.719253364568204 0.07101819944854348 0.0 0.0 
l -0.810911338251926 -0.2281233131061125 1.3311668418664453 0.6825549656457153 0.07405318923119064 0.0 0.0 
l -0.7838348501541951 -0.24221994597211227 1.329303430408316 0.6482517903633951 0.07757068543294432 0.0 0.0 
l -0.7593372899723788 -0.2560677260594635 1.3272179075621664 0.6167808313771161 0.08144943021564055 0.0 0.0 
l -0.7376186794967019 -0.2693771347646753 1.3249803908292888 0.5884548348559064 0.08556382998424805 0.0 0.0 
l -0.7187987740583881 -0.28185855277377303 1.3226618438507887 0.5634757397226371 0.08980197569097959 0.0 0.0 
l -0.7029289092876434 -0.29324349271509503 1.3203256940453896 0.5419428989466697 0.09408474423638635 0.0 0.0 
l -0.6900075049896477 -0.30329736194267426 1.3180257620685047 0.5238685278452051 0.0983697976411233 0.0 0.0 
l -0.679994428197347 -0.3118384082313406 1.3157973562059648 0.5091931033254655 0.1026676784585503 0.0 0.0 
l -0.6728143878211794 -0.3187488073196586 1.3136576482682907 0.49778977566295385 0.10704082081600985 0.0 0.0 
l -0.668359384654852 -0.3239806686529534 1.311606954061698 0.48947775728190684 0.11158912596142856 0.0 0.0 
l -0.6664846050203088 -0.32755901290929146 1.3096317868847778 0.48402579746490676 0.11643541455495443 0.0 0.0 
l -0.6669944969376832 -0.32958684619184475 1.3077074943161446 0.48114508428959296 0.12170614799684243 0.0 0.0 
l -0.6696305005780346 -0.3302381133169546 1.3058066689112782 0.48048950724899514 0.1274999802421899 0.0 0.0 
l -0.6740656228531826 -0.32974783432011917 1.303903645826171 0.48165688845663196 0.1338704618069002 0.0 0.0 
l -0.6798936689168442 -0.3284007481013717 1.301981576645633 0.48418882239441 0.14080559445550023 0.0 0.0 
l -0.6866300774147325 -0.32651634890574666 1.3000365956887863 0.487577812018893 0.14821661422341625 0.0 0.0 
l -0.6937352428119951 -0.3244232018034687 1.2980810813623334 0.4912973721358373 0.15594314982951785 0.0 0.0 
l -0.7006307796517025 -0.32244299768335394 1.296145729860153 0.49481743656151594 0.16376305112048728 0.0 0.0 
l -0.7067530935125227 -0.32086151871478874 1.2942769568198622 0.4976581231939167 0.17141183674977456 0.0 0.0 
l -0.7115806703837937 -0.3199149261479348 1.292538231142128 0.49941562429058656 0.17859586157174778 0.0 0.0 
l -0.7146892960793767 -0.3197672575151557 1.2910057660917669 0.49980957840095225 0.18501430578930744 0.0 0.0 
l -0.7157827609781554 -0.3205038481218308 1.289762601144836 0.4986976166874438 0.1903863348435706 0.0 0.0 
l -0.7147135028087802 -0.32212399283207155 1.2888961751161891 0.4960950048065163 0.1944498724051531 0.0 0.0 
l -0.711498290439966 -0.3245367531625879 1.28849227548044 0.4921767269857778 0.19697623175541468 0.0 0.0 
l -0.7062873526582727 -0.3275788088822591 1.2886312735197112 0.48723847831494954 0.19777436260553172 0.0 0.0 
l -0.6993399205619587 -0.3310287008335319 1.2893825766274711 0.48166493731662335 0.19669617725035415 0.0 0.0 
l -0.6909856927897773 -0.33462623955342147 1.290802387477573 0.4758904156843901 0.19363374344003637 0.0 0.0 
l -0.6815863144901614 -0.3380990019193016 1.2929273050346197 0.4703521987548965 0.18852814152469644 0.0 0.0 
l -0.6714996627047142 -0.3411865958133715 1.295771491993838 0.46545451339922 0.1813714682323433 0.0 0.0 
l -0.6610525550051914 -0.34366419261665326 1.2993231597627584 0.46153511809476805 0.17221419668734672 0.0 0.0 
l -0.6505202926186557 -0.3453637706007816 1.3035420203946702 0.4588413965649379 0.1611673569680936 0.0 0.0 
l -0.6401197504940545 -0.3461894475367866 1.3083561085115083 0.45751670697765395 0.14841057584809803 0.0 0.0 
l -0.6300026684586766 -0.3461295866651389 1.3136617856687187 0.45758666974143686 0.13419184004974305 0.0 0.0 
l -0.6202613945532964 -0.3452607378263388 1.3193234175462971 0.45895971000117447 0.11882805415746223 0.0 0.0 
l -0.6109407106889291 -0.3437409084512883 1.3251772116540637 0.46143338489681457 0.1027004599408523 0.0 0.0 
l -0.6020475524169976 -0.3418008862534381 1.3310362606100428 0.4647063958237376 0.08624231602703314 0.0 0.0 
l -0.5935658366568936 -0.3397245777247159 1.3366997689961444 0.4683998226223985 0.06992365809304868 0.0 0.0 
l -0.5854748498872973 -0.33782279246177793 1.341963749469481 0.47209569455147643 0.05422751839576345 0.0 0.0 
l -0.5777599932708586 -0.33640332833006203 1.3466364606225787 0.4753730570372999 0.03962178803569305 0.0 0.0 
l -0.5704230490058898 -0.33574091151575935 1.350552354404939 0.4778544191810153 0.02652844203489213 0.0 0.0 
l -0.5634997871904679 -0.336045290181442 1.3535821431221589 0.47925087905785163 0.015304890144492322 0.0 0.0 
l -0.5570515276288611 -0.3374398659087204 1.3556462853554871 0.47939557469347666 0.006211720489078365 0.0 0.0 
l -0.5511419287433348 -0.33996106153553884 1.3567204955482464 0.4782378136833741 -0.000602231400594011 0.0 0.0 
l -0.5458476517008051 -0.3435455960712951 1.3568340730303665 0.47585996052998153 -0.005103015650013143 0.0 0.0 
l -0.5412337329661423 -0.34804567103694173 1.3560674630315679 0.47244736268379633 -0.007373426788930049 0.0 0.0 
l -0.5373387927484505 -0.3532512898451345 1.3545432131026616 0.468253051182751 -0.0076019455388898205 0.0 0.0 
l -0.5341696045863888 -0.3589151804346373 1.3524135611968287 0.4635612057853799 -0.0060631505397150676 0.0 0.0 
l -0.5317111097722964 -0.3647732286463771 1.3498453532557457 0.4586595733803855 -0.0030853825432841653 0.0 0.0 
l -0.5299097471583354 -0.37058021991648726 1.3470088201216504 0.4537914208288249 0.0009726218824515076 0.0 0.0 
l -0.5286884291716932 -0.3761208692500528 1.344066928830699 0.4491471992246255 0.0057475980844723384 0.0 0.0 
l -0.5279506774484156 -0.38122439361108673 1.3411665820139769 0.44484901592154763 0.010899053689017002 0.0 0.0 
l -0.5275886568185254 -0.38576652548462637 1.3384346527658715 0.44095627359069584 0.016118302888975977 0.0 0.0 
l -0.5274829145810173 -0.38967251710559725 1.3359764365307112 0.4374613839225375 0.021141901059700263 0.0 0.0 
l -0.527516500564659 -0.39290187795271053 1.333877597757128 0.4343185742813703 0.025746944111964876 0.0 0.0 
l -0.5275787244376478 -0.3954377045208302 1.3322079387089016 0.43145862106413563 0.02974360529240072 0.0 0.0 
l -0.527578097471502 -0.3972688124718649 1.3310248438880743 0.42881542970945113 0.0329670219517868 0.0 0.0 
l -0.5274500717741324 -0.3983747076740818 1.3303776450990776 0.4263522046973391 0.035264593748926654 0.0 0.0 
l -0.5271704221578934 -0.39870871366898614 1.3303103907660716 0.42408144850998436 0.03648823171079685 0.0 0.0 
l -0.5267604669403119 -0.39819287656109914 1.3308616493958254 0.4220777188194221 0.03649168619556398 0.0 0.0 
l -0.5262927349287745 -0.3967160772190585 1.3320625212399857 0.4204824377827789 0.03513261821268787 0.0 0.0 
l -0.5258981508300953 -0.39413375115683613 1.3339336146226068 0.4195068980219822 0.032281576026025105 0.0 0.0 
l -0.5257560192966474 -0.3902902881893783 1.3364777021667507 0.419412075094661 0.02783671578699609 0.0 0.0 
l -0.5261027250098234 -0.3850255304077702 1.3396743698353397 0.42050505174437053 0.02174186915752241 0.0 0.0 
l -0.5272181504874489 -0.37820248498142456 1.3434746015469186 0.42311449256426764 0.014005187715325329 0.0 0.0 
l -0.5294175981336084 -0.3697284131977068 1.3477983025349671 0.42757029620013204 0.004713960725142297 0.0 0.0 
l -0.5330441654065171 -0.35957468664789516 1.3525332611054837 0.43418883815066783 -0.005950880681298898 0.0 0.0 
l -0.5384554330431685 -0.34779030703536445 1.3575404474475472 0.4432556701826727 -0.017709900923482902 0.0 0.0 
l -0.54600497150983 -0.334512178752303 1.3626611028119515 0.4550085325553154 -0.030189893424078074 0.0 0.0 
l -0.5560249103616964 -0.3199563105383426 1.3677305673505267 0.4696283863967316 -0.042941955458312364 0.0 0.0 
l -0.5688037285151208 -0.30440929094081015 1.3725875618002696 0.4872224210369723 -0.05546001121597888 0.0 0.0 
l -0.5845487975211979 -0.28821135016801197 1.3770877910557973 0.5078026769333397 -0.06722172510301916 0.0 0.0 
l -0.6033342862386267 -0.2717385680707221 1.3811158139364939 0.5312489197023023 -0.07773210359463989 0.0 0.0 
l -0.6250875873432696 -0.25536230829889417 1.3845918796903565 0.5573158977581747 -0.08657446617021813 0.0 0.0 
l -0.6495359595341775 -0.23944012878330947 1.387473007901362 0.5855820253054265 -0.09345131751831448 0.0 0.0 
l -0.6761843197575773 -0.22428969163444823 1.3897574446788448 0.6154560749573386 -0.09822992458465452 0.0 0.0 
l -0.7043200076218475 -0.21017907991030005 1.3914771319186046 0.646178516292389 -0.10094754266142614 0.0 0.0 
l -0.7330436298978187 -0.19732119535720774 1.392690691895897 0.6768527318415851 -0.1018059827101847 0.0 0.0 
l -0.7613193357730035 -0.18587604134531222 1.393476373258558 0.7064926658309552 -0.10114357640828953 0.0 0.0 
l -0.7880567900749799 -0.1759534953964631 1.3939241385157055 0.7340951524964274 -0.09939395260380302 0.0 0.0 
l -0.8121936906334365 -0.16762377912545384 1.3941259007666145 0.7587070319390075 -0.09702796025848648 0.0 0.0 
l -0.8327440427960132 -0.16093459832689486 1.3941689888171103 0.7794592177561976 -0.09450425560808484 0.0 0.0 
l -0.8488903058407927 -0.15590863613094952 1.3941294834292284 0.7956450305038534 -0.09222929208535757 0.0 0.0 
l -0.8600066049362789 -0.15255537143484307 1.3940679526631365 0.8067319696429229 -0.09052589777586562 0.0 0.0 
