l 2.067965059194094 2.652962915406672 -2.3459528493260597 -3.681969771114065 1.6903155222538886 0.0 0.0 
l 2.0819391057538317 2.640819294218591 -2.3439650580329876 -3.6918852059164173 1.6674901109858982 0.0 0.0 
l 2.0756319005293262 2.6445527236362443 -2.3469416698990275 -3.639724516549571 1.6598325563030893 0.0 0.0 
l 2.0669386239375873 2.6540896058151597 -2.345817794075301 -3.5958711687327796 1.6494834445849973 0.0 0.0 
l 2.0664003566462315 2.652675288601822 -2.3481675849201396 -3.6144238893709586 1.57839889376601 0.0 0.0 
l 2.0602823365433474 2.6591222013962326 -2.3477012514236604 -3.5697705088219482 1.5752987680368884 0.0 0.0 
l 2.0269499579122074 2.6924860649100593 -2.347235778981893 -3.429012674817028 1.5402152739850754 0.0 0.0 
l 2.032312154645284 2.690425677791713 -2.3431146564797762 -3.552761305139284 1.578407107847367 0.0 0.0 
l 2.0398123216891406 2.688744282771871 -2.335905675505381 -3.515106653068134 1.555088732953532 0.0 0.0 
l 2.0376850593098164 2.691153604491546 -2.335480377727924 -3.4899130928642825 1.54817206852352 0.0 0.0 
l 2.0371416901846153 2.6937390413279174 -2.3328540670628954 -3.4453712282646536 1.5287509460626965 0.0 0.0 
l 2.042689018976736 2.687140849566006 -2.334382379805396 -3.3609835643948767 1.489843978803681 0.0 0.0 
l 2.049945774746658 2.676689369215576 -2.338607776591567 -3.3547451874772793 1.489439081513928 0.0 0.0 
l 2.0586547042399417 2.6680117838873243 -2.3387855888913287 -3.4871242241754885 1.517556018964084 0.0 0.0 
l 2.061432307722251 2.6679149587446145 -2.335559301343257 -3.460742459318524 1.5138073686658147 0.0 0.0 
l 2.0541772251753176 2.6786229373836474 -2.3310425363912666 -3.4432709933850907 1.5042469084725072 0.0 0.0 
l 2.0500419845930473 2.6869780626165602 -2.3255685297435775 -3.4393925559499623 1.5095500290905304 0.0 0.0 
l 2.0506579200126165 2.689752710719404 -2.3213012000497484 -3.4943819917984875 1.512749068859523 0.0 0.0 
l 2.0425593003015736 2.699373909045937 -2.318911114660935 -3.49742799042477 1.5143211525823914 0.0 0.0 
l 2.0425707469039196 2.7003370877086694 -2.31765448686317 -3.50811489955192 1.5143266642400202 0.0 0.0 
l 2.0473427963615345 2.6993685412814643 -2.313049173275596 -3.504506067119826 1.5118987640567834 0.0 0.0 
l 2.051239962345652 2.6952926787160125 -2.3135314423121027 -3.568442780042448 1.5236705233157892 0.0 0.0 
l 2.0509421108900456 2.6950030034722383 -2.314264163844591 -3.5624238471482736 1.5256088693807515 0.0 0.0 
l 2.046381414440126 2.698179144552392 -2.315755856026249 -3.583447420624283 1.5330313567445502 0.0 0.0 
l 2.0480988898630414 2.693634253450441 -2.319479939655512 -3.587115982093524 1.5396791616502352 0.0 0.0 
l 2.0512210629309386 2.6908623990043217 -2.319205570866743 -3.5363608158368915 1.5221459355069693 0.0 0.0 
l 2.051880762167249 2.6908075528805755 -2.3184730965177542 -3.5643689183171965 1.5328066079549696 0.0 0.0 
l 2.042550588710344 2.701532243384915 -2.316135111375984 -3.405990810075547 1.4750905471420985 0.0 0.0 
l 2.031958303502985 2.710815584899264 -2.3171797427885625 -3.615657691206863 1.5844506674817502 0.0 0.0 
l 2.027984386771466 2.713286404269606 -2.3189129432669855 -3.539066347047816 1.5008958894552888 0.0 0.0 
l 2.0336401364652597 2.707497571050177 -2.3194257913911938 -3.598086019900766 1.5061702506384333 0.0 0.0 
l 2.0453334173765603 2.6986645336012365 -2.3164155072864188 -3.596893871970532 1.579029732134392 0.0 0.0 
l 2.0497141458816466 2.6917246103758314 -2.319943770090056 -3.5220720975517743 1.4582904954130949 0.0 0.0 
l 2.045099428612373 2.688474919644372 -2.329723440160354 -3.625697653680356 1.4766371683301387 0.0 0.0 
l 2.052678296488672 2.678798324827051 -2.3326442228369935 -3.668511266013396 1.5007125740977185 0.0 0.0 
l 2.072589013044948 2.6653230792334606 -2.325435163079378 -3.5625310619483734 1.458470523335587 0.0 0.0 
l 2.06676204772726 2.6728591154861077 -2.3230765898095758 -3.67160153650835 1.4614810909590383 0.0 0.0 
l 2.099280561020378 2.6482055016943993 -2.315084789888248 -3.632285474238194 1.4754773193098583 0.0 0.0 
l 2.0910436834872064 2.661164755212411 -2.30894143856436 -3.5295375782391094 1.4129569338983292 0.0 0.0 
l 2.0551479996921067 2.6822683736438697 -2.325298876102971 -3.679380018925988 1.4516121770077568 0.0 0.0 
l 2.0431382552913426 2.688765425232929 -2.331768510876709 -3.671505618270908 1.46486697575176 0.0 0.0 
l 2.056807171055996 2.687769342127583 -2.3163597736799284 -3.6691083395604043 1.4603592753682035 0.0 0.0 
l 2.117344372065821 2.641556478327841 -2.3025390922174083 -3.667034981238272 1.5484929982976712 0.0 0.0 
l 2.1491115547291066 2.6236532685878577 -2.2884634931724346 -3.6868319181698626 1.4792973869499215 0.0 0.0 
l 2.176218579835758 2.611045793474749 -2.2738998854590333 -3.6696013442204527 1.4646757645579487 0.0 0.0 
l 2.1730488374928347 2.610858694818144 -2.2774584154811954 -3.718683268545624 1.4657711580547088 0.0 0.0 
l 2.123586560497345 2.640106597020739 -2.297287293643188 -3.874609712664727 1.4827008858544022 0.0 0.0 
l 2.315186732271862 2.466163673946153 -2.2866073907903237 -3.6530725267849165 1.4415398336443475 0.0 0.0 
l 2.239659019621474 2.528661639714457 -2.2979392972164114 -3.7751636908870694 1.4722452932972556 0.0 0.0 
l 2.1976069700960834 2.565665523197266 -2.301736009538291 -3.846057645486436 1.4826596973505373 0.0 0.0 
l 2.1807010885949762 2.5925808001775357 -2.2898827777652824 -3.678074389730007 1.4076612045740118 0.0 0.0 
l 2.1699873480133234 2.601761430989394 -2.2909674781756735 -3.7006361493599083 1.4186546466644416 0.0 0.0 
l 2.1624772289533114 2.6160203356537055 -2.282836079839527 -3.8802795567173103 1.4588322005725372 0.0 0.0 
l 2.209202371335044 2.5913307095590086 -2.261604712574594 -3.956390784055308 1.4609839243323393 0.0 0.0 
l 2.1504780750345027 2.618610854603216 -2.2927780846266708 -3.9063555232910057 1.4838943727805294 0.0 0.0 
l 2.1493419836163823 2.6099452883577783 -2.3039069479067154 -3.8795096174798944 1.481002824330798 0.0 0.0 
l 2.133299301957207 2.605171080139317 -2.326924881568164 -3.950513457986058 1.5952786883892986 0.0 0.0 
l 2.1582456743674276 2.5868330274963816 -2.3202759494701857 -3.7231917385976065 1.432403597433845 0.0 0.0 
l 2.1799088927018246 2.573197583917398 -2.3121520949548873 -3.8174281442134324 1.455626648445092 0.0 0.0 
l 2.186399871260816 2.575875215625567 -2.3023443598559177 -3.801945272075417 1.4523825957486634 0.0 0.0 
l 2.1985315944974744 2.5697948778648487 -2.2962704641666356 -3.8446965764844574 1.460487846842947 0.0 0.0 
l 2.226630503721081 2.5594003767945086 -2.2785052770428003 -3.8954777177739457 1.4665458139748064 0.0 0.0 
l 2.207185029090552 2.573173971073152 -2.2835874426576175 -3.862404123383834 1.4723522289369093 0.0 0.0 
l 2.179745026888075 2.582683063232834 -2.3018751885419255 -3.9371419892465376 1.5069418718850462 0.0 0.0 
l 2.1333977218471003 2.6410854410776725 -2.2853026765579254 -3.7997829436420583 1.520552046729427 0.0 0.0 
l 2.157069133598534 2.622841724098236 -2.2808227343777934 -3.7028127097575325 1.4714312197159227 0.0 0.0 
l 2.1697825013856065 2.6109200942402273 -2.2808502454339847 -3.7781332076616994 1.4914463835419605 0.0 0.0 
l 2.200773111629788 2.5881622130758135 -2.273789736266902 -3.883189906199201 1.5217584727429934 0.0 0.0 
l 2.2513902721298837 2.53967806760109 -2.274396007319864 -3.806443289012279 1.5118816821864502 0.0 0.0 
l 2.2118749565666436 2.5594007703235913 -2.2936813054979552 -3.811960637953719 1.535714106008453 0.0 0.0 
l 2.1733399846382837 2.585292388384726 -2.3057899284522305 -3.7926480449340163 1.6286672955244663 0.0 0.0 
l 2.1548281364128625 2.5996741618649755 -2.3095882440998325 -3.7510627799975094 1.5469913862966267 0.0 0.0 
l 2.067135628527235 2.6761017844172956 -2.318609123581001 -3.69215320757003 1.547945705553091 0.0 0.0 
l 2.0983809254201686 2.6488696106363863 -2.315321147047415 -3.6187504251733182 1.5344620270969607 0.0 0.0 
l 2.176821496993853 2.589316774709147 -2.2976194524130005 -3.699601362541242 1.5631322215667423 0.0 0.0 
l 2.3133671340597366 2.457787169547683 -2.296914666092273 -3.8970074248104893 1.582338197654232 0.0 0.0 
l 2.204531601111377 2.597493546458826 -2.2595939250799373 -3.855165622741881 1.5418217898962379 0.0 0.0 
l 2.1508506133088146 2.6190494038162004 -2.2918722507901825 -3.7941718853921946 1.6218562255569593 0.0 0.0 
l 2.205516340989317 2.5588140918419477 -2.300915050816392 -3.8172955400719606 1.5953019451947625 0.0 0.0 
l 2.174295160796869 2.5852986193913434 -2.3047658726303037 -3.7154934916562685 1.593707830581189 0.0 0.0 
l 2.1719886865264795 2.5941289171357935 -2.297391560013449 -3.6887039762163587 1.598210648277171 0.0 0.0 
l 2.09556641555145 2.657872432718162 -2.3077254067672603 -3.538312897421654 1.607963354421056 0.0 0.0 
l 2.046345169040292 2.686654283506551 -2.3305002741671546 -3.4981929876967417 1.6325470764413588 0.0 0.0 
l 2.017963661427223 2.7048770986162185 -2.3426781197914806 -3.3660857436483145 1.6274972479172485 0.0 0.0 
l 2.026269352172233 2.6933485378200857 -2.3469934371713514 -3.392771469694103 1.6674050039279056 0.0 0.0 
l 2.017894205352688 2.7019777146948023 -2.3465394563760977 -3.4283569784073906 1.728933917588644 0.0 0.0 
l 2.0184074262784097 2.710785674017464 -2.3343677967282632 -3.35934252408406 1.6299229518520209 0.0 0.0 
l 1.988469028494729 2.733223677881411 -2.343541594076896 -3.320258642522912 1.6527367869539398 0.0 0.0 
l 1.9872777673485476 2.7438192267409067 -2.330476078268989 -3.333289455924736 1.6586875172256637 0.0 0.0 
l 2.0309656598730053 2.7236614003505246 -2.301377435601222 -3.442057515600948 1.654167431394405 0.0 0.0 
l 2.034735029720774 2.7129873846853982 -2.3108583957215654 -3.3842132166663172 1.6709432016440653 0.0 0.0 
l 2.0226279161308796 2.7181241059382577 -2.3192724799733626 -3.399924608601432 1.6979284970109256 0.0 0.0 
l 2.04360660679679 2.7130746112788993 -2.299788597786134 -3.45249221291374 1.6713226052400763 0.0 0.0 
l 2.056483914014692 2.704019074509503 -2.2959651794514446 -3.4936965431548814 1.6714354297098946 0.0 0.0 
l 2.0575958052934142 2.7006168442116882 -2.299017938117259 -3.5357503631164704 1.673572099827485 0.0 0.0 
l 2.0267359317677185 2.704096222109032 -2.3325317852660605 -3.5127744763699615 1.6641007847744749 0.0 0.0 
l 2.072805927820822 2.6902825923674896 -2.2941190520840697 -3.5703693902243403 1.6478900998270727 0.0 0.0 
l 2.054412875470602 2.680534840147681 -2.328364270665174 -3.4524376202424514 1.6356907917659314 0.0 0.0 
l 2.0581433016751824 2.6736700626878447 -2.332409766129648 -3.4882707898752336 1.6466079508284597 0.0 0.0 
l 2.055808508293976 2.6737774466793893 -2.3350995503695553 -3.4186015538563845 1.6119899318288895 0.0 0.0 
l 2.0527612208884523 2.677244969763373 -2.3344832990985207 -3.4382320805722775 1.5905144674843226 0.0 0.0 
l 2.0471498580634724 2.685446625808976 -2.331040000660072 -3.4120953319435783 1.587600215843834 0.0 0.0 
l 2.0543940621879213 2.689694755986974 -2.316837518494978 -3.4769528648462034 1.5761312510106693 0.0 0.0 
l 2.022106791659737 2.7185841030185127 -2.3193217760778535 -3.3899225995510696 1.6214176077446734 0.0 0.0 
l 2.02245465556187 2.722849788114384 -2.3131788559355475 -0.8736703581430905 1.5519707728029213 0.0 0.0 
l 2.0187046905243857 2.729652323461817 -2.3087730302395117 -3.3750154258251257 1.5501413214576651 0.0 0.0 
l 2.0147062983766553 2.731980613873441 -2.3107226740568105 -3.3767361937760545 1.5453034397344851 0.0 0.0 
l 1.9970832511167904 2.749339573380361 -2.3096249932046584 -3.406343048717543 1.5889454306961384 0.0 0.0 
l 2.011393119681936 2.7438421242438586 -2.298650948580993 -3.287126350927696 1.4876825992602374 0.0 0.0 
l 2.016290719358641 2.741536822116184 -2.2955703139168566 -3.2798929938570005 1.4768883264704158 0.0 0.0 
l 1.9945927648926047 2.760716657169452 -2.2967212005920845 -3.343353962344274 1.481231072275354 0.0 0.0 
l 1.9930492671001843 2.7602612325558753 -2.2994240344007775 -3.278338751799973 1.4629496923503758 0.0 0.0 
l 1.9952620135868457 2.759523607067708 -2.2975496376266498 -3.260044319998287 1.455018551207497 0.0 0.0 
l 1.994188792879934 2.765860983592004 -2.2898211886382285 -3.2167115399760338 1.4398837088302228 0.0 0.0 
l 1.9861509609892467 2.779874064143452 -2.279887354405721 -3.206229211910976 1.4365285699317174 0.0 0.0 
l 1.9740220789364054 2.793251931990291 -2.2760228851525266 -3.2665685107838724 1.5143373196388654 0.0 0.0 
l 1.9658223912246227 2.7993893863911716 -2.2778145545434656 -3.2099222412823916 1.4236501563190371 0.0 0.0 
l 1.9641984077341568 2.8002706258872703 -2.2786980424609213 -3.0945457031593926 1.364978109916878 0.0 0.0 
l 1.9522361806361719 2.812709351633134 -2.275806732307463 -3.0697505930091795 1.3614195114314707 0.0 0.0 
l 1.9504264273144876 2.816606956662333 -2.272073970894685 -3.239654967625602 1.4816777449485168 0.0 0.0 
l 1.9176183204333273 2.850125524713939 -2.263602452517809 -3.1883288746491383 1.3817069616925837 0.0 0.0 
l 1.931620476035714 2.8359455168146335 -2.26722331682439 -3.1995108533329963 1.3682062006548263 0.0 0.0 
l 1.9418581343619934 2.828573438131409 -2.2646573742150538 -3.3045070234316567 1.451670442768353 0.0 0.0 
l 1.9378510883837436 2.8430782160946495 -2.2457375686188388 -3.2261683805357717 1.3384696732025487 0.0 0.0 
l 2.049962369955527 2.7830483837085755 -2.195661622105624 -3.4569637448035446 1.3029244206552963 0.0 0.0 
l 2.09332899451486 2.7705236537257525 -2.1649525982615483 -3.4184701678601828 1.2679184914314097 0.0 0.0 
l 2.0389942912499075 2.8049134349601688 -2.1762130211467516 -3.4219412583775486 1.346616086734688 0.0 0.0 
l 2.007863306443724 2.82267753557644 -2.1860246281610722 -3.4952459926297372 1.3701349730420138 0.0 0.0 
l 2.0021513411067557 2.825608141917094 -2.18842286600304 -3.6514328655961674 1.342860749778962 0.0 0.0 
l 2.004866064971771 2.8209604030383177 -2.19244400954467 -3.7293499434654023 1.4098469810948369 0.0 0.0 
l 1.9923863791083547 2.8268643480874793 -2.198689122154745 -3.577103855030903 1.4166098680113715 0.0 0.0 
l 1.9887302252513304 2.824548396078263 -2.2071106750696554 -3.6982022084934085 1.486425185400162 0.0 0.0 
l 1.9872611782321414 2.823982189677807 -2.20992124660445 -3.7139711122088244 1.5347048097762621 0.0 0.0 
l 1.984866408175215 2.8217747261203585 -2.216591896713997 -0.7450660130070965 1.3684679083531286 0.0 0.0 
l 1.9516012589544312 2.832717149580196 -2.243723679083476 -0.7337608254478782 1.4297455131390344 0.0 0.0 
l 1.9293004031984045 2.820546597815832 -2.296674344715318 -0.6858136145342242 1.5309865354498746 0.0 0.0 
l 1.8901954121199616 2.7521210662848175 -2.4633366222075197 -3.4735765654746835 1.871673920978143 0.0 0.0 
l 1.874975125104646 2.7592406835216194 -2.4787803671587065 -3.240973463401316 1.9854662383525195 0.0 0.0 
l 1.8533035716395037 2.7553985099944187 -2.521615097836098 -3.436099668604202 2.138864891160216 0.0 0.0 
l 1.7710703318360914 2.8208282566350653 -2.593128711599218 -3.3096443784849106 2.2551374851890396 0.0 0.0 
l 1.7160273320155526 2.831247678588987 -2.713713993412399 -3.2148034092842512 2.399547662938961 0.0 0.0 
l 1.701191147750549 2.7989162623478165 -2.7893322232892293 -2.964698132282547 2.531581107584314 0.0 0.0 
l 1.6775367772035628 2.785617635769942 -2.861019390270639 -3.008901383190034 2.734174333675163 0.0 0.0 
l 1.6373018148221992 2.8643796377124757 -2.911656878607758 -3.076401509706371 -0.16742277974753783 0.0 0.0 
l 1.613366916251845 2.8974651207631474 -2.972227113271764 -2.903396170072193 0.005317556192969253 0.0 0.0 
l 1.6338325126488857 2.6047424498289837 -3.035931734146719 -2.8104734361372863 0.28946797530395907 0.0 0.0 
l 1.6374178367402592 1.92280523424137 -3.1170907594153947 -2.83874863868062 0.3460420363098007 0.0 0.0 
l 1.6395041264104138 3.845490345994638 -0.08088122328065755 -2.9899712327805883 -2.6753115238256697 0.0 0.0 
l 1.6110657838306888 3.4305592845358834 -0.134708646161616 -3.098583669581731 -2.796063298422056 0.0 0.0 
l 1.5954664749206693 3.266849519872728 -0.19351285173935195 -3.122956092885307 -2.808197182092323 0.0 0.0 
l -1.6211256014367403 2.947794591272876 -0.2512341116182371 0.2148959195100289 -2.2803109660599294 0.0 0.0 
l -1.667677963121052 2.8975705923664203 -0.3721425564280195 0.21609797450235574 -2.115539282361988 0.0 0.0 
l -1.752704324854121 2.7425236789946803 -0.41131381440492343 0.1695983987956074 -2.0790354215229656 0.0 0.0 
l -1.8523380781085592 2.629804992099951 -0.4754975918806373 0.12170206431602365 -1.9415039828144107 0.0 0.0 
l -1.8979979039135515 2.6025357789347483 -0.5161187700208968 0.13162244724736 -1.9299020453510813 0.0 0.0 
l -1.8997933197119958 2.6260471019861114 -0.542243606313034 0.08111909943663137 -1.8265684343243787 0.0 0.0 
l -1.879338839033139 2.695011019994359 -0.5872656985391138 0.03443004303860381 -1.8081299611141517 0.0 0.0 
l -1.8678662920883973 2.7241340679604216 -0.60412744513 0.0006158047285734214 -1.70262318362319 0.0 0.0 
l -1.8658064907934806 2.739603648632727 -0.6205703814374472 0.01776159162574681 -1.7127995475908242 0.0 0.0 
l -1.785357402262324 2.8626966078131812 -0.6504948338405144 -0.023998876749973197 -1.5668690948257855 0.0 0.0 
l -1.7548831500889879 2.9020094604927795 -0.6512853889367041 0.08123468078342905 -1.5303664430187511 0.0 0.0 
l -1.6950617139989235 2.987589337980345 -0.677574499118491 -0.00285690749380757 -1.5611518657706984 0.0 0.0 
l -1.6976736995246107 2.981990027351277 -0.6701223185426588 -0.009451065276540216 -1.6036645872514563 0.0 0.0 
l -1.6779451740795848 3.007308180111055 -0.6724022212852732 0.031045238920134832 -1.5801325735010332 0.0 0.0 
l -1.6751402363695447 3.009611168514658 -0.6679138822974504 0.17432180351260357 -1.623586210510574 0.0 0.0 
l -1.6726803705593767 3.0104875554838815 -0.6595251708840992 0.08586609835108244 -1.7277527073488903 0.0 0.0 
l -1.6876035121689985 2.9901253725837877 -0.6554023392631974 0.20639471161369288 -1.6538504883293668 0.0 0.0 
l -1.707790634921183 2.9644152531499395 -0.6561278318408035 0.1688858966643239 -1.661739266563639 0.0 0.0 
l -1.6982386926786148 2.9772491714953633 -0.6578446081649173 0.1532097290977617 -1.60841241817251 0.0 0.0 
l -1.676445059662173 3.001955906063012 -0.646363559104922 0.2636535331257917 -1.732447948023999 0.0 0.0 
l -1.6883605934265917 2.983417323060186 -0.6373664868001604 0.151838665583874 -1.7193278452373075 0.0 0.0 
l -1.7080915883718197 2.958521210164179 -0.6410982885224781 0.21510872865636427 -1.72820192447713 0.0 0.0 
l -1.7650553578740689 2.8840319486257693 -0.6415096099990397 0.1499473487823842 -1.7430561522168224 0.0 0.0 
l -1.7512754432945992 2.903953898346077 -0.6456193086725548 0.20552272724719228 -1.7325987424439708 0.0 0.0 
l -1.7374626180334174 2.9190659773539998 -0.6393057692403412 0.21876067687294848 -1.739521780142798 0.0 0.0 
l -1.7289126429425943 2.931618485433975 -0.6423310650135418 0.18264528470369706 -1.7658961484318034 0.0 0.0 
l -1.734389521837223 2.923280645964069 -0.6396898161102401 0.20058393709228067 -1.6823664785581252 0.0 0.0 
l -1.7234247527641977 2.9387510506266885 -0.6421684637350642 0.15574580221681483 -1.7232480550883043 0.0 0.0 
l -1.7189340143017777 2.9446310300989937 -0.642118454359945 0.1091180128550589 -1.693884132003422 0.0 0.0 
l -1.6780906900657608 2.9994886049061478 -0.6453180408227739 0.13072682551162812 -1.6970314827588153 0.0 0.0 
l -1.6662075997441064 3.013158697763471 -0.6377438265835712 0.06976848704356958 -1.6745643491801756 0.0 0.0 
l -1.660206154849584 3.019453167884561 -0.6307955284502201 0.11229180501198127 -1.6563166835547722 0.0 0.0 
l -1.6640272009645012 3.013258975328366 -0.6270330716391962 0.20540184405506562 -1.5957820576470056 0.0 0.0 
l -1.6785630461018328 2.988374276468242 -0.6110985323748789 0.28888541635473813 -1.5281178897343817 0.0 0.0 
l -1.6827291153959854 2.9840748885441806 -0.6158586122574193 0.25078415389693537 -1.5670084462890177 0.0 0.0 
l 1.6199311076755352 3.232278864235685 -0.49572155856568434 -2.7486215404102166 -1.523672949917629 0.0 0.0 
l 1.671257997963574 3.345265912044828 -0.4540442596430501 -2.5850187468883967 -1.468669546284478 0.0 0.0 
l 1.697638214739478 3.39650197204189 -0.4551307856575137 -2.5134305826493115 -1.4046300683213924 0.0 0.0 
l 1.7027437464240853 3.414755967944182 -0.44239745474851194 -2.4512442774768775 -1.37368247550694 0.0 0.0 
l 1.6693668686158498 3.34336041692607 -0.4503233357739787 -2.3281519070611254 -1.293876679978323 0.0 0.0 
l 1.5966266941276108 3.1884146057152454 -0.5039109837716972 -4.540790772736442 2.276024664483205 0.0 0.0 
l -1.5961116569107856 3.0988650779166838 -0.5347001299677376 -1.1689119851603786 2.3791094101773695 0.0 0.0 
l -1.6226204334089815 3.059817976734433 -0.5642573141981732 -1.021056852120924 2.6601774185408154 0.0 0.0 
l -1.6381241148316157 3.0344013699025063 -0.5597838453431104 -0.904086591266408 2.603699027154102 0.0 0.0 
l -1.657643495812032 3.011343548913023 -0.5866221720532749 -0.8768142837255117 2.620295063812967 0.0 0.0 
l -1.6612315779013278 3.0089306583305975 -0.5968664994043811 -0.8432553312562754 2.6931277267122784 0.0 0.0 
l -1.6867896711902304 2.9770225378586277 -0.61179974710567 -0.8057749665908549 2.758296268854161 0.0 0.0 
l -1.7006382850652069 2.9616177358890967 -0.6224908489693073 -0.7792818065465048 2.8285241078989274 0.0 0.0 
l -1.6998150003781292 2.9647451005900733 -0.6279361669949747 -0.7801217788695356 2.7949998803661757 0.0 0.0 
l -1.7262029693092498 2.937708963793187 -0.648443250470252 -0.7582970681949757 2.7763477579666844 0.0 0.0 
l -1.7297340051297312 2.92855923328223 -0.637715288609712 -0.7663808699611097 2.8248203834203824 0.0 0.0 
l -1.7231527160717268 2.9352594965347643 -0.6329067418055725 -0.7366876237586086 2.7997078241992828 0.0 0.0 
l -1.6702244128948789 3.003291165691435 -0.6218440039348903 -0.9183587415199572 2.6797189968085124 0.0 0.0 
l -1.6155637744624798 3.078054487242044 -0.6134708217632109 -0.8481487482288206 2.852766637218221 0.0 0.0 
l -1.6307724568093986 3.0595964765380153 -0.6310255533140006 -0.8887973576803521 2.800291992994559 0.0 0.0 
l -1.6028269556694648 3.0968940685940756 -0.6216211635602763 -1.0730811049432127 2.6446420581896404 0.0 0.0 
l -1.6477948469678916 3.034232880391923 -0.6212901453391714 -0.9778692212596869 2.7437613978682536 0.0 0.0 
l -1.6672286344737755 3.0063026994653654 -0.6178262940335348 -1.012255721171657 2.6142625602585454 0.0 0.0 
l -1.6998061051447366 2.9589596839604804 -0.6123470221302817 -0.9216502847998449 2.6769552205908247 0.0 0.0 
l -1.7318708763148178 2.9121219780268977 -0.6077679890523949 -0.8877187357394603 2.702942373845262 0.0 0.0 
l -1.748577340807238 2.8867401669255246 -0.6037777518567627 -0.8910021154518584 2.645357413304721 0.0 0.0 
l -1.8280911859991555 2.761803722708403 -0.5828076757523393 -0.6878352556348011 2.6850344007968543 0.0 0.0 
l -1.693233046293592 2.9534752854886546 -0.5738334913718132 -0.9980253481554975 2.596972746440395 0.0 0.0 
l -1.6059894742003742 3.0887521117114787 -0.5873194530038293 -1.3087195669553398 2.540508350637987 0.0 0.0 
l -1.5981508084263178 3.103730261706134 -0.625540057286271 -1.3282905475378086 2.6095754865395344 0.0 0.0 
l -1.7069478870026615 2.952857781797273 -0.6222043218215592 -1.101345946943659 2.646642802493119 0.0 0.0 
l -1.7096325806646204 2.963743262937623 -0.6608032049910276 -1.1744621681581917 2.6211321164780355 0.0 0.0 
l -1.834836775859144 2.859317084843681 -0.750316124345031 -0.8445790169816876 2.8010864810352087 0.0 0.0 
l -2.032281774479543 2.731056415420073 -0.8518169206465914 -0.5345901597101561 2.952607414524606 0.0 0.0 
l -2.1428993457942753 2.685446615117094 -0.9196829910702844 -0.4489545361413471 3.089103394294562 0.0 0.0 
l -2.2829530085713543 2.6537764127623533 -1.0197013942701485 -0.0492909089593489 3.3305910054365713 0.0 0.0 
l -2.4546669252308044 2.5549046526378936 -1.0716218126373396 0.2618745467140265 3.4058500037335575 0.0 0.0 
l -2.525773116887826 2.5245144614286295 -1.10550277867092 0.40285797964153264 3.416638841651152 0.0 0.0 
l -2.616670616201581 2.4860153922483352 -1.151803778636167 0.6270002786237605 3.4641162829111387 0.0 0.0 
l -2.449532110498148 2.507442328399368 -1.0233630202450448 0.4556849370120462 3.3238912440687427 0.0 0.0 
l -2.291510846528792 2.624256318983465 -0.9959321059421211 0.3274154979307647 3.3556992812768924 0.0 0.0 
l -2.360945298270475 2.6649812173488514 -1.0980475413747328 0.4361935514306295 3.4807575106838105 0.0 0.0 
l -2.4200321429095903 2.664273102560087 -1.1437449393657115 3.696022455791958 3.522467520280471 0.0 0.0 
l -2.4906118858472923 2.6468075474801003 -1.18083970956611 0.5840731952888691 3.5676834831955984 0.0 0.0 
l -2.426858759572461 2.6939573464481317 -1.1760074116336918 0.5382192955853395 3.556517370329434 0.0 0.0 
l -2.458650422276853 2.671298206025395 -1.1786624028075694 0.5773878924883415 3.526859133072966 0.0 0.0 
l -2.4735324364307494 2.6555712714895336 -1.175829180193561 0.5831993423750081 3.56164343744591 0.0 0.0 
l -2.50845683994413 2.6402869819827584 -1.1884015806560206 0.6217024252094623 3.6387177879236354 0.0 0.0 
l -2.5115863795457978 2.6459212492238717 -1.1952704339302735 0.6196014780128849 3.6401631542163972 0.0 0.0 
l -2.5069952701355698 2.6520974106490387 -1.197038685579465 0.6156138412915899 3.6301325851546675 0.0 0.0 
l -2.5360983019572823 2.6389379319929676 -1.2071614947548173 3.8229661446285643 3.6544666910341816 0.0 0.0 
l -2.5492221831177506 2.625894188605356 -1.2063424559065974 3.821928156907455 3.6237857082988363 0.0 0.0 
l -2.5600722859514757 2.603024931637637 -1.1965533427982913 0.6887727626224587 3.523535727901168 0.0 0.0 
l -2.5733086247369528 2.591416596712567 -1.1975061269718457 3.858940260378936 3.618566370652038 0.0 0.0 
l -2.573360510987131 2.596691578956887 -1.2015569902413876 3.852763550273619 3.629907388230265 0.0 0.0 
l -2.5980709152684263 2.5934779985062897 -1.2173938956135135 3.8797567199110237 3.623353795959789 0.0 0.0 
l -2.6048009648228803 2.597262732391315 -1.2250475028847072 3.9060841870077025 3.6376444525564278 0.0 0.0 
l -2.6249441129532687 2.592101333643367 -1.235975764125815 0.7250616765188755 3.685088605758513 0.0 0.0 
l -2.6226452200183505 2.588814431518839 -1.2320105502740701 3.8939604597558652 3.590253216258481 0.0 0.0 
l -2.6223508899870933 2.5816450031841507 -1.2267511711959507 3.925483189530463 3.64361160757134 0.0 0.0 
l -2.6246026938971374 2.572222941994432 -1.2217648524400684 3.9171832178839248 3.621447832284658 0.0 0.0 
l -2.6102811794245855 2.563985500371864 -1.205010643144604 4.035023988912256 3.4210568948785696 0.0 0.0 
l -2.594914689928502 2.5661964669127157 -1.19486167478138 4.004809395398686 3.376347082382385 0.0 0.0 
l -2.599755288502053 2.5387348890163572 -1.177995583757979 4.034679128951342 3.283862133845033 0.0 0.0 
l -2.4962420849983773 2.5024995728277886 -1.0606873382752404 4.029610292352514 3.1851535989495 0.0 0.0 
l -2.3696445208794565 2.4632555206195406 -0.9055646530501084 0.440648119113684 3.3005318231895737 0.0 0.0 
l -2.223763011912064 2.5161173225285975 -0.8140962242604591 0.16406583739734454 3.202055743036727 0.0 0.0 
l -2.0256092063450604 2.509824552028759 -0.5890620308109918 -0.33166641246078593 2.5439710886002063 0.0 0.0 
l -1.9826034841340827 2.473948561050257 -0.5059022976927963 -0.5322403800005284 2.3717706248684536 0.0 0.0 
l -1.9203553461884655 2.4714828963725006 -0.43114887504478305 -0.7195052084367619 2.3237485443272794 0.0 0.0 
l -1.898928438839474 2.438260169303872 -0.3817649961744513 -0.8249736049755461 2.255295110368749 0.0 0.0 
l -1.9051324234242242 2.3138266207896847 -0.3089061915843316 -0.7379144464894456 2.2039546357613813 0.0 0.0 
l -1.8965658020410345 2.277412886463294 -0.28075445374122227 -0.8318616443522995 2.228567589205948 0.0 0.0 
l -1.8931953813311684 2.292188771027477 -0.28577015706850734 -0.7776963340250378 2.227021653932702 0.0 0.0 
l -1.9046471297981697 2.3099910114311686 -0.3062320607612994 -0.7710585024505174 2.2442254155569663 0.0 0.0 
l -1.9076438865779415 2.3008616658632484 -0.3037372578223068 -0.759849398662187 2.244384909184062 0.0 0.0 
l -1.9083765915814097 2.2958065348957053 -0.3015092974639238 -0.7117704446151547 2.226389434238469 0.0 0.0 
l -1.8946371835658289 2.310851642893046 -0.29742712277166744 -0.7286835737418227 2.2286812894125965 0.0 0.0 
l -1.8947367579226866 2.2844991028775468 -0.28296864277031514 -0.8235949459103331 2.1932788583675933 0.0 0.0 
l -1.8855577049932408 2.287320532199275 -0.27631096794354304 -0.8105661057602109 2.2296998862879893 0.0 0.0 
l -1.8280672563926508 2.3491623711056455 -0.25383118372844854 -1.0253193153303681 2.157487586441723 0.0 0.0 
l -1.838832507388633 2.337583439773794 -0.2586792506504054 -1.0133898847440632 2.1731148339364306 0.0 0.0 
l -1.8312528263509806 2.366502495392474 -0.26563292662913157 -1.0728956408617683 2.1840855885315213 0.0 0.0 
l -1.8464623669582976 2.3554737975610234 -0.2752887567915267 -1.0010958207872394 2.215857914029228 0.0 0.0 
l -1.8350224742196826 2.3735912836376825 -0.27313203045859585 -1.0790868754396123 2.2046237154697033 0.0 0.0 
l -1.819749396764511 2.3491849894322954 -0.24562587205841302 -1.1490361991611362 2.14774147261992 0.0 0.0 
l -1.836992641603548 2.2951359245867975 -0.23672592634259315 -1.1573917967818599 2.1348595613853933 0.0 0.0 
l -1.864869431911059 2.2302194311769066 -0.23059082945063797 -1.113929678652877 2.119514798019036 0.0 0.0 
l -1.9065316102194658 2.1130590335045785 -0.2072250371806376 -1.0708231767456453 2.076861393018224 0.0 0.0 
l -2.0022513148914647 1.9922656067710662 -0.20354787485336492 -0.8366349458504205 2.105254412739167 0.0 0.0 
l -1.9747088076696047 2.0308166612884384 -0.20868868504926094 -0.8990209538629494 2.097754543998532 0.0 0.0 
l -1.956187066330039 2.0585850579474516 -0.21199826204301964 -0.9383191376764812 2.1048582531559106 0.0 0.0 
l -1.9376520027314645 2.1110452002117848 -0.22650615077743583 -0.9570325892558138 2.1205868589549843 0.0 0.0 
l -1.9528554296326495 2.1638835898569173 -0.2644846170047754 -0.8917904005856225 2.197148999485214 0.0 0.0 
l -1.9485817929947766 2.180058961647647 -0.27015835875615646 -0.9007885740735242 2.1836461756668575 0.0 0.0 
l -1.9610310639703261 2.1834571601049038 -0.2814436452929393 -0.8633567316260569 2.1771300344277145 0.0 0.0 
l -1.9764798194641393 2.2009553431595474 -0.3035824408384371 -0.8157719441323037 2.223573469649583 0.0 0.0 
l -1.970457193807475 2.2078008406103002 -0.3029105454109481 -0.8719638496402833 2.223333639165133 0.0 0.0 
l -1.9875079755904916 2.189303888262806 -0.30516473215415396 -1.0657460317494283 2.2090969481925606 0.0 0.0 
l -1.9672190939733025 2.210466086095034 -0.301917512356486 -0.8755983351239702 2.187992016867251 0.0 0.0 
l -2.00190375374291 2.175950669255066 -0.3080418343770891 -0.8429837583048674 2.176699195239867 0.0 0.0 
l -2.1857061633160395 2.0141856484903324 -0.32362627071806227 -0.3552004235722059 2.179155727563683 0.0 0.0 
l -2.114698192987592 2.063806791058026 -0.3141474321062211 -0.49038193868095287 2.221859467276741 0.0 0.0 
l -2.0656704775891295 2.1125513943965295 -0.3140331259907291 -0.6344370470873517 2.201512297517145 0.0 0.0 
l -2.0334271129603643 2.1442062912857724 -0.31158371453097583 -0.7855503181949015 2.1468349834128744 0.0 0.0 
l -2.012417010961159 2.167703210187094 -0.3108741570101078 -0.98088608112443 2.1930336055052275 0.0 0.0 
l -2.008292807429556 2.181176957979698 -0.31619099377012977 -1.1609702421168795 2.00776335496968 0.0 0.0 
l -1.9926103212408255 2.225092258330095 -0.33149279434839213 1.5776345198623551 -1.2897662801497647 0.0 0.0 
l -1.9898684042946941 2.2425028888378935 -0.3403729999591087 1.3171831660235853 -1.3878824937685579 0.0 0.0 
l -1.980841609350952 2.2598923204942865 -0.3438735436607956 1.041513312392897 -1.526104084511189 0.0 0.0 
l -1.932964593445664 2.3437691575575146 -0.3540104385712069 0.9283511620695957 -1.5883143470469232 0.0 0.0 
l -1.8985137698572965 2.4094948650718573 -0.36165809360175133 0.6458389578301811 -1.759683465339615 0.0 0.0 
l -1.8450985741307604 2.5432020213713598 -0.3914393024936898 0.5192169547894647 -1.7767321429324694 0.0 0.0 
l -1.8396438195486102 2.6633350841978953 -0.4885125490759374 0.17314082252403878 -2.0164132075291388 0.0 0.0 
l -1.8370862373485328 2.6303466641904683 -0.45256386160195367 0.020681929251887665 -2.136651665977136 0.0 0.0 
l -1.8061387449181479 2.6870733755287803 -0.45619577698104763 3.0409795533759363 -2.200637573650123 0.0 0.0 
l -1.671440519603744 2.936942629259582 -0.45282650894251253 2.908999205980684 -2.2575242327896854 0.0 0.0 
l 1.5790167769985508 3.1590996195377783 -0.43896414480453994 -3.431418924063559 -2.305681275148996 0.0 0.0 
l -1.6897113309384637 2.854812189930514 -0.38492637267285895 2.8148471845854126 -2.337784821573323 0.0 0.0 
l -1.6985344894008187 2.9283260369674986 -0.5353163380528643 2.741669068900115 -2.1636521962764697 0.0 0.0 
l -1.691191950751046 2.965507761698492 -0.5971379862182178 2.694079312558815 -2.087459457686392 0.0 0.0 
l -1.6844957444298638 2.985690409259195 -0.6283002216590942 2.6596290842049104 -2.0481829986716775 0.0 0.0 
l -1.6715053511458673 3.008535189986633 -0.6466716581897864 2.598017063810785 -2.0167972763721975 0.0 0.0 
l -1.6596408823756614 3.0265782778015 -0.6568598432266052 2.576596630777669 -2.0060214918509636 0.0 0.0 
l -1.648793749685824 3.0385701793006974 -0.6472947593966272 2.476573089141105 -1.9876471977508336 0.0 0.0 
l -1.6492140402959616 3.0389513681975644 -0.651691765173529 2.5498581210612223 -2.0183797657724236 0.0 0.0 
l -1.6611564728633375 3.0241346913447114 -0.6548260681545954 2.623890270687621 -2.0518380620826937 0.0 0.0 
l -1.65915950370763 3.02570226503793 -0.6505275973263298 2.6098665464477664 -2.0632654373116646 0.0 0.0 
l 1.578402207053976 3.1505808424223747 -0.7022849109652068 -0.5592024260458657 -2.0608445810486677 0.0 0.0 
l 1.5887677691196145 3.1670687047799078 -0.6143063989102225 -0.5467674354486598 -2.176465801040127 0.0 0.0 
l 1.5825233666837943 3.1604368905950877 -0.5566332219212519 -0.5331325740618045 -2.255704096041136 0.0 0.0 
l 1.5726251890895517 3.1447696332501045 -0.5223296894330254 -0.5202794169714924 -2.30117657783869 0.0 0.0 
l 1.5876766490727519 3.17382092904504 -0.48238187654030146 -0.5528810056856086 -2.3033224147855176 0.0 0.0 
l 1.5980614322225193 3.195376360896493 -0.4688949570760716 -0.5743251819237909 -2.2875320339058556 0.0 0.0 
l 1.6033945466288566 3.2072183805997136 -0.460596368567012 -0.6054013931396398 -2.2572339403138004 0.0 0.0 
l 1.5944776672996688 3.1894106450276847 -0.45960277606582334 -0.5868753472003496 -2.248176707261816 0.0 0.0 
l 1.5839083683225152 3.1677923157097734 -0.46395173489047353 -0.5551707118368236 -2.2367921106157316 0.0 0.0 
l 1.5744769804925522 3.1490265438437883 -0.4597289467807693 -0.5515178030297052 -2.2072359088648397 0.0 0.0 
l 1.5719253195759113 3.143879741958281 -0.45854421185900124 -0.5349053027068582 -2.1940147556839085 0.0 0.0 
l 1.5717364181535658 3.143495829966169 -0.45880288758031396 -0.5095092983618554 -2.192884584375362 0.0 0.0 
l -1.574035068661658 3.13520256346067 -0.4690991243764079 2.6521042773195354 -2.1833998435962947 0.0 0.0 
l -1.5782315792326267 3.127019184237631 -0.4717459057100692 2.597198147483345 -2.1549482269215363 0.0 0.0 
l -1.597760884720996 3.090851195806424 -0.48820397613619093 2.6167039006467574 -2.134466550705398 0.0 0.0 
l -1.6009941782259867 3.0857890011008395 -0.49571163574900035 2.648312038019081 -2.094995030916877 0.0 0.0 
l -1.6114520436290696 3.066107549427093 -0.493479263736219 2.6173364686063274 -2.0235064927924986 0.0 0.0 
l -1.6245882961141243 3.040033666318659 -0.48606935367783066 2.68202475699381 -1.9478029324741248 0.0 0.0 
l -1.6264558533008244 3.038882117863133 -0.495565239917681 2.812978206325046 -1.8371633358723325 0.0 0.0 
l -1.6373596154061743 3.0267100100479656 -0.5238645613146705 2.879633553286096 -1.6752721918611817 0.0 0.0 
l -1.6330684841548675 3.0384288345965595 -0.54207943010641 2.8085807213365204 -1.5035483511086805 0.0 0.0 
l -1.6050722663569779 3.086075202760321 -0.552824058664202 -0.18243026939867807 -1.3759348226846777 0.0 0.0 
l -1.5756549054322029 3.1338961112953494 -0.5630883812524062 0.14558204895021137 -1.2323818913270768 0.0 0.0 
l -1.5871007464519267 3.1189368448356936 -0.623758248644157 0.8339423969691884 -1.018549448289614 0.0 0.0 
l -1.6020519342282975 3.100565035379309 -0.6509087106933722 -1.6108215111773938 2.2622059470485665 0.0 0.0 
l -1.6105112001786221 3.0923854117978027 -0.6789140201875438 -1.2016574523917019 2.356916344673508 0.0 0.0 
l -1.640878593656138 3.0607252990079914 -0.7138018236165347 -1.0178725730352207 2.4824866470037503 0.0 0.0 
l -1.6405634203082984 3.0593009083390323 -0.7029025650746026 -0.8607370073965765 2.561043866446573 0.0 0.0 
l -1.661686463464297 3.030829749470777 -0.6865079283989626 -0.7830215083224057 2.594875967024104 0.0 0.0 
l -1.692382993524343 2.9934844107411562 -0.6861950503407838 -0.7503771811895918 2.596199442739536 0.0 0.0 
l -1.715177654499309 2.965659273486961 -0.6855399322528298 -0.7464855374647708 2.59554490784834 0.0 0.0 
l -1.7302487592131381 2.9468268815503977 -0.6839592471882874 -0.7664657698011246 2.5930408176615805 0.0 0.0 
l -1.7450188406719522 2.929982131384373 -0.6863973051007626 -0.7181850237532035 2.6202524479562572 0.0 0.0 
l -1.7409337179158075 2.9310790724727642 -0.6771752529548895 -0.7585762769550155 2.624245422872221 0.0 0.0 
l -1.7456101281845107 2.9251489183889796 -0.676695591404593 -0.7328467238456671 2.67127607265164 0.0 0.0 
l -1.7591072615652488 2.9081349965587346 -0.6755968764409619 -0.7412209678314243 2.681563063444959 0.0 0.0 
l -1.7701178631262202 2.898875603473527 -0.6843326917126539 -0.7398384406503611 2.6911411596249777 0.0 0.0 
l -1.7913428634572472 2.883286517603244 -0.7036497513757516 -0.6867755815743697 2.667078884565557 0.0 0.0 
l -1.8514809568824244 2.8501255571548834 -0.7654868419249541 -0.6476594436473306 2.6969032642400457 0.0 0.0 
l -1.9226986767119743 2.8302724845964407 -0.8512015363777063 -0.5257602824289611 2.8329725795106038 0.0 0.0 
l -1.9452212022528852 2.8353949093552515 -0.8933146301777511 -0.4859671571369392 2.867247471754862 0.0 0.0 
l -1.9751550606065131 2.8387190703346334 -0.9400799143141176 -0.4866013586941859 2.914090589993107 0.0 0.0 
l -2.0540846897184926 2.8268652332867714 -1.0155619607485191 -0.3806533692942315 3.024971938683314 0.0 0.0 
l -2.0843825443498485 2.8387919475364978 -1.065010394699906 -0.2213054013603381 3.111785351040187 0.0 0.0 
l -2.1465446452533072 2.8493163201220053 -1.1367325069423733 -0.08564282946214935 3.2357811984257028 0.0 0.0 
l -2.2489452944936925 2.823870693928106 -1.183224696313552 0.05395466829657397 3.3043856638481612 0.0 0.0 
l -2.3575404806897775 2.804153330526977 -1.234197099485343 0.21680623273273453 3.4052022893964646 0.0 0.0 
l -2.2674752528313356 2.9221462549527586 -1.3102634817870422 0.13946242218374555 3.5088020487720057 0.0 0.0 
l -2.21731579934215 2.9466159594779664 -1.3148693601947894 0.08515735960627785 3.543715731254939 0.0 0.0 
l -1.8732563491754362 3.0689697256965442 -1.3417376366730633 -0.20683408224115357 3.61141793435463 0.0 0.0 
l -1.7122019278968754 3.110963889943521 -1.3588061876653736 -0.3219916459395486 3.64225749701565 0.0 0.0 
l -1.5799298704931561 3.139634426635644 -1.3595996697070245 -0.4218376707319435 3.6372378728187638 0.0 0.0 
l 1.6182415275444306 3.1515859865373703 -1.3633464709777532 -3.594675334165709 3.639936773826242 0.0 0.0 
l 1.6274736707355144 3.1537179264384663 -1.3602473371708852 -3.562675318875873 3.6273307381708766 0.0 0.0 
l 1.6026702601397207 3.148523699168292 -1.3567448332860057 -3.5571518233044035 3.615531814740729 0.0 0.0 
l 1.6497058854984168 3.159629003808383 -1.3465141865740444 -3.616749109441301 3.60210005742391 0.0 0.0 
l 1.7269871064727822 3.1793700359969543 -1.3352408776127163 -3.67544516723246 3.573491526263692 0.0 0.0 
l 1.7692744870955492 3.1904672687684386 -1.3322292918536731 -3.7098009280175477 3.5644113613575445 0.0 0.0 
l 1.7731365781584991 3.192093202533879 -1.3292310383974453 -3.7207005492112977 3.5597415552656693 0.0 0.0 
l 1.783373105733091 3.195115563150458 -1.3274987839059742 -3.731712037632704 3.5570153085021676 0.0 0.0 
l 1.790601769623934 3.197173780085761 -1.3267250861658009 -3.7266126790611995 3.5408941334519217 0.0 0.0 
l 1.7752481484039555 3.192538967996413 -1.3296651079833557 -3.6858646511712836 3.5268261910138516 0.0 0.0 
l 1.7897730465237622 3.2002141710713925 -1.3129506153495811 -3.7072671608317185 3.512933359186307 0.0 0.0 
l 1.787978152399761 3.2063070345072933 -1.2851443802027982 -3.737847705311206 3.4801807719910993 0.0 0.0 
l 1.7991704311243186 3.214778983521391 -1.265235738253572 -3.743842134335108 3.4670239849086553 0.0 0.0 
l 1.8001593370527138 3.2218614979336406 -1.2389885666324587 -3.766113899537072 3.433828060787905 0.0 0.0 
l 1.853172815940906 3.25053807523323 -1.210273865695021 -3.840789041153787 3.416197626507935 0.0 0.0 
l 1.83966162955189 3.2574097459016484 -1.171281075910624 -3.855028667299489 3.373632493915718 0.0 0.0 
l 1.7749238734005701 3.2339099186850375 -1.150252450239461 -3.764161896517736 3.3083162120850664 0.0 0.0 
l 1.7478715247344558 3.230537373288846 -1.1084671513353883 -3.715844480225084 3.212251510306866 0.0 0.0 
l 1.7540082567987594 3.2483601187050337 -1.046396807889068 -3.771197044263849 3.1044850748000306 0.0 0.0 
l 1.6982032258262396 3.224402695611159 -0.995880348446808 -3.668192285804852 3.0349656334490343 0.0 0.0 
l 1.639229802378841 3.192635478354779 -0.9302728496933523 -3.557710330336327 2.92338742601578 0.0 0.0 
l 1.665544753199926 3.228252298402615 -0.8302020485391136 -3.6545752271686482 2.7664899124165108 0.0 0.0 
l 1.6768241766120437 3.2533454569091282 -0.7589078486317217 -3.583752540526399 2.68857206340871 0.0 0.0 
l 1.7120204768779606 3.3189424369651994 -0.6705913028333508 -3.722966058069062 2.5854821917222273 0.0 0.0 
l 1.7289571999936626 3.3711536314394515 -0.598902222890337 -3.78187173739067 2.483543923290028 0.0 0.0 
l 1.702594599395339 3.3525797383189806 -0.5542483868736405 -3.866270803283591 2.404299576572317 0.0 0.0 
l 1.7185989880518426 3.3938875006753624 -0.5237574911761129 -4.0152705451860164 2.357043731826791 0.0 0.0 
l 1.7386246682139908 3.4112596376133855 -0.5498946528472799 -4.064455129429711 2.4149135420104773 0.0 0.0 
l 1.7329837550696623 3.420611396833648 -0.518921917381321 -4.103489318734731 2.3730138041657733 0.0 0.0 
l 1.737121770481639 3.4424214075413704 -0.49599210450038017 -4.175733931499535 2.341124174849019 0.0 0.0 
l 1.7551537303123501 3.4877859043486903 -0.4771162836361225 -4.210482305823672 2.31239784241867 0.0 0.0 
l 1.758091175953308 3.474165238297368 -0.5018314667277564 -4.314433664644173 2.3483785922802554 0.0 0.0 
l 1.7487455568962764 3.4475701134644665 -0.5175662458303496 -4.343511630994434 2.3755701962573115 0.0 0.0 
l 1.740613934211702 3.4258937379374554 -0.530647433611606 -4.333916104466236 2.3989397657563285 0.0 0.0 
l 1.7367071485632422 3.414962894782553 -0.5383613400506652 -4.333365391861228 2.413969757486837 0.0 0.0 
l 1.7240268227382922 3.3913996256772174 -0.5443278626001412 -4.318545857014518 2.4207503772175976 0.0 0.0 
l 1.699155748542848 3.353535477852208 -0.5402979421664087 -4.278228172459114 2.42612425556901 0.0 0.0 
l 1.7053857424496004 3.363043962654299 -0.5414695791178731 -4.254792990067789 2.4323727912559403 0.0 0.0 
l 1.719897517382558 3.383488698260849 -0.5468900074737013 -4.280894425482688 2.4367858767392443 0.0 0.0 
l 1.7067183116551297 3.363188834072901 -0.5455849713523946 -4.2641268466034665 2.4342562361169087 0.0 0.0 
l 1.7170668719310727 3.413817574632389 -0.48559666696894016 -4.333379904408292 2.3003895790353504 0.0 0.0 
l 1.7044128609628284 3.383559116637028 -0.49871628759401326 -4.311358442140558 2.290678320746077 0.0 0.0 
l 1.7236710270882944 3.439947246204504 -0.46445295123295194 -4.606385679370506 2.1609427498838687 0.0 0.0 
l 1.7464053807440694 3.4926287585034235 -0.4511960557778789 -5.034077996597786 2.055487665701339 0.0 0.0 
l 1.7955333503994164 3.5877765048382675 -0.4457978321770199 -2.4534784509170597 -1.2145035670635163 0.0 0.0 
l 1.8477392326995319 3.6707810360347546 -0.45241445183488804 -2.905454353269325 -1.3642969773555849 0.0 0.0 
l 1.8244749964276397 3.5880117308716164 -0.49641865812501074 -3.005802573644002 -1.4341878885221409 0.0 0.0 
l 1.8324438491916604 3.5553930867511734 -0.54757508218687 -3.2167600915975862 -1.530097504427375 0.0 0.0 
l 1.821225082023895 3.5238466507158437 -0.5666624011769008 -3.3835676957331042 -1.6590364493953949 0.0 0.0 
l 1.79747242467635 3.491448295849034 -0.5637059549173828 -3.566221916595846 -1.7732484449453143 0.0 0.0 
l 1.7898295212552793 3.4913372767174664 -0.5479670299748635 -0.5454002037189098 -1.8927298067479201 0.0 0.0 
l 1.782614576588288 3.4909507662440635 -0.533250526696184 -0.5950838282262403 -1.9956537376561172 0.0 0.0 
l 1.7760372477074577 3.4876851711620924 -0.5235484931115819 -0.6533257241905106 -2.060907369318521 0.0 0.0 
l 1.7914065442128133 3.522175487384664 -0.5108888987259861 -0.705432032786131 -2.1154216966133377 0.0 0.0 
l 1.8011201639446126 3.5359969473794375 -0.5130559381232956 -0.7740432610519086 -2.1579891109030798 0.0 0.0 
l 1.8129935539003295 3.566713012395119 -0.4995239711189966 -0.7852794769115428 -2.20132458349939 0.0 0.0 
l 1.8269864201520276 3.5986249578760474 -0.48944294827232293 -0.8162497584760751 -2.2173205679827506 0.0 0.0 
l 1.832119178738581 3.6156699468222033 -0.4804752123922563 -0.8537142999592886 -2.2200096021626075 0.0 0.0 
l 1.838245681208146 3.6358852175516696 -0.4703890159031953 -0.8639342544553352 -2.2340173782733963 0.0 0.0 
l 1.8394050131233906 3.6302485051590163 -0.47773529990526675 -0.8657590315804948 -2.267212718572084 0.0 0.0 
l 1.8412805178967275 3.6163280131901625 -0.49476141934642376 -0.8778764720094767 -2.279605357191313 0.0 0.0 
l 1.8448707693364317 3.621928907731778 -0.4948196012356698 -0.8478289001741497 -2.309599095622025 0.0 0.0 
l 1.8494055944914847 3.630901447781739 -0.4929481037498787 -0.8372792277515455 -2.3264239687225166 0.0 0.0 
l 1.8622896589292635 3.6571824095241645 -0.4869148415211531 -0.8409911784351267 -2.330786590921155 0.0 0.0 
l 1.864116296371043 3.6485807234063663 -0.49806994284671136 -0.8719253344568383 -2.3119668581060937 0.0 0.0 
l 1.8624669880590412 3.6405271484889465 -0.5035857572860604 -0.8802131122169958 -2.3005870931479535 0.0 0.0 
l 1.856093243020457 3.6289429586403776 -0.5054525693239575 -0.872377648214854 -2.2970011504621866 0.0 0.0 
l 1.8483786841705447 3.617873891214976 -0.5046232697876696 -0.8668091909325304 -2.2994163938279337 0.0 0.0 
l 1.8303959258908051 3.6047089019641643 -0.4888345724610015 -0.8568674750634779 -2.286083829862655 0.0 0.0 
l 1.831065929782163 3.618003334479722 -0.47640338197389265 -0.8380060523640311 -2.282062121050683 0.0 0.0 
l 1.8373153262719955 3.6365382071876193 -0.468283794165945 -0.8537777507268598 -2.267691714110932 0.0 0.0 
l 1.8392594225680217 3.6437324013989483 -0.4644663361278136 -0.8812005076233793 -2.2433840532866327 0.0 0.0 
l 1.8344545084196133 3.628736162285906 -0.47129029977461795 -0.8674923481989922 -2.2316057282477484 0.0 0.0 
l 1.8206207979178775 3.6063420425067534 -0.4707480942546721 -0.8501320549808475 -2.2249451908508195 0.0 0.0 
l 1.811525213829572 3.5956971031790776 -0.46598149326252747 -0.8303556628012512 -2.22595289716118 0.0 0.0 
l 1.805197692656244 3.5799893226012482 -0.471092295245658 -0.7957718553216331 -2.229467958630231 0.0 0.0 
l 1.7910033093667153 3.5599104069439784 -0.46644844950106457 -0.7975421575072585 -2.198008900801969 0.0 0.0 
l 1.7857106304672896 3.5453730905265863 -0.4723296208228419 -0.844641729551387 -2.1547077898117477 0.0 0.0 
l 1.7646860214439433 3.4972028995626676 -0.4863380280817712 -0.8171039975244374 -2.105782508036856 0.0 0.0 
l 1.7504311377799662 3.45132863948229 -0.5161124420948111 -0.7533909932885106 -2.0632121636818233 0.0 0.0 
l 1.7464821500006236 3.4389576299117963 -0.525032116787368 -0.7598021300785827 -1.9659537757329368 0.0 0.0 
l 1.743820374994936 3.4234903072243235 -0.5429687037320677 -0.7715337768451627 -1.8650481392169462 0.0 0.0 
l 1.7418479272534204 3.4175571718173146 -0.54772349797972 -0.7372518319943404 -1.7929345655644933 0.0 0.0 
l 1.7487749202080791 3.421601067356597 -0.5589863398615943 -0.7123814679200231 -1.6768583599388358 0.0 0.0 
l 1.7614477109118165 3.4346855855525606 -0.5689686543422448 -0.6421757117749609 -1.5286471526493144 0.0 0.0 
l 1.8046642081349438 3.487418127390976 -0.5841957090833854 -0.6121783976634618 -1.4295881821188334 0.0 0.0 
l 1.8555349597108364 3.5354938624168764 -0.6135558563717537 -3.597108225599575 -1.3565198758918693 0.0 0.0 
l 1.8738881224654436 3.544468549733482 -0.6330383374683557 -3.465230504942214 -1.2238302106751844 0.0 0.0 
l 1.879138074343969 3.5317840915943655 -0.6589439672892805 -3.27600665508007 -1.103330589605108 0.0 0.0 
l 1.8712917688228745 3.4945907677541364 -0.6992930518815952 -2.5019453786179664 -0.9282083531345091 0.0 0.0 
l 1.8305467513951152 3.428239299497391 -0.7336884427623397 -4.946193499738804 2.3614262445655214 0.0 0.0 
l 1.8049747572025785 3.3848441038241877 -0.7656554939713808 -4.616160828984801 2.473724079532243 0.0 0.0 
l 1.8169842487579768 3.3812607350011326 -0.7993593042727501 -4.544532339776463 2.565890604823169 0.0 0.0 
l 1.8049751602761483 3.3516464718284187 -0.8414692298275371 -4.4690370789440665 2.6380059368130753 0.0 0.0 
l 1.783834595111584 3.3193429667318046 -0.8777547714676921 -4.2393574982230176 2.72618706704457 0.0 0.0 
l 1.7717415704083022 3.3036358687130134 -0.8944973201716379 -4.142652694341793 2.774447072114642 0.0 0.0 
l 1.7706132436180997 3.304630242123202 -0.8886265579300753 -4.108778958267682 2.786312231126787 0.0 0.0 
l 1.8549511051401546 3.433485071780652 -0.7711942833080216 -4.433149601849874 2.6247170202869654 0.0 0.0 
l 1.869185952597276 3.496629674159478 -0.6925321414411356 -4.649032529148278 2.4732851186924396 0.0 0.0 
l 1.8083671375690633 3.402909065742618 -0.7358131018742545 -4.587293043476136 2.5106143174602904 0.0 0.0 
l 1.7698362063687616 3.3420256705761355 -0.7818162309250758 -4.509504493331438 2.5823865309273026 0.0 0.0 
l 1.7511586910722539 3.312282006870411 -0.8135188846713941 -4.3632091845745276 2.6566124190545994 0.0 0.0 
l 1.7033910689860372 3.260235649057157 -0.8414581241713008 -4.20516139649418 2.701447623585125 0.0 0.0 
l 1.6683133661199878 3.2255159990700664 -0.8605874812768655 -4.112349975344263 2.744856229312365 0.0 0.0 
l 1.6584737284129105 3.2153521299571515 -0.8717683759228078 -4.116901325514165 2.7581298640023433 0.0 0.0 
l 1.6251243021328896 3.1853246523303227 -0.8932059709798856 -4.068203391444811 2.786612995902609 0.0 0.0 
l 1.6133957864571993 3.1754748254907286 -0.8989955845464718 -4.038889400382355 2.8144246732675477 0.0 0.0 
l -1.5779515330756204 3.13603719906733 -0.9106021905312228 -0.77444390837042 2.8484843435513088 0.0 0.0 
l -1.645054432846868 3.0868664770830017 -0.9360869425389323 -0.6670490126986217 2.875908993889998 0.0 0.0 
l -1.7043406729025075 3.0530428037484536 -0.98682714798418 -0.5745537076784886 2.9404603682523693 0.0 0.0 
l -1.791900872922136 3.0065832762321127 -1.0272163214103145 -0.558395085691102 2.9685804060916863 0.0 0.0 
l -1.9665203035381886 2.9018668449234033 -1.0414161333777565 -0.3541166459241251 3.004208172039747 0.0 0.0 
l -2.077751761209742 2.8434336235175253 -1.0653748629144502 -0.2079040156460336 3.020453397561478 0.0 0.0 
l -2.167481301105375 2.80225927332352 -1.0915542652110362 -0.07113846861098544 3.056377553971985 0.0 0.0 
l -2.2461820792766867 2.75697211856243 -1.1029120525044513 0.02256043486345921 3.0888425354642295 0.0 0.0 
l -2.2719066318986796 2.753974246563194 -1.1203313213105495 0.07643259777832095 3.1210216887071245 0.0 0.0 
l -2.293943453785907 2.7410196368524575 -1.1234640579512212 0.10508040534233426 3.1222279957423487 0.0 0.0 
l -2.1001500430195263 2.875901780041624 -1.1354310407592143 -0.11340739361682023 3.1640228314551657 0.0 0.0 
l -2.1208651227053803 2.8858176131082716 -1.1676932473780242 -0.01395604850573634 3.2101526943657714 0.0 0.0 
l -1.845199131488219 3.035792404407612 -1.2100563468543923 -0.27060270807611925 3.2721969948972465 0.0 0.0 
l -1.733177726284186 3.063594190731103 -1.125652496790825 -0.3955745784009896 3.194490285532771 0.0 0.0 
l -1.7380680239654631 3.0592789566823644 -1.1163089243813493 -0.41199999128361803 3.1982740611763463 0.0 0.0 
l -1.787387804925272 3.0334458668200255 -1.1124386651136822 -0.32613763085153574 3.1897609675433536 0.0 0.0 
l -1.797104229937388 3.0257570238296028 -1.1028828420682728 -0.300961904671956 3.204972800610223 0.0 0.0 
l -1.7728651312770474 3.037719625225584 -1.1000829557234357 -0.3098710528158712 3.2423694078293126 0.0 0.0 
l -1.7510454054186577 3.0443972307647735 -1.0794942099844629 -0.298870080157374 3.2499432205010264 0.0 0.0 
l -1.7464780828778241 3.04463243314286 -1.0695385868298086 -0.27686043396328003 3.2411913549639415 0.0 0.0 
l -1.5848956145953008 3.134729438084253 -1.1178024921882168 -0.44622925191017665 3.25522566823936 0.0 0.0 
l -1.6731826104308563 3.085720985193675 -1.0722987782780862 -0.36423234213803973 3.1731610436180437 0.0 0.0 
l 1.595640007806142 3.1538813581471477 -1.111506822642196 -3.6402675761356296 3.195005934322176 0.0 0.0 
l 1.6224004271383394 3.166944928531903 -1.1144123666940557 -3.644808093455726 3.1574385100565405 0.0 0.0 
l 1.5945143126722139 3.153400412328176 -1.1089345996491073 -3.5821466872548338 3.141098849592567 0.0 0.0 
l 1.611329764006002 3.163496204930704 -1.0755293653617533 -3.5688086420515512 3.0430197938969514 0.0 0.0 
l -1.5844106020822677 3.133686245055855 -1.044673784568621 2.8984081854326913 2.960821211736056 0.0 0.0 
l 1.584854037497921 3.150731448786489 -0.9943743188440404 -0.30353836850168564 2.896588331906649 0.0 0.0 
l -1.593373472761437 3.1250148948166196 -0.937474933056582 2.955063131933956 2.7980613892058863 0.0 0.0 
l 1.60889348292714 3.1737071391836995 -0.8704709693742897 -3.581794710211282 2.6977196839144906 0.0 0.0 
l 1.5716054014517122 3.1423427158905484 -0.8232294930543941 -3.4764488810288783 2.5811621297572636 0.0 0.0 
l -1.5893309610616762 3.1226079691109265 -0.7734007652518233 -0.3826798737070562 2.4961689157519342 0.0 0.0 
l -1.5769720519979114 3.134442303690009 -0.7123893413382786 -0.6422935009690722 2.415531934751794 0.0 0.0 
l -1.584028399481063 3.124790449352424 -0.6670673799920824 -0.6699286487734348 2.3605624165323422 0.0 0.0 
l 1.6095886290220072 3.195398731120264 -0.6244382952650803 -3.962188923307937 2.313637567220794 0.0 0.0 
l 1.63607677513986 3.2383967781875054 -0.5925153834717951 -3.8532503130535223 2.2882590199322923 0.0 0.0 
l 1.6611766838487942 3.28047830145334 -0.5752006654314428 -3.9320874231347323 2.2747671098652242 0.0 0.0 
l 1.6680765568868496 3.2870697403676346 -0.5875938373938775 -3.7429097281562136 2.2880733721025273 0.0 0.0 
l 1.6804010667470777 3.3018242559098847 -0.5977946792087079 -3.870164302976515 2.3012803547524854 0.0 0.0 
l 1.6836186037593963 3.304217053828528 -0.6043660947264559 -3.9394023189240914 2.323754401804774 0.0 0.0 
l 1.702590405871254 3.328754272875339 -0.6107183155203673 -3.776686308683413 2.3507732610651315 0.0 0.0 
l 1.6955705640655914 3.3196032348935343 -0.6088035074222271 -3.7726234735730104 2.3612077352795757 0.0 0.0 
l 1.68940736363914 3.308310633065641 -0.6161864973431073 -3.8039404873007 2.381998815039783 0.0 0.0 
l 1.6859149395734074 3.3033982998535 -0.6163242994542384 -3.8435804095802193 2.387172324471905 0.0 0.0 
l 1.6828152964758019 3.298271677706111 -0.6187869650310822 -3.9297092969257585 2.3945998358539518 0.0 0.0 
l 1.6613694695245353 3.269509521838588 -0.6148271139560668 -3.9494638326120155 2.394081000898187 0.0 0.0 
l 1.6634379473143175 3.270915298845575 -0.6203300173331895 -4.012022139340037 2.407949086316235 0.0 0.0 
l 1.6380233456083402 3.235356550425035 -0.6213562268645003 -4.029401176070272 2.4127508827540733 0.0 0.0 
l 1.6329182655256846 3.226475562908371 -0.6312536481669647 -4.1040392140226265 2.4207444345111275 0.0 0.0 
l 1.6420057034729916 3.2351137806424575 -0.6501811427034336 -4.104546377226633 2.452654322858265 0.0 0.0 
l 1.632781719153177 3.2220826474967517 -0.6558160610231951 -4.082038991743899 2.463352437437413 0.0 0.0 
l 1.60585630359872 3.1862995497932154 -0.6649191066062093 -4.051138505699163 2.4785774994501155 0.0 0.0 
l 1.5844410827895619 3.1586179188264114 -0.6756024881885068 -4.020607070997234 2.504499137792057 0.0 0.0 
l 1.5896943432604762 3.1651193481036484 -0.6766926890141876 -4.032263505938942 2.5071454742760375 0.0 0.0 
l 1.5919754575848093 3.167970955313971 -0.6764663116163796 -3.9298252825458566 2.5286733272265707 0.0 0.0 
l 1.6060102153746902 3.1850119764260922 -0.6813184288760615 -3.915385521990471 2.539266099224619 0.0 0.0 
l 1.5984728063430085 3.1750458237036505 -0.6911211254430631 -3.8781055456566866 2.54589236048255 0.0 0.0 
l 1.5848656579524667 3.158305045407596 -0.6997302803707596 -3.8697121337275 2.5549866841479707 0.0 0.0 
l 1.5957461794570174 3.170701172607254 -0.7085831621268573 -3.8822860178187417 2.5632310226829906 0.0 0.0 
l 1.6133049163165454 3.1911347941349577 -0.7090300808174818 -3.9045759904668227 2.56257680038273 0.0 0.0 
l 1.6195497158091534 3.198321502196219 -0.7097934535067792 -3.8960282100692476 2.550822504496886 0.0 0.0 
l 1.6101151918946204 3.1859086781314985 -0.725650198953336 -3.8525330079717937 2.573048189647798 0.0 0.0 
l 1.6218742610593626 3.200276329335518 -0.7160774758425096 -3.7996464621903305 2.5635112527082797 0.0 0.0 
l 1.600789501331289 3.174832695543239 -0.7340616676360339 -3.6514971384661674 2.571275630552365 0.0 0.0 
l 1.6033083099475385 3.1765313131054733 -0.7494093815444952 -3.6639945412682966 2.5859576662991466 0.0 0.0 
l 1.5952693173324075 3.167492620633067 -0.7570655473605875 -3.691753841577348 2.6106069379634604 0.0 0.0 
l 1.599322480916752 3.1717730155391752 -0.757211866345084 -3.6902325398111313 2.6102344919184297 0.0 0.0 
l 1.6056871371203658 3.178517573193648 -0.7570574040669887 -3.6934759740541576 2.6152025849343534 0.0 0.0 
l 1.5708621648269232 3.1416600835592896 -0.7734533473588526 -3.4908564641155087 2.605634256692647 0.0 0.0 
l 1.5848257168601179 3.155933939713297 -0.7744035249068123 -3.5393724581959853 2.6434509789057863 0.0 0.0 
l -1.5980710074527142 3.1135729641754843 -0.7719186117505206 -0.29022259188180505 2.6269762381408928 0.0 0.0 
l -1.628835401389204 3.0843181561429596 -0.7920431998085197 2.925316505368621 2.6568547031771295 0.0 0.0 
l -1.6609235609618982 3.0544850498758347 -0.8025234426043444 -0.2134481305073947 2.6866758841726552 0.0 0.0 
l -1.688967279547074 3.0274290767897365 -0.8028008191447955 2.978769920109543 2.6906089349584588 0.0 0.0 
l -1.7067410974062691 3.0112792548746508 -0.8067968093973157 2.980780920467587 2.7009727777664816 0.0 0.0 
l -1.710773598325452 3.006146025910018 -0.8020561075966584 -0.18180002757351538 2.6981721730770083 0.0 0.0 
l -1.7129472649624597 3.002871714753602 -0.7977715342949653 -0.19156972209282558 2.6995381800618308 0.0 0.0 
l -1.7091637746977615 3.005851112185531 -0.7950986618391589 -0.21217055088099096 2.696059136484466 0.0 0.0 
l -1.7070411656199014 3.007149532412438 -0.7921361105791541 -0.2253673440913872 2.690986130279563 0.0 0.0 
l -1.7229846716963482 2.9948016663214143 -0.8037204162373475 -0.18710832424154072 2.7035139281280918 0.0 0.0 
l -1.7140560231758275 3.00464295651669 -0.8082103343032894 -0.24511117470235905 2.705508009174177 0.0 0.0 
l -1.7141545408157595 3.0048751324281664 -0.8094165574536896 -0.25968918804319235 2.7125577515898094 0.0 0.0 
l -1.7055240063174626 3.0135190608810016 -0.8110060338247688 -0.26847985184341966 2.711493579704764 0.0 0.0 
l -1.7058836602892566 3.0140941625738686 -0.8146247969367301 -0.2740387628322937 2.7193682951581972 0.0 0.0 
l -1.7179437608179886 3.000792725887039 -0.8077458710948021 -0.2552819945665978 2.703573288085947 0.0 0.0 
l -1.706606173077435 3.011331913994645 -0.8064988153318485 -0.28606323360481273 2.7080440552171177 0.0 0.0 
l -1.706611734288198 3.0108584603714976 -0.8046862280527637 -0.2798607486605886 2.7073820314483172 0.0 0.0 
l -1.682838936551101 3.0334272664625677 -0.8031464562853873 -0.3100227550362484 2.7105271680675846 0.0 0.0 
l -1.6917187830254694 3.0252727609698895 -0.80497904219406 -0.2795325710349161 2.708254421481318 0.0 0.0 
l -1.684065354397378 3.032818256251002 -0.8058046799674669 -0.2915575765041109 2.70516836701636 0.0 0.0 
l -1.6770403565720082 3.039753794075844 -0.8067186787319541 -0.30643143449155036 2.708000908438393 0.0 0.0 
l -1.6492558907397172 3.0659549063394795 -0.8037806557106628 -0.3210920499510512 2.702764325500702 0.0 0.0 
l -1.6395205899213978 3.0750393220842747 -0.8014937879678616 -0.3345827896640043 2.7042109633604112 0.0 0.0 
l -1.6473101517926874 3.0672358472583423 -0.7997486907747657 -0.3161189116081475 2.698580977913415 0.0 0.0 
l -1.6791534197887037 3.0388926034094808 -0.8123948616528235 -0.26417648621200657 2.712956557345863 0.0 0.0 
l -1.707232700519864 3.013963218546405 -0.8191270120554732 -0.24361773583603025 2.72503120158616 0.0 0.0 
l -1.719721425647648 3.0026019363893717 -0.8203691532883316 -0.23101607518566442 2.727019842644097 0.0 0.0 
l -1.704200848036747 3.0146730974887745 -0.8105873870786394 -0.27791858851700696 2.719326266264527 0.0 0.0 
l -1.6301436325614125 3.0821945677162406 -0.7849695182347562 -0.41898404921664983 2.701713570405675 0.0 0.0 
l -1.6507634662798893 3.0614934143964128 -0.7845693481108065 -0.35424781467072813 2.6943355852312285 0.0 0.0 
l -1.6590498901556348 3.0537157924236578 -0.787548026754549 -0.32760643106450965 2.692878296719527 0.0 0.0 
l -1.6340861282410921 3.077851723582233 -0.7818372753134546 -0.43684529554006096 2.6975339460617045 0.0 0.0 
l -1.6386432513330749 3.071255373298005 -0.7673206687896907 -0.4210568107735188 2.695982634896751 0.0 0.0 
l -1.6307761802058873 3.077959985900595 -0.7557809821819962 -0.40864662632150844 2.669523029154616 0.0 0.0 
l -1.6288082139162272 3.0793933164759726 -0.7504943069450978 -0.37275378103090157 2.680207714035679 0.0 0.0 
l -1.6811939876927449 3.026301209968847 -0.7635328222639044 -0.2493765382469783 2.6852379351734794 0.0 0.0 
l -1.6531590713962017 3.054933134064703 -0.7598609936788913 -0.2387695692088025 2.689344241030576 0.0 0.0 
l -1.6145032961435113 3.095856687478427 -0.762686991187064 -0.2940782531089898 2.6879894128392947 0.0 0.0 
l -1.5841825236506757 3.127164479282559 -0.7479490184937305 -0.3454621252495175 2.6500695824746554 0.0 0.0 
l -1.6206504865619817 3.0892209044059564 -0.7607325427394398 2.931024768224169 2.6703121076485976 0.0 0.0 
l -1.6008963864165597 3.1097414176295786 -0.7571206430361185 -0.31623516896503284 2.6811828557591175 0.0 0.0 
l -1.594571709089338 3.116151466912414 -0.7515510280580397 -0.3251562504878555 2.6809264116581213 0.0 0.0 
l -1.6151134715966657 3.0943334482982485 -0.7532374955553196 -0.332583261280156 2.6947133208417804 0.0 0.0 
l -1.5949691642668324 3.114843159203189 -0.7348197749821517 -0.36022461401906075 2.650162663705273 0.0 0.0 
l -1.6089060454795283 3.0992019677687113 -0.7322116055637181 -0.34304481745041054 2.619255560002282 0.0 0.0 
l -1.5944798373217743 3.1150602195478116 -0.7287017729080004 -0.4616249924713837 2.607921205910959 0.0 0.0 
l -1.6002104136129556 3.1076751393002127 -0.7143618806788169 -0.3274221146758984 2.5985753009532795 0.0 0.0 
l -1.6408937804266466 3.0563612285429342 -0.6878874418604466 2.9272361542436443 2.558528515448531 0.0 0.0 
l -1.6135362810685754 3.0876238968175436 -0.669629872091857 3.0154369079268326 2.546176502495886 0.0 0.0 
l -1.6223485196611147 3.0764760862478115 -0.669396714346676 3.0433526782682243 2.5453731675728943 0.0 0.0 
l -1.629227726040139 3.0672112061950085 -0.6655326972461173 3.0257201904031445 2.5307319912481328 0.0 0.0 
l -1.6196900977723643 3.079892227136092 -0.6698828814909894 2.964856117685896 2.5363980693441834 0.0 0.0 
l -1.6531185483987718 3.037193225256064 -0.6670378709529977 2.950535615558331 2.536250504376924 0.0 0.0 
