l -0.8986060521638649 -0.5291515515032562 0.937090040658084 1.919144504732034 -0.026105590226176756 0.0 0.0 
l -0.8978001771228454 -0.5301504644940399 0.9367858706792535 1.9193421395002843 -0.02686330427627781 0.0 0.0 
l -0.8967315735390179 -0.5315158236531695 0.9363393213249689 1.919677343781063 -0.028005332728558208 0.0 0.0 
l -0.8955511518595701 -0.5330997321509393 0.9357653726404584 1.9201957624501655 -0.029540828580645773 0.0 0.0 
l -0.894431133095554 -0.5347265965344534 0.9350877149903956 1.9209475714831783 -0.03148836374131958 0.0 0.0 
l -0.8935457098568437 -0.5362056827379225 0.9343436127792443 1.92197867228919 -0.03387850198409714 0.0 0.0 
l -0.8930553595860801 -0.5373458255221829 0.9335832157928992 1.9233341568456221 -0.03675569166577297 0.0 0.0 
l -0.8930916350304965 -0.5379689369419466 0.9328701353379357 1.9250473619331931 -0.04017606081360359 0.0 0.0 
l -0.8937421553953795 -0.5379272762429955 0.9322780826525934 1.9271308625086994 -0.04420423403715945 0.0 0.0 
l -0.8950505338014032 -0.5371072943367774 0.9318876287233611 1.9295790989611599 -0.048903574005528694 0.0 0.0 
l -0.8970141893936565 -0.5354375729992565 0.9317804919905814 1.9323681263478922 -0.054329884060057565 0.0 0.0 
l -0.8995881369179675 -0.5328918092324589 0.9320330632556114 1.935450858484052 -0.06052246877383394 0.0 0.0 
l -0.9026907336759629 -0.5294890710690644 0.9327105360786013 1.938750224615535 -0.06749163426716953 0.0 0.0 
l -0.9062135262284391 -0.5252896269972142 0.9338613462863361 1.9421755740988333 -0.07521017206316671 0.0 0.0 
l -0.9100321939184084 -0.5203876148078244 0.9355135660830339 1.9456196307638474 -0.08361313391186131 0.0 0.0 
l -0.9140133026304714 -0.5149061374010493 0.9376724407751957 1.9489659258719152 -0.09258843312707099 0.0 0.0 
l -0.9180230747160455 -0.5089880316919045 0.940320566970646 1.9520845471582862 -0.10198414900267605 0.0 0.0 
l -0.9219361862113945 -0.5027857864896651 0.9434191072597601 1.9548433004601529 -0.11161265559101852 0.0 0.0 
l -0.9256414552004439 -0.4964536220832731 0.9469099797203907 1.9571193395493698 -0.1212583284637263 0.0 0.0 
l -0.9290468332754518 -0.4901388269554092 0.9507200416442291 1.9588071757502628 -0.13069132550669849 0.0 0.0 
l -0.9320832563662876 -0.48397489160910323 0.9547649598246416 1.9598184099738896 -0.1396772980166372 0.0 0.0 
l -0.9347059285949609 -0.4780763534424086 0.958954242808458 1.960114287210492 -0.14799258317097785 0.0 0.0 
l -0.9368923462897775 -0.47253710921833125 0.9631959639580445 1.9596641895552362 -0.15543538741019436 0.0 0.0 
l -0.938644537093362 -0.4674270803545974 0.967399521018021 1.9585020713863235 -0.16183224338933733 0.0 0.0 
l -0.9399799314679378 -0.4627971429656027 0.9714801025706101 1.956694124942041 -0.16704743882975703 0.0 0.0 
l -0.9409319363042933 -0.4586782327464133 0.9753602323231259 1.9543496562633467 -0.17098343714656683 0.0 0.0 
l -0.9415363341636652 -0.4550903294585998 0.978973436395469 1.9515960249461923 -0.1735830584592961 0.0 0.0 
l -0.9418288892115754 -0.4520436455170772 0.9822656717001232 1.948584774450979 -0.17483232396061954 0.0 0.0 
l -0.9418382987783673 -0.44954327470853805 0.9851969958783859 1.9454696557627063 -0.17475252991473977 0.0 0.0 
l -0.9415822704725227 -0.4475915678573311 0.9877426296314331 1.9423996644660642 -0.17339918568482238 0.0 0.0 
l -0.9410622527759747 -0.4461914586687416 0.9898940658996651 1.9395014594128657 -0.1708621096228048 0.0 0.0 
l -0.9402733484474637 -0.44533779744286517 0.9916596174486745 1.9368946178225286 -0.16725175429015293 0.0 0.0 
l -0.9391974467938312 -0.4450230155896447 0.9930642907819599 1.9346770069450818 -0.16270306353825637 0.0 0.0 
l -0.9378066207866708 -0.4452324059896836 0.9941519325546946 1.9328987336467913 -0.15737317751695268 0.0 0.0 
l -0.9360745652446386 -0.44593738368296115 0.9949820043059295 1.9316163068969254 -0.15143342356934553 0.0 0.0 
l -0.9339761157694475 -0.4470960582368171 0.9956290912317532 1.930861732120669 -0.1450693563954839 0.0 0.0 
l -0.9314958375854425 -0.4486489473624874 0.996179290266547 1.9306672569994479 -0.13847773624297788 0.0 0.0 
l -0.9286289672516909 -0.450520312043602 0.9967271976401058 1.9310624184363234 -0.13186304363194534 0.0 0.0 
l -0.9253817469865406 -0.4526206721036274 0.9973720448315977 1.9320883352306513 -0.12543213303549594 0.0 0.0 
l -0.9217708491792784 -0.45485180731714697 0.9982118735676789 1.9337590853227866 -0.11939286282985384 0.0 0.0 
l -0.9178214385630367 -0.45711221918857187 0.99933865765993 1.936102633128722 -0.11394461274219647 0.0 0.0 
l -0.9135627678029042 -0.45930592664733705 1.0008321799370516 1.9391326078522673 -0.10926505613711768 0.0 0.0 
l -0.9090250297512482 -0.46134945699544155 1.002755116235685 1.9428099708873023 -0.1055107280804457 0.0 0.0 
l -0.9042339734045304 -0.4631798732695186 1.0051493021387752 1.9470800470497573 -0.10280173324565378 0.0 0.0 
l -0.8992069631496974 -0.46476113720045437 1.0080327338969655 1.951850650782028 -0.10121597343530264 0.0 0.0 
l -0.8939525989218936 -0.46608700087591254 1.0113972896402128 1.956978721537835 -0.10078837228903992 0.0 0.0 
l -0.8884699484037902 -0.46718153574032606 1.0152095052701138 1.9622966410897906 -0.10150987403315614 0.0 0.0 
l -0.8827504845622932 -0.4680972751142818 1.0194115184091719 1.9676417797171053 -0.10332190228603044 0.0 0.0 
l -0.8767811260176439 -0.4689097573668656 1.0239250169855554 1.9728605998694115 -0.10612891568548855 0.0 0.0 
l -0.8705487336631595 -0.46971015151829315 1.0286559791230732 1.9778343943858754 -0.10980205830436618 0.0 0.0 
l -0.8640512533933147 -0.4705913098574907 1.0335006556031765 1.9825069366778647 -0.11419125811394926 0.0 0.0 
l -0.857297845520283 -0.4716429537635464 1.0383513766725998 1.9868846715018058 -0.11912936240874283 0.0 0.0 
l -0.8503170196633204 -0.4729393315996104 1.0431032327457501 1.9910474547373862 -0.12444814422681238 0.0 0.0 
l -0.8431606098877721 -0.47453064202726014 1.0476600222992052 1.9951336696423632 -0.1299825505870419 0.0 0.0 
l -0.835904129921763 -0.4764372857427617 1.0519398479222577 1.9993309357319273 -0.1355803516946561 0.0 0.0 
l -0.8286443805648295 -0.47864755722903496 1.0558788848428353 2.0038453144700674 -0.14110191486838575 0.0 0.0 
l -0.821495146351905 -0.48111803753750193 1.0594334840022865 2.0088741131560544 -0.14643005679164656 0.0 0.0 
l -0.8145784931484048 -0.48377694174206254 1.0625826808821066 2.014568828803358 -0.15146713557648062 0.0 0.0 
l -0.8080175331182229 -0.48653050318078894 1.0653262897914666 2.021032818251677 -0.15614476633313223 0.0 0.0 
l -0.801928466733295 -0.4892701704971594 1.067683112244408 2.0282869901227323 -0.1604193401532319 0.0 0.0 
l -0.7964129105509574 -0.4918814447303482 1.0696877335635206 2.0362617577428024 -0.16427751507241706 0.0 0.0 
l -0.7915570406596035 -0.4942495948501998 1.0713853266049262 2.04480713977558 -0.1677311960111897 0.0 0.0 
l -0.7874249420577007 -0.49626825496347 1.0728289339390364 2.0536913213069283 -0.170826403957692 0.0 0.0 
l -0.784063872071357 -0.4978425360001904 1.0740726252605794 -1.0789793326921557 -0.1736353363324754 0.0 0.0 
l -0.7815038251421359 -0.49889835547666656 1.0751634104713494 -1.0703811114873643 -0.17624784159734586 0.0 0.0 
l -0.7797698418198682 -0.4993776160392055 1.0761366307873248 -1.0624809781714177 -0.17876728170084077 0.0 0.0 
l -0.7788801859555459 -0.49924423827937164 1.0770121969322053 -1.055674631324257 -0.18130956051596459 0.0 0.0 
l -0.7788576886180546 -0.4984810860512292 1.0777886894569817 -1.0503344792272393 -0.1839886449118424 0.0 0.0 
l -0.7797327147836524 -0.49709080426739494 1.0784403327053198 -1.046785504278857 -0.18690451434965882 0.0 0.0 
l -0.7815521813443711 -0.4950925576794628 1.0789127355781114 -1.0452781945257708 -0.19013933816881312 0.0 0.0 
l -0.7843807203500562 -0.4925214538180219 1.079122227484602 -1.045975728911123 -0.19375540204527053 0.0 0.0 
l -0.7883051069615009 -0.48942511621127965 1.078954943619293 -1.0489294871075199 -0.19778199139824215 0.0 0.0 
l -0.7934376366485781 -0.48585951801090227 1.0782670782808557 -1.0540701354901763 -0.20222200177545724 0.0 0.0 
l -0.7999151945819705 -0.48188704160371987 1.0768858838896065 -1.0612013099360131 -0.20704772669178984 0.0 0.0 
l -0.8078994705515643 -0.47757168212896267 1.0746117737900795 2.071582049257949 -0.21221439899037364 0.0 0.0 
l -0.8175739750914257 -0.4729747529532068 1.0712216046625647 2.06151317974153 -0.21765751494410868 0.0 0.0 
l -0.8291382940018825 -0.46815108673124417 1.0664725944268305 2.0506920187039643 -0.22330005799367902 0.0 0.0 
l -0.842800204563606 -0.4631450624144498 1.0601069425911973 2.039692498422836 -0.22906303212304613 0.0 0.0 
l -0.8587646853973422 -0.4579870849332826 1.0518573833753824 2.0291110256030223 -0.2348691239830385 0.0 0.0 
l -0.8772198213824779 -0.4526900683937648 1.0414544722101282 2.0195695659241175 -0.24064853259065544 0.0 0.0 
l -0.8983200051371454 -0.4472468393935743 1.0286349651323028 2.011634628355884 -0.2463435775064431 0.0 0.0 
l -0.9221660745799338 -0.4416293788933019 1.0131516645188974 2.0058197146381733 -0.25190911840311603 0.0 0.0 
l -0.9487874297757858 -0.43578831408228447 0.994783444788547 2.0025236042361727 -0.2573219482283847 0.0 0.0 
l -0.9781234300828421 -0.4296528202942031 0.9733496944859765 2.002028568092939 -0.26257816212156637 0.0 0.0 
l -1.0100089263091805 -0.4231348331504924 0.9487222470762486 2.0044508888190764 -0.2677019207317094 0.0 0.0 
l -1.0441691444585675 -0.4161307914428908 0.9208394029941106 2.009741561463829 -0.2727471240525333 0.0 0.0 
l -1.0802242278402974 -0.4085249714915022 0.8897175476804773 2.0176821795106026 -0.27780692475843927 0.0 0.0 
l -1.1177051204416295 -0.40019179674144323 0.855460783530283 2.0279093261968955 -0.28301509210202835 0.0 0.0 
l -1.1560707071459322 -0.3910060119362005 0.8182660520710536 2.0399290938179173 -0.28855313910257874 0.0 0.0 
l -1.19475369083841 -0.3808334330262524 0.7784212831090948 2.0531872192832057 -0.29463324219073395 0.0 0.0 
l -1.2331909957768419 -0.3695358382346496 0.7362966802314995 2.0671291172724415 -0.30149798389352284 0.0 0.0 
l -1.270860536084518 -0.35696568816726293 0.6923287766697346 2.0812257469936184 -0.30938496068378274 0.0 0.0 
l -1.3073126648688083 -0.34295474405239873 0.6469988544376656 2.0950501115751567 -0.31848277793234536 0.0 0.0 
l -1.3421891147090381 -0.3272981788648852 0.6008105206152905 2.108314997541049 -0.3289102477467442 0.0 0.0 
l -1.375236621917343 -0.309729098427707 0.5542585255627782 2.1208814489001946 -0.34063210737715843 0.0 0.0 
l -1.4063049228805247 -0.28988091219202156 0.5078113765136962 2.1327748659636176 -0.35345499299598315 0.0 0.0 
l -1.4353376992590259 -0.2672358135954744 0.4618958517244952 2.1441802919440924 -0.3670100354668736 0.0 0.0 
l -1.4623544395042558 -0.24106000147876025 0.41688706906405804 2.155361466708087 -0.38074161872192996 0.0 0.0 
l -1.4874330302225596 -0.21030223240737908 0.3731085138456429 2.166664608060452 -0.3939914723382211 0.0 0.0 
l -1.5106867758473705 -0.17346223573036196 0.33083612337610985 2.1784589160328824 -0.406058294512477 0.0 0.0 
l -1.532240369839796 -0.12841066992419414 0.2903105206382488 2.1910366706246585 -0.4162842175272925 0.0 0.0 
l -1.5522149342546785 -0.07212723613013464 0.2517457688375108 2.2046188791700376 -0.4241339258643517 0.0 0.0 
l -1.5707096026601466 -0.0003964833212630417 0.21534182285052733 2.2193038738939954 -0.4292627049006671 0.0 0.0 
l 1.553804390684289 0.09244070170585675 0.18129546286258227 -0.9065571273894057 -0.431531754695883 0.0 0.0 
l 1.5381181238005681 0.21328183730628145 0.1498086412791257 -0.8899990995614757 -0.4310033120519792 0.0 0.0 
l 1.5238419841495157 0.3685011668967873 0.12109338090599414 -0.8729636770512492 -0.42789881993888845 0.0 0.0 
l 1.5110318153112534 0.5589399849925477 0.09537446123200854 -0.855916131835335 -0.42256840584394795 0.0 0.0 
l 1.4997717217394364 0.7724019326065739 0.07288859080228971 -0.8394032231016519 -0.4154280640052824 0.0 0.0 
l 1.490161617050296 0.9822701877066552 0.05388220975067196 -0.8240029394085018 -0.4069076067735538 0.0 0.0 
l 1.4823032439414878 1.1601953434281618 0.038606788386911575 -0.8102854480804049 -0.3974230769906182 0.0 0.0 
l 1.4762866311180087 1.2901875200192323 0.027313575348211244 -0.7987693681538581 -0.3873263613900595 0.0 0.0 
l 1.4721762382108143 1.368918761641532 0.020247054465683607 -0.7898849960946817 -0.3768907584368904 0.0 0.0 
l 1.4700039208846243 1.3980989910985362 0.017639667679032123 -0.7839537437723407 -0.3663041775079547 0.0 0.0 
l 1.469763514166877 1.3788079516767144 0.019703561887685607 -0.7811624144407046 -0.35564182085810214 0.0 0.0 
l 1.4714123351901032 1.3098177847710966 0.026623885855935437 -0.7815668535411961 -0.34487294643434324 0.0 0.0 
l 1.4748764785277415 1.1895060471426677 0.038554447612849686 -0.7851050824893115 -0.33388493243150613 0.0 0.0 
l 1.4800620813838388 1.0217305088987105 0.055608534993759465 -0.7916007890060326 -0.3224806116050604 0.0 0.0 
l 1.4868613821502672 0.8231513547069585 0.07785070229827556 -0.8007989290520059 -0.31043768936480726 0.0 0.0 
l 1.4951707226771764 0.6220375626570985 0.1052873389354615 -0.8123905626720827 -0.29754099523065375 0.0 0.0 
l 1.504905004839719 0.44396157558883736 0.1378559335347629 -0.8260477230640673 -0.2836403360197254 0.0 0.0 
l 1.5160063489883435 0.3001031178490503 0.1754122788297714 -0.8414528085248001 -0.2687245366786009 0.0 0.0 
l 1.5284529343352116 0.18922860128522667 0.21771695625964063 -0.8583129796946163 -0.2529721092549847 0.0 0.0 
l 1.5422723501888866 0.10498830597701811 0.264421598669264 -0.8764092500994649 -0.2367858409336223 0.0 0.0 
l 1.5575377559365102 0.040661526822492584 0.3150556612167937 -0.8955882257530596 -0.22076502206077347 0.0 0.0 
l -1.5672208005632395 -0.009245116351559281 0.3690217685823485 2.225814257976836 -0.20563627421128727 0.0 0.0 
l -1.5486521869018792 -0.04881936081521723 0.42560069585139726 2.20461688283455 -0.19214420365771964 0.0 0.0 
l -1.5281424531340175 -0.08101460975318132 0.48396623731191457 2.1823423731589737 -0.18091697504535265 0.0 0.0 
l -1.5054614791229013 -0.10793700065419132 0.5432179271903629 2.1588814006692085 -0.17235549080270895 0.0 0.0 
l -1.4803672838924689 -0.13109884516574127 0.6024210176760952 2.1341074263611883 -0.1665886078263139 0.0 0.0 
l -1.4526301196103741 -0.15158775312149672 0.6606606514054145 2.107902784358005 -0.16348544189973307 0.0 0.0 
l -1.4220547484463024 -0.170194186128224 0.717092727018708 2.0801881286442403 -0.16272649123267546 0.0 0.0 
l -1.3885172097353013 -0.18748610588306439 0.7709912597218582 2.050954454294155 -0.16388711452104054 0.0 0.0 
l -1.3519905013504512 -0.2038745150219304 0.8217802584348691 2.020283655852805 -0.16653630080793613 0.0 0.0 
l -1.312586100050296 -0.21964106305013747 0.86905100115192 1.9883761435955833 -0.17030216224082695 0.0 0.0 
l -1.2705823895298234 -0.23496312332069383 0.9125619304006921 1.955558611049575 -0.1749057346564803 0.0 0.0 
l -1.2264345291117644 -0.2499338635596848 0.9522263272589387 1.922266898540771 -0.18017165684894532 0.0 0.0 
l -1.1807778699472773 -0.26456744647256153 0.9880883426921236 1.8890308842625687 -0.18601488744515005 0.0 0.0 
l -1.1343977978328703 -0.278810886158225 1.0202943114167737 1.8564195861952342 -0.19241299614329443 0.0 0.0 
l -1.0881858779521876 -0.2925489568412107 1.049063641309404 1.8249938518445903 -0.19937422559513818 0.0 0.0 
l -1.0430740751891139 -0.30561546149074614 1.07466115370089 1.795246330811534 -0.2069000371548616 0.0 0.0 
l -0.9999728889815502 -0.31780180386911666 1.097372114466418 1.7675591304371803 -0.21496948048268705 0.0 0.0 
l -0.9597085911235717 -0.3288731846915225 1.1174829894019027 1.7421840463264366 -0.22351403602347308 0.0 0.0 
l -0.922982928331266 -0.3385830986099077 1.1352669079410616 1.7192584165625504 -0.23241581000345413 0.0 0.0 
l -0.8903489104089615 -0.34669184876116016 1.1509740229072831 1.6988263514851272 -0.24150581196104814 0.0 0.0 
l -0.8622099702016868 -0.3529824064843618 1.1648259583459712 1.6808881967431684 -0.250572758140836 0.0 0.0 
l -0.838836130832479 -0.3572726343437908 1.1770142210212708 1.6654450627191204 -0.2593778600625155 0.0 0.0 
l -0.8203813603782696 -0.35942911497886737 1.1877014728702693 1.652541001783406 -0.26767245283648367 0.0 0.0 
l -0.80690792432456 -0.3593740535537194 1.1970250043687556 1.6422698638111635 -0.27520518375762326 0.0 0.0 
l -0.798407914208419 -0.35708880083291755 1.20510130919741 1.6347939943635856 -0.2817489403194844 0.0 0.0 
l -0.7948182589979146 -0.3526153972869441 1.2120305110613243 1.6303388618235644 -0.28710600522669705 0.0 0.0 
l -0.7960338741799307 -0.34605359834532134 1.2178992435876443 1.629167692312094 -0.2911121166928565 0.0 0.0 
l -0.8018976641490726 -0.33755989698350963 1.2227892602057178 1.6315622451196583 -0.29365546019928224 0.0 0.0 
l -0.8121974573001175 -0.3273440600732318 1.2267768898797131 1.6377858678432127 -0.2946625248718949 0.0 0.0 
l -0.8266461689568656 -0.31566608996763773 1.2299368037951957 1.6480445623829865 -0.2941034502778622 0.0 0.0 
l -0.8448602809419622 -0.3028310574636024 1.2323440701480406 1.6624712796869592 -0.29199295899980027 0.0 0.0 
l -0.8663202864591545 -0.2891915489138951 1.2340759978407772 1.6810442403420043 -0.288378592302694 0.0 0.0 
l -0.8903476047357629 -0.27513919630448747 1.2352142424702364 1.7035861048378187 -0.2833460834888474 0.0 0.0 
l -0.9160844910658207 -0.2611004985273698 1.2358433726472728 1.7297399627821497 -0.27701158088378897 0.0 0.0 
l -0.942477940223013 -0.24753461492437573 1.2360508047871612 1.7589348206077948 -0.26952071731453964 0.0 0.0 
l -0.9683015629895743 -0.23491972421537782 1.23592703085849 1.7904046059634415 -0.26104306280538825 0.0 0.0 
l -0.9922041754102054 -0.22373860122106004 1.2355640175438132 1.8232584353493888 -0.25177726692873237 0.0 0.0 
l -1.0127781603507582 -0.21446682701193007 1.2350503211364003 1.8565375298853055 -0.24193737920537206 0.0 0.0 
l -1.028650713840094 -0.20755568015372322 1.2344677464002447 1.889263057001919 -0.23176806053015353 0.0 0.0 
l -1.0385837688672732 -0.20341268144842753 1.233890264499747 1.9205766728649258 -0.2215158193234399 0.0 0.0 
l -1.041565033280798 -0.2023894618603708 1.2333765945926898 1.9497495867124714 -0.21144270652443642 0.0 0.0 
l -1.0368934402676244 -0.20476517619948054 1.2329680628016715 1.9762782848950387 -0.20181394062711266 0.0 0.0 
l -1.0242473224267932 -0.21073558455736846 1.2326825965397328 1.9998985985717124 -0.19289782518741405 0.0 0.0 
l -1.0037209374175955 -0.22040683144966627 1.232514973873981 2.02059735581411 -0.18492790610278398 0.0 0.0 
l -0.9758418482836482 -0.23379357572465753 1.2324320411745804 2.038587057377576 -0.17813859984882963 0.0 0.0 
l -0.9415567238311205 -0.2508173028676004 1.2323726230474197 2.054285484264156 -0.17273422920753334 0.0 0.0 
l -0.9021666567601988 -0.2713174457906071 1.232241997661112 2.068247197857012 -0.16888486068399655 0.0 0.0 
l -0.8592240872708113 -0.2950519470389088 1.2319227478629076 2.081120694790851 -0.16672151620564146 0.0 0.0 
l -0.8143983701252349 -0.32171400850981663 1.2312674045962262 -1.0480289175254691 -0.16633609352479373 0.0 0.0 
l -0.769327454282425 -0.35094509236936977 1.2301022038049556 -1.035387927833391 -0.16777225477485191 0.0 0.0 
l -0.725464386803895 -0.38236139978617945 1.2282338801025456 -1.0220491430710579 -0.1710339260890319 0.0 0.0 
l -0.6840011316951229 -0.4155636624675024 1.225452250773404 -1.0076053360866704 -0.17607561198402344 0.0 0.0 
l -0.645826144932782 -0.45015863142689405 1.221530514886692 -0.9917759380503284 -0.1828020809247477 0.0 0.0 
l -0.6115137412031421 -0.4857809621439812 1.216234591269046 -0.9744108445679671 -0.1910747115542346 0.0 0.0 
l -0.5813747707522077 -0.522101442693382 1.2093225827562988 -0.9554630267988931 -0.20070809245956633 0.0 0.0 
l -0.5555019557948881 -0.5588395630121702 1.2005508836485252 -0.934969536170841 -0.2114667418061872 0.0 0.0 
l -0.5338329707342041 -0.5957659999656798 1.1896741756427758 -0.913050423212785 -0.2230743447865321 0.0 0.0 
l -0.5162061227632624 -0.6326975879329728 1.1764474918245658 -0.889891114916812 -0.23521397970604718 0.0 0.0 
l -0.5023998763579269 -0.6694943902730719 1.1606287502404276 -0.8657008538592308 -0.2475334105620839 0.0 0.0 
l -0.492175044362401 -0.7060439143328666 1.1419786788870718 -0.840714807406584 -0.2596568412093918 0.0 0.0 
l -0.4852973199891944 -0.7422568063176733 1.120260401370277 -0.8151813476845866 -0.27119344131199286 0.0 0.0 
l -0.4815553989818089 -0.778053442300892 1.095245590333887 -0.7893417332901811 -0.28175671109565026 0.0 0.0 
l -0.4807713347967748 -0.8133601460642309 1.0667192118027218 -0.7634228362538178 -0.290978882328765 0.0 0.0 
l -0.48280437336232906 -0.8481056099148389 1.0344920833851714 -0.7376358113252863 -0.29853515475462733 0.0 0.0 
l -0.48755025445172484 -0.882227813528531 0.9984126256427811 -0.7121780748039102 -0.30415980847602564 0.0 0.0 
l -0.49494191647801733 -0.9156719236374583 0.958388626860915 -0.6872275642115881 -0.30766954156625315 0.0 0.0 
l -0.5049403550279175 -0.9484010063500042 0.9144115484898593 -0.6629531855086455 -0.3089859976091428 0.0 0.0 
l -0.517530470883913 -0.9804004521649766 0.8665816564370807 -0.6395176966590472 -0.3081503933818005 0.0 0.0 
l -0.5327153976557416 -1.0116867775892577 0.8151268620852219 -0.6170840958156665 -0.3053328702903836 0.0 0.0 
l -0.550507512954245 -1.0423132871968588 0.760419635179447 -0.5958231441951756 -0.30082891557244096 0.0 0.0 
l -0.5709237679262096 -1.0723743502540717 0.7029767667955459 -0.5759147131463132 -0.2950449117360447 0.0 0.0 
l -0.5939805979186434 -1.1020124254142865 0.6434393192258248 -0.5575565267401066 -0.288467735071983 0.0 0.0 
l -0.6196919877655368 -1.1314225208922228 0.582535476274457 -0.5409601837965272 -0.2816189204938382 0.0 0.0 
l -0.648068427833956 -1.1608620396264415 0.5210254616964778 -0.526356014968707 -0.2750056524668552 0.0 0.0 
l -0.6791210029478735 -1.1906628540809623 0.4596388541490438 -0.5139870281140662 -0.26907074052797264 0.0 0.0 
l -0.712866281075496 -1.22125035782783 0.39901712842501996 -0.504101985908433 -0.2641626283337374 0.0 0.0 
l -0.749340279785531 -1.2531673901623064 0.33967097672781976 -0.4969352351564719 -0.2605163808228169 0.0 0.0 
l -0.7886076339664347 -1.2871216418924665 0.2819545714706438 -0.4927050015591085 -0.2582709956485712 0.0 0.0 
l -0.8307784008467387 -1.3240531318002364 0.22606201918077956 -0.49158596924993975 -0.2574694023545138 0.0 0.0 
l -0.876027739902526 -1.3652448422577774 0.17203988143223867 -0.49368782834842023 -0.2581057592464643 0.0 0.0 
l -0.9246032206095075 -1.4124979641061168 0.1198215616929413 -0.49904498441583095 -0.26015164344329156 0.0 0.0 
l -0.9768330979147538 -1.4684324009635605 0.06925898660578814 -0.5076063807250781 -0.263571335831679 0.0 0.0 
l -1.0331183458016093 -1.5369812447822713 0.02016813139545088 -0.5192413106901994 -0.2683615899072912 0.0 0.0 
l -1.0939035377571775 1.5173465646596909 -0.027635064120436603 -0.5337722363596114 -0.27454423964512314 0.0 0.0 
l -1.1596271378162877 1.4017213867481522 -0.07429398594788982 -0.5510109860696528 -0.28218181212544924 0.0 0.0 
l -1.2306293404209152 1.242745739904041 -0.11988006114398961 -0.5708448132549921 -0.2913792352197839 0.0 0.0 
l -1.3070305641437994 1.0200234663007675 -0.16436486979385825 2.5482956392396923 -0.3022762014115399 0.0 0.0 
l -1.3885705334141112 0.7187354698523236 -0.20759973581142008 2.52299501108628 -0.31505479000139425 0.0 0.0 
l -1.4744545356005043 0.36277368302183377 -0.24930765696609342 2.4944200743894154 -0.3299258505178418 0.0 0.0 
l -1.5632356579271498 0.025416625952270733 -0.2890798982065522 2.4620378193094217 -0.34714181168827385 0.0 0.0 
l 1.48877350295272 -0.23824979327819223 -0.32638710088984196 -0.7161514688010457 -0.36698101888976925 0.0 0.0 
l 1.4009674516968795 -0.4267970983409212 -0.36059969438062545 -0.7569918473238055 -0.38976205027489963 0.0 0.0 
l 1.3177154283867067 -0.5602930129107353 -0.3910192367926541 -0.801561878008648 -0.41582542449199716 0.0 0.0 
l 1.2416343845726012 -0.65699042191048 -0.41691519471713373 -0.8488856883809841 -0.4455411592725574 0.0 0.0 
l 1.1748843033831995 -0.7292067451873827 -0.43756491525497143 -0.8977890337692815 -0.4792920783599468 0.0 0.0 
l 1.1190172820809212 -0.7847418706245752 -0.4522947942856456 -0.9472683352386178 -0.5174811647984949 0.0 0.0 
l 1.0749758024388751 -0.8285629008195355 -0.46052186808730616 -0.9967484303292038 -0.5604681778409899 0.0 0.0 
l 1.0431854852895026 -0.8639380293531225 -0.46179239845630726 -1.0461495478362945 -0.608585677904546 0.0 0.0 
l 1.0236894797542246 -0.893112234142833 -0.4558191143252568 -1.0958038367933016 -0.6620745931115675 0.0 0.0 
l 1.0162625141510284 -0.9177171697407188 -0.44251538110105193 -1.1462859142419732 -0.7210516294937791 0.0 0.0 
l 1.0204856523905352 -0.939025329613425 -0.422023770735414 -1.1982121674954156 -0.7854094080130765 0.0 0.0 
l 1.0357729898957548 -0.9581214443264628 -0.39473672125435455 -1.2521188312294584 -0.8548049133793464 0.0 0.0 
l 1.0613635733538178 -0.9760326394877981 -0.3613016955537613 -1.3083005948273028 -0.9284254725557679 0.0 0.0 
l 1.096291230433865 -0.9938648264687613 -0.3225994435771535 -1.3667270151857926 -1.0044008655482188 0.0 0.0 
l 1.1393724357926112 -1.0129514475543968 -0.2797033926557152 -1.4269920077447396 -1.0752336582480195 0.0 0.0 
l 1.1892073289246805 -1.0351442941101328 -0.23380407335411246 -1.48831423782283 1.5618534195323706 0.0 0.0 
l 1.2442357231940853 -1.0633726785277449 -0.18612383446294056 -1.5495952619943503 -1.297928160300035 0.0 0.0 
l 1.3028333821939035 -1.1030026236968784 -0.13782961201428423 -1.6095337643501506 -1.376211642909659 0.0 0.0 
l 1.3634453031004585 -1.1657602871737165 -0.08995309339497647 -1.6667774387665335 -1.4615658705684298 0.0 0.0 
l 1.42470495232682 -1.2841657099646668 -0.04334181585650642 -1.720069977244674 1.5936895304418544 0.0 0.0 
l 1.4855192528319672 1.5548552083796892 0.001362831442696766 -1.7683715130540218 1.5081792336664928 0.0 0.0 
l 1.545103433221364 0.5310456536639331 0.0437275383277786 -1.8109279062828743 1.424459063138937 0.0 0.0 
l -1.5386367109145898 -0.36696275160819863 0.08350194638539361 1.2943025087905593 1.3431882501194068 0.0 0.0 
l -1.4827971930633153 -0.6293321395799898 0.12058762955816789 1.264291052799592 1.2648799975340799 0.0 0.0 
l -1.4291113786356135 -0.7398778767006996 0.1550025822954105 1.2405243909948873 1.1899610326289212 0.0 0.0 
l -1.3776645246506039 -0.8023428856894895 0.18684635850224374 1.2226746420276011 1.118790861153644 0.0 0.0 
l -1.328545919324434 -0.8440189879136621 0.21627082307606574 1.2102219030560033 1.05167629040618 0.0 0.0 
l -1.2818922579448337 -0.8746685214277433 0.24345681774553798 1.2024885290723295 0.9888714782949816 0.0 0.0 
l -1.2379012572459056 -0.8984666596774679 0.26859449797516327 1.19868324203895 0.9305687217028007 0.0 0.0 
l -1.1968191937286172 -0.9173903822556955 0.2918728359771858 1.197942405088941 0.8768949997360305 0.0 0.0 
l -1.1589169079964425 -0.9324359705095286 0.31346739372361615 1.1993919736356435 0.827910693731313 0.0 0.0 
l -1.124453344475293 -0.944130855520518 0.33353699159401057 1.2021992389906728 0.7836098560567506 0.0 0.0 
l -1.093634784516271 -0.9527843997668285 0.3522209498884707 1.2056213437186944 0.7439195601451329 0.0 0.0 
l -1.0665872909594702 -0.9586094366962343 0.3696395655924165 1.209030633615598 0.708711398615276 0.0 0.0 
l -1.0433410803879646 -0.9617901564092062 0.3858927485671599 1.2119383866999784 0.6778047406417509 0.0 0.0 
l -1.023825243225505 -0.9625115687463613 0.40106623028114086 1.2139860327356364 0.6509754499614285 0.0 0.0 
l -1.007873890986583 -0.9609805476245576 0.4152309020676235 1.2149397001817126 0.6279622241193596 0.0 0.0 
l -0.9952406106462071 -0.9574288553175018 0.428447124928288 1.2146730803426422 0.6084750476987695 0.0 0.0 
l -0.9856196615670094 -0.9521101836353447 0.44076685768955914 1.213150095439875 0.5922071545429439 0.0 0.0 
l -0.9786676840916934 -0.9452942838935419 0.4522354340563857 1.2104154977099875 0.5788394486026773 0.0 0.0 
l -0.974024492388148 -0.9372567361860369 0.46289475513093853 1.206581405110912 0.5680494620838088 0.0 0.0 
l -0.9713307649890385 -0.92827006201175 0.4727848318417154 1.2018105534030485 0.5595195105989876 0.0 0.0 
l -0.9702439928675948 -0.9185950149864655 0.4819434918634544 1.1963106032696909 0.5529421907137106 0.0 0.0 
l -0.9704487565027787 -0.9084715455182049 0.4904085333852599 1.1903112410709378 0.548027296094215 0.0 0.0 
l -0.9716648969618711 -0.8981111446578451 0.4982184704606562 1.1840697600390266 0.5445001665155311 0.0 0.0 
l -0.9736445493536491 -0.8876972373328916 0.505414887349286 1.1778300500009398 0.5421053868440734 0.0 0.0 
l -0.9761733723137466 -0.877380015906259 0.5120450929925459 1.1718308751232618 0.5405976743504878 0.0 0.0 
l -0.9790710834942781 -0.8672783966569639 0.518158778942337 1.1662938426558942 0.5397458333065175 0.0 0.0 
l -0.9821825704132218 -0.8574819646284448 0.5238132504095449 1.1614059362947335 0.5393265275866209 0.0 0.0 
l -0.9853747702588763 -0.8480579704095484 0.5290691422241908 1.1573244643368141 0.5391259613514009 0.0 0.0 
l -0.9885301843276824 -0.8390531470835244 0.5339939720925302 1.1541728907491882 0.5389305133438609 0.0 0.0 
l -0.991539271971066 -0.8305051845605073 0.53865857368912 1.1520354981915497 0.5385294792038361 0.0 0.0 
l -0.9942961104874006 -0.8224462971472698 0.5431375719819984 1.1509617073366845 0.5377167191269656 0.0 0.0 
l -0.9966898695577239 -0.814916033747146 0.5475058464883658 1.1509591244272588 0.53629156473322 0.0 0.0 
l -0.9986036935296682 -0.8079647740365855 0.5518361105896767 1.1519979237827471 0.5340648735692817 0.0 0.0 
l -0.9999069851248843 -0.8016629597232541 0.5561977144592052 1.1540078346084914 0.530859563434809 0.0 0.0 
l -1.0004605481204147 -0.7961010525474876 0.5606509329647575 1.156878863549079 0.5265258865018747 0.0 0.0 
l -1.0001121395615544 -0.7913987074144553 0.5652420529813889 1.1604545937554753 0.5209495012247267 0.0 0.0 
l -0.9986974555162205 -0.7876995811156295 0.5700057028392497 1.1645373118506266 0.5140469957430048 0.0 0.0 
l -0.9960571352458716 -0.7851618824912165 0.5749548307033006 1.168893161072297 0.5057913498946494 0.0 0.0 
l -0.9920388160735732 -0.7839528980296848 0.5800818650643252 1.1732521038507755 0.4962098115094714 0.0 0.0 
l -0.9865101240212035 -0.7842344936532224 0.5853574912410489 1.1773144479280007 0.485388246522203 0.0 0.0 
l -0.9793765231178444 -0.7861437007754308 0.5907298662528144 1.1807684380677055 0.4734762364962779 0.0 0.0 
l -0.9705970705126211 -0.7897744135922298 0.596126237226301 1.1833054451718035 0.4606844798826819 0.0 0.0 
l -0.9601986773935524 -0.7951594873834166 0.6014573189043065 1.1846424465110144 0.44727720502918566 0.0 0.0 
l -0.9482852523762462 -0.8022596594325812 0.6066220205247247 1.184542224220908 0.43356044784640047 0.0 0.0 
l -0.9350433944755441 -0.8109552708628942 0.6115140948098365 1.182836402944895 0.41986694217114473 0.0 0.0 
l -0.9207378512211634 -0.8210477337277405 0.6160301334616393 1.1794412447217224 0.4065354333182779 0.0 0.0 
l -0.9056995732068278 -0.8322681693957267 0.6200774478449105 1.1743678215659246 0.3938889314484768 0.0 0.0 
l -0.8903065943316848 -0.844292328703632 0.6235816204359909 1.1677220958922574 0.38221511196704194 0.0 0.0 
l -0.8749572881020574 -0.8567631304680745 0.6264923739542078 1.159692688251231 0.3717479460699624 0.0 0.0 
l -0.860044914786435 -0.8693096969188749 0.6287896703628321 1.1505365130621743 0.3626518866080932 0.0 0.0 
l -0.8459320071272527 -0.8815681218844874 0.6304869368582501 1.1405548553851352 0.35501216887474873 0.0 0.0 
l -0.8329308503261679 -0.8931993231528392 0.6316303235205777 1.1300711371678163 0.34883394914187793 0.0 0.0 
l -0.8212881426433928 -0.9039040746708994 0.632296217925129 1.119406410625076 0.3440466163214211 0.0 0.0 
l -0.8111781796410833 -0.9134327012523105 0.6325856203666332 1.1088615833482753 0.34051369623793615 0.0 0.0 
l -0.8027052412319966 -0.921585611171848 0.6326187920905809 1.0987044424257773 0.33804628978093154 0.0 0.0 
l -0.7959077699281565 -0.9282187646638487 0.6325235352934031 1.089161415163619 0.33642441877369833 0.0 0.0 
l -0.7907679115781193 -0.933241986775967 0.6324256489973992 1.0804145912978276 0.33541597645077337 0.0 0.0 
l -0.7872229810723861 -0.9366164912381288 0.6324387859536214 1.072600707071019 0.33479705178381935 0.0 0.0 
l -0.785175322753151 -0.9383537235948383 0.6326551122734403 1.0658132132502516 0.3343703484573899 0.0 0.0 
l -0.7845078704370781 -0.9385072627338308 0.633138168879901 1.060114614825755 0.3339780526006896 0.0 0.0 
l -0.7850897785696249 -0.9371713175629587 0.6339193225997862 1.0555375635376167 0.3335097027109438 0.0 0.0 
l -0.786786270431713 -0.9344735924354878 0.6349964095325504 1.0520924567029344 0.3329063706224765 0.0 0.0 
l -0.7894632582296751 -0.930570276345983 0.6363356243469791 1.0497744238971471 0.3321566932492669 0.0 0.0 
l -0.7929914982330437 -0.9256373846858867 0.6378776251845392 1.0485674548173938 0.3312901932899963 0.0 0.0 
l -0.7972479819856378 -0.9198633436043758 0.639544914777991 1.0484495921663368 0.3303636225653024 0.0 0.0 
l -0.8021174419227936 -0.9134397784269648 0.6412505986995667 1.0493916949925095 0.3294509819205099 0.0 0.0 
l -0.8074904162960059 -0.9065536705419244 0.6429086789849858 1.0513561028917808 0.32862844817243764 0.0 0.0 
l -0.8132640456510588 -0.8993788692475188 0.6444419694174298 1.0542993020241975 0.3279623951539735 0.0 0.0 
l -0.8193390367517996 -0.8920729491784328 0.6457880748607824 1.0581623634568083 0.3275030100791574 0.0 0.0 
l -0.8256194925143175 -0.8847666723209718 0.6469096814628883 1.0628759511815813 0.3272730488762189 0.0 0.0 
l -0.832013738636339 -0.8775682944307821 0.6477891263658214 1.0683426390570248 0.32727909555402945 0.0 0.0 
l -0.8384331952484525 -0.8705607722868727 0.6484318351315622 1.0744412837451927 0.32750701848616004 0.0 0.0 
l -0.8447931047782891 -0.863802389259559 0.6488646291944852 1.0810212433774713 0.3279286690343498 0.0 0.0 
l -0.8510120894000768 -0.857329611177691 0.6491330506622531 1.0879013415969914 0.32850794783023574 0.0 0.0 
l -0.8570122788008984 -0.8511604890352541 0.649297689799845 1.0948683322178148 0.3292079325908035 0.0 0.0 
l -0.8627218490470818 -0.8452959972686178 0.6494302429735719 1.1016817470894142 0.32999861313561407 0.0 0.0 
l -0.8680758168650385 -0.8397203000756229 0.6496123367610255 1.1080797165408742 0.33085931775509525 0.0 0.0 
l -0.8730189464942085 -0.8344045263172157 0.6499289186622856 1.1137873439462 0.33178288959350843 0.0 0.0 
l -0.8775052333130959 -0.8292994017119315 0.6504758093863956 1.1185257801636217 0.3327720657832116 0.0 0.0 
l -0.8815062367224308 -0.8243247853036166 0.6513615826045749 1.1220287714762274 0.3338376589928048 0.0 0.0 
l -0.885013188149005 -0.8193649702542087 0.6527099762029461 1.124056463000788 0.3349921191468638 0.0 0.0 
l -0.8880388258774243 -0.814262084376257 0.6546645387405355 1.1244058508684407 0.3362432256149439 0.0 0.0 
l -0.8906230831407368 -0.8088069397889615 0.6573921348345994 1.1229288267235051 0.337584947728529 0.0 0.0 
l -0.8928330580498354 -0.8027415064637724 0.6610810968638844 1.1195462553702011 0.33898930825217655 0.0 0.0 
l -0.8947646076445368 -0.7957513950745311 0.6659478085403884 1.1142486746391806 0.3403997202324044 0.0 0.0 
l -0.8965416419856036 -0.7874858123162425 0.6722193374021358 1.107113343337972 0.3417265573550131 0.0 0.0 
l -0.8983127624929698 -0.7775754490638841 0.6801210358145258 1.0983096771308185 0.34284714227660307 0.0 0.0 
l -0.9002496391507788 -0.7656600693999127 0.6898532276881086 1.0881054244311075 0.3436062639151807 0.0 0.0 
l -0.9025462392520147 -0.7514231932652758 0.7015601227451225 1.0768769440901627 0.34382440941696224 0.0 0.0 
l -0.905419941336996 -0.7346328372937133 0.7152905005970849 1.0651186984170018 0.3433083517354514 0.0 0.0 
l -0.9091163372465525 -0.7151807525324745 0.730955140679124 1.0534550507536904 0.34186703781491523 0.0 0.0 
l -0.9139074813176643 -0.6931211324793242 0.7482896432116852 1.0426520305965574 0.3393144383269764 0.0 0.0 
l -0.9201061059869182 -0.6686917966728013 0.7668154190665428 1.0336295216511264 0.3354942303814912 0.0 0.0 
l -0.9280610787608368 -0.6423264868876876 0.7858241981472325 1.027463222686322 0.3302750946583888 0.0 0.0 
l -0.9381510695588793 -0.6146421817288122 0.8043829228381234 1.0253793245207694 0.32353846849117796 0.0 0.0 
l -0.9507694400182527 -0.5864103848659376 0.8213542833319174 1.0287324995252591 0.31516583785711605 0.0 0.0 
l -0.9662830885731298 -0.5585102556653841 0.8354504872575481 1.0389549855139315 0.30499671096330605 0.0 0.0 
l -0.9849710514944606 -0.5318768483379305 0.8453002156665428 1.0574789117859291 0.2927746510171456 0.0 0.0 
l -1.0069453796787615 -0.5074500847393592 0.8495267835738466 1.085636680470061 0.27808130748354876 0.0 0.0 
l -1.0320632791083695 -0.48613973226884766 0.8468303751459852 1.1245453795778972 0.2602659143500826 0.0 0.0 
l -1.0598646952283866 -0.46880898184954256 0.8360683680607247 1.1750095772236622 0.2383948796437586 0.0 0.0 
l -1.0895624227754517 -0.45628157337001096 0.8163398330039088 1.2374701623222635 0.2112537949991221 0.0 0.0 
l -1.1201110749931522 -0.4493707448171347 0.7870761945606297 1.3120121174195232 0.1774781606017728 0.0 0.0 
l -1.1503471362687363 -0.4489243285437398 0.7481456511917256 1.3984148987107912 0.13589889387712073 0.0 0.0 
l -1.1791626457159972 -0.455885550226185 0.6999554517948907 1.4961954717198644 0.0861732858072477 0.0 0.0 
l -1.2056583483813648 -0.4713577096830161 0.6435310638029983 1.6045753109469272 0.029579318124481446 0.0 0.0 
l -1.2292295574036238 -0.49667068791656155 0.580526053574548 1.7223343317684436 -0.030477665246032015 0.0 0.0 
l -1.2495796651864313 -0.5334202072508747 0.5131254607507796 1.8476034407455904 -0.08889472396847109 0.0 0.0 
l -1.2666751869861415 -0.5834457814084417 0.44382883968015036 1.977714359937625 -0.14037528895319268 0.0 0.0 
l -1.2806746120540795 -0.6486727178550861 0.3751510285347438 2.1092603469680764 -0.1811645314499394 0.0 0.0 
l -1.2918528114434806 -0.7307121785924409 0.3093248961667754 2.2384482822875618 -0.2099035249315503 0.0 0.0 
l -1.300538192032283 -0.8301197989083868 0.24808459184215872 2.3616537804958493 -0.22731879508648 0.0 0.0 
l -1.3070719013574206 -0.9453462746794521 0.19257882841738347 2.4759537668968954 -0.2353362558345346 0.0 0.0 
l -1.3117824563416032 -1.0718569497540777 0.14339583829962313 2.5794332334869603 -0.23623935071956362 0.0 0.0 
l -1.3149726454410944 -1.2022725585050416 0.10066206952532686 -0.4703857805247526 -0.2321551899335753 0.0 0.0 
l -1.3169157728818979 -1.3280485119816525 0.06416699252011633 -0.39036016309991134 -0.2248442267600252 0.0 0.0 
l -1.3178513865543844 -1.4419384326775537 0.03348041451167478 -0.32155325853135625 -0.21566351523026184 0.0 0.0 
l -1.3179927564830316 -1.5396571524111198 0.008046623661827942 -0.26309558836780783 -0.20561841974853173 0.0 0.0 
l -1.3175257902279478 1.5215882599533774 -0.012746055834077109 -0.21396798489743024 -0.19543337071374675 0.0 0.0 
l -1.3166125766282457 1.4576309384556452 -0.029518310525564632 -0.17311728130690013 -0.1856155944675567 0.0 0.0 
l -1.3153916837668425 1.4079661977406561 -0.042869578577586054 -0.1395259444602796 -0.1765080332696467 0.0 0.0 
l -1.3139803464719777 1.3701581770057738 -0.053358509816936614 -0.11224669536243542 -0.16832450204692812 0.0 0.0 
l -1.3124745028057443 1.3418603234997888 -0.06149252571313225 -0.09041310533082408 -0.16117796686595445 0.0 0.0 
l -1.3109500308404738 1.321006411054305 -0.06772122090648094 -0.07324508342542918 -0.155100667596873 0.0 0.0 
l -1.3094630155985634 1.305865255521502 -0.07243444641409555 -0.06004583922546852 -0.1500634916051683 0.0 0.0 
l -1.308052255548439 1.2950354802498871 -0.07596177840313575 -0.05019571339502232 -0.14598854865429103 0.0 0.0 
l -1.3067391473528414 1.2874052240499907 -0.07857773667215903 -0.043156033522970094 -0.1427644754939803 0.0 0.0 
l -1.3055307838039656 1.2821234986924859 -0.08050225306682955 -0.038447876795235814 -0.14026385665370616 0.0 0.0 
l -1.304421818151163 1.2785514303292673 -0.08190843603438382 -0.03566227869919153 -0.13835064072603553 0.0 0.0 
l -1.3033965189680485 1.276225450429201 -0.08292840049313573 -0.0344510877008381 -0.1368946339037348 0.0 0.0 
l -1.302431059309569 1.2748230903305648 -0.08365961615204527 -0.0345219689237794 -0.13577996765899852 0.0 0.0 
l -1.3014955458457385 1.2741331055934086 -0.08417110614415178 -0.035633640765990016 -0.13491108631409854 0.0 0.0 
l -1.3005555565943407 1.2740297220731165 -0.08450931425491919 -0.03758990496713127 -0.1342152876349887 0.0 0.0 
l -1.2995738690433423 1.2744496697615648 -0.08470355853611085 -0.04023365931077855 -0.1336420597092003 0.0 0.0 
l -1.2985121629720746 1.2753746856127126 -0.0847701456213288 -0.04343850188688231 -0.1331601451060953 0.0 0.0 
l -1.2973302477883448 1.2768122368711348 -0.08471800541087096 -0.047110015749446565 -0.13275583075238895 0.0 0.0 
l -1.295989474595645 1.2787838820675634 -0.08455076133589715 -0.051173878237952664 -0.1324271931708448 0.0 0.0 
l -1.2944528328059686 1.2813126247858924 -0.08427026510357602 -0.05557160911752129 -0.13217838840005275 0.0 0.0 
l -1.2926860839572814 1.2844172917099816 -0.08387772830848746 -0.06025735863581366 -0.13201662493618888 0.0 0.0 
l -1.2906581808343074 1.2881048249110347 -0.08337580262866365 -0.06519489330627909 -0.13194602328298485 0.0 0.0 
l -1.2883430586501354 1.292373628858498 -0.08276691813453559 -0.07035901276682627 -0.13196710771204284 0.0 0.0 
l -1.2857193209774256 1.2971922107297909 -0.08206009330362937 -0.07572680089780842 -0.1320750517473088 0.0 0.0 
l -1.282772696330078 1.3025257224111857 -0.08126215178700176 -0.08128786630106738 -0.13225928930685532 0.0 0.0 
l -1.2794968826759616 1.308324570363862 -0.08038134404389158 -0.08704175245096052 -0.13250527065565182 0.0 0.0 
l -1.2758942209651836 1.3145295546518732 -0.07942601852068788 -0.0930027450234005 -0.13279680720608794 0.0 0.0 
l -1.2719753749641225 1.3210774958167706 -0.07840346328033833 -0.09920488858936655 -0.13311739531314032 0.0 0.0 
l -1.2677587421499492 1.327908367766067 -0.07731827796903927 -0.105708883743514 -0.13345437183567183 0.0 0.0 
l -1.2632705205592512 1.3349722742220917 -0.07617047194137623 -0.11260577602898353 -0.13380170730497104 0.0 0.0 
l -1.258542597753368 1.3422335804219307 -0.0749548974407575 -0.12002462032105704 -0.1341612733747637 0.0 0.0 
l -1.2536109393669141 1.3496762484362221 -0.07365989316781195 -0.12813764920286913 -0.13454235401168285 0.0 0.0 
l -1.2485140905463061 1.3573079792555287 -0.0722660289615765 -0.13716543820825472 -0.134960308699138 0.0 0.0 
l -1.2432882622681363 1.3651650506702253 -0.07074514198763196 -0.14738348292406406 -0.135434596319596 0.0 0.0 
l -1.2379663693354988 1.3733094768882756 -0.06906080263996568 -0.1591227182261165 -0.13598312125509315 0.0 0.0 
l -1.2325738558214603 1.381828871631066 -0.06716849085938316 -0.17277383053762446 -0.136613674935332 0.0 0.0 
l -1.2271268252638716 1.3908332184725338 -0.06501619943152771 -0.18878482057300777 -0.13731664602092636 0.0 0.0 
l -1.2216297285618225 1.4004479913892434 -0.0625464382580431 -0.207658318592655 -0.13805366420618473 0.0 0.0 
l -1.2160740265338545 1.4108080988673002 -0.059697733540425534 -0.22994452137240534 -0.1387494495446041 0.0 0.0 
l -1.210438976620058 1.4220495493750058 -0.056406572939667866 -0.2562286246926441 -0.13928239508420154 0.0 0.0 
l -1.204691964618188 1.4342975724616531 -0.0526108746501916 -0.2871109863089473 -0.13947668163221805 0.0 0.0 
l -1.1987899746040176 1.4476606538603718 -0.048251056164094294 -0.32317734523588654 -0.13910068354639543 0.0 0.0 
l -1.1926827710463515 1.4622190004184763 -0.043273101752392615 -0.3649538035855308 -0.13786480368455645 0.0 0.0 
l -1.186315745431255 1.478019305814438 -0.03762950922264139 -0.4128469039835127 -0.13542587655229735 0.0 0.0 
l -1.1796333063920263 1.4950692627684337 -0.03128061425025144 -0.46706252325140335 -0.1313941541119423 0.0 0.0 
l -1.172581742051829 1.5133384332834348 -0.024193888933080707 -0.5275094469131856 -0.12534979014105962 0.0 0.0 
l -1.165111861889877 1.532760145802407 -0.016343348631449085 -0.5936994222238852 -0.11686127956981125 0.0 0.0 
l -1.157180801002284 1.553238849731956 -0.0077072569608803345 -0.6646665374854888 -0.105515259398753 0.0 0.0 
l -1.148752940920923 -1.5669324949748487 0.001734966605428485 2.4026543892282404 -0.09095714286953442 0.0 0.0 
l -1.1397991037763342 -1.5446930931583287 0.012005162195060079 2.3269976609024625 -0.07293265467048346 0.0 0.0 
l -1.1302956065756289 -1.5217599619303528 0.023129787889929764 2.25217832103361 -0.05134776662482338 0.0 0.0 
l -1.1202227747491955 -1.498252320290184 0.03514130034105271 2.1805062899732803 -0.026324395576364193 0.0 0.0 
l -1.10956253251802 -1.4742813753276136 0.04807902959086806 2.114154904290304 0.001749300304581293 0.0 0.0 
l -1.0982977249618804 -1.4499551410479468 0.06198641633694977 2.054986090742985 0.032192489864549444 0.0 0.0 
l -1.086411679120552 -1.425384950577926 0.0769068868208568 2.004462815239405 0.06404174844504928 0.0 0.0 
l -1.0738892474138788 -1.4006950534409262 0.09287689637446851 1.963648279029181 0.09611065663836947 0.0 0.0 
l -1.0607205198611733 -1.376033938491762 0.10991558084426876 1.9332680189921863 0.12709405150891973 0.0 0.0 
l -1.0469054044919464 -1.3515802529595162 0.12801448171258376 1.913796785153593 0.15570441445952468 0.0 0.0 
l -1.032458790889037 -1.3275446315396706 0.14712687500143046 1.9055313437734862 0.18080692864811126 0.0 0.0 
l -1.0174176874348935 -1.3041648104619272 0.16715834171215732 1.9086388367392806 0.20152704029554697 0.0 0.0 
l -1.001846567344978 -1.281697332589883 0.1879588518110125 1.9231525839804966 0.2173127355054514 0.0 0.0 
l -0.9858427762031222 -1.260400435482069 0.20932116465775744 1.9489219303560323 0.22794487010811113 0.0 0.0 
l -0.9695383272885727 -1.2405168808475646 0.23098366627633135 1.9855158753752835 0.23350284739682994 0.0 0.0 
l -0.9530982416227616 -1.2222561524043054 0.2526400511580788 2.032100507143972 0.2343067637804263 0.0 0.0 
l -0.9367146274331846 -1.20577944865407 0.2739552713866995 2.087329308406801 0.230844768696298 0.0 0.0 
l -0.9205987735114366 -1.1911900913102427 0.29458471673916226 2.1492998530674825 0.2237061813624392 0.0 0.0 
l -0.9049723627616652 -1.1785286631232115 0.3141950524430071 -0.9259635321478912 0.21352123671481266 0.0 0.0 
l -0.89005164037409 -1.167775355373256 0.33248636290598665 -0.857933986993725 0.20091175623273416 0.0 0.0 
l -0.8760376527028959 -1.1588550485600415 0.34920932823432654 -0.7908431667674118 0.186459403355076 0.0 0.0 
l -0.8631065724285099 -1.151647706996555 0.36417619715817384 -0.7270229994387567 0.1706887175130396 0.0 0.0 
l -0.85140268494828 -1.146001280548846 0.3772647674122542 -0.6683012852190122 0.1540628245874756 0.0 0.0 
l -0.8410367518739306 -1.1417416603292727 0.3884177044568507 -0.6159385659709464 0.13698389008557826 0.0 0.0 
l -0.8320876926971162 -1.138686322257676 0.39763256738491765 -0.5706770644232062 0.11980372625658081 0.0 0.0 
l -0.8246076063907563 -1.1366543402958669 0.4049496244750004 -0.5328582483178617 0.10283309576317712 0.0 0.0 
l -0.8186306684338382 -1.1354745818758893 0.41043634741859014 -0.5025559947821272 0.0863483891306841 0.0 0.0 
l -0.8141807909252365 -1.1349925917799903 0.4141726985919175 -0.4796935197390056 0.0705921969488078 0.0 0.0 
l -0.8112815299422211 -1.1350741844793397 0.4162374545414747 -0.46413020788987686 0.05576835846182043 0.0 0.0 
l -0.8099635739801281 -1.1356101413293584 0.4166954273245425 -0.4557181524783928 0.042034835504843104 0.0 0.0 
l -0.8102722217709223 -1.136516396339977 0.41558973486753376 -0.45433071768227246 0.029490333335340013 0.0 0.0 
l -0.8122723162913916 -1.1377360203064213 0.4129352649218454 -0.45986881069786717 0.018167191338111177 0.0 0.0 
l -0.8160507739016761 -1.13923928718621 0.4087170385126034 -0.472249498138082 0.008027190288397879 0.0 0.0 
l -0.8217160875274572 -1.141025240263617 0.40289074928879975 -0.49137374733872713 -0.001038657892969863 0.0 0.0 
l -0.8293938629142537 -1.1431221266386877 0.39538870796481895 -0.5170790519484769 -0.009201412369693573 0.0 0.0 
l -0.8392200287161887 -1.145589863615766 0.3861268523560759 -0.5490709777095841 -0.016684625423799726 0.0 0.0 
l -0.8513301270938474 -1.1485226458706772 0.3750156154768959 -0.5868413617986479 -0.023749142741444962 0.0 0.0 
l -0.865844020583126 -1.1520526497958468 0.36197380494145637 -0.6295831003137553 -0.0306804726924102 0.0 0.0 
l -0.8828460608217996 -1.1563548250449083 0.3469448346732461 -0.6761270013969707 -0.03777781145014936 0.0 0.0 
l -0.9023642916610706 -1.1616503423211515 0.32991420061040944 -0.7249235018639004 -0.04534509636200551 0.0 0.0 
l -0.9243482023196313 -1.1682116042070572 0.31092499711573063 -0.7741041448134129 -0.05368223676919781 0.0 0.0 
l -0.9486477893206167 -1.176365099313784 0.2900918243523513 -0.8216315151944082 -0.06307351843809661 0.0 0.0 
l -0.975002801521757 -1.1864912048282188 0.26760722730920994 -0.8655104442136103 -0.07377148598513295 0.0 0.0 
l -1.003037618507777 -1.1990190820906563 0.24374379553208617 2.237578583622044 -0.08597707684756978 0.0 0.0 
l -1.0322727379446948 -1.2144172082419136 0.21884401822510918 2.20574274241626 -0.09981578000980154 0.0 0.0 
l -1.0621495942357972 -1.2331734425726473 0.19330354524773802 2.181351528520843 -0.11530925588774718 0.0 0.0 
l -1.0920665910625937 -1.2557627568746776 0.16754862734332188 2.1646882833543586 -0.1323578969006689 0.0 0.0 
l -1.1214224001506716 -1.2826022351914772 0.14200907011117392 2.1556341147331457 -0.15073214521186667 0.0 0.0 
l -1.1496561024877678 -1.31398985723785 0.11709336508174079 2.153787306178996 -0.17008357502727808 0.0 0.0 
l -1.176284734771261 -1.3500254492532877 0.09316794754522488 2.1585769998776136 -0.18997485709866344 0.0 0.0 
l -1.2009260386059548 -1.390532674205314 0.0705404998341851 2.1693561307164733 -0.20992250835264165 0.0 0.0 
l -1.2233101621530384 -1.4349889441965975 0.049451325460309115 2.1854545304767727 -0.22945079811519792 0.0 0.0 
l -1.243279495952959 -1.4824882149773448 0.03007208747249566 2.206199495570467 -0.2481403351861465 0.0 0.0 
l -1.2607815806601994 -1.5317752909558504 0.012505841794094658 2.2309145897750398 -0.26566668956733774 0.0 0.0 
l -1.2758560817155062 1.5602469846670226 -0.0032050080669881295 2.258901695202823 -0.2818252174749383 0.0 0.0 
l -1.2886211523137288 1.5119686880746264 -0.01707281205866225 2.2894225352109294 -0.2965415837717725 0.0 0.0 
l -1.2992592343880565 1.466428101773718 -0.02915524357767832 2.3216849371517494 -0.30986694403538717 0.0 0.0 
l -1.308003779551774 1.4247626812150567 -0.039546123546517355 2.354841169213201 -0.32196464838530864 0.0 0.0 
l -1.3151266588035493 1.3876919378249317 -0.04836608127991033 2.3880073486152087 -0.3330965129528511 0.0 0.0 
l -1.3209270525360277 1.355494262805667 -0.055752868956696365 2.4202895234166304 -0.34359832606887675 0.0 0.0 
l -1.3257205405496442 1.3280526506739148 -0.061853215488185856 2.45082886822619 -0.3538608455360656 0.0 0.0 
l -1.329827505890489 1.3049515233318318 -0.0668139234917582 2.4788420047122592 -0.364312475520808 0.0 0.0 
l -1.3335605026722355 1.2855881000099048 -0.07077453126311284 2.503656435594965 -0.3754005674167559 0.0 0.0 
l -1.3372126344006159 1.2692823534348483 -0.07385962495493474 2.524732129855214 -0.3875753207762362 0.0 0.0 
l -1.3410460449315016 1.2553591141252987 -0.07617510470443307 2.541671140480546 -0.40127524570893214 0.0 0.0 
l -1.3452805086311292 1.2432234516608989 -0.07780245740599401 2.554211339820899 -0.4169138043865689 0.0 0.0 
l -1.3500847391016992 1.2324067723394476 -0.07879697908655167 2.5622101624626286 -0.4348682731007718 0.0 0.0 
l -1.3555691946538098 1.222601380523569 -0.07918721490414563 2.5656291029986242 -0.45546938290074834 0.0 0.0 
l -1.3617806352057773 1.2136891530642897 -0.07897578770576605 2.5645116305702595 -0.4789922196235594 0.0 0.0 
l -1.3686986213932335 1.2057756429541844 -0.07814027826406401 2.55896642817162 -0.5056489375128833 0.0 0.0 
l -1.3762362255232057 1.1992207156941013 -0.07663653563649978 2.5491553822754476 -0.5355831488988096 0.0 0.0 
l -1.3842420869282317 1.1946745890043906 -0.0744036538207004 2.535280406901017 -0.5688610536698404 0.0 0.0 
l -1.392506516268818 1.1931278841663253 -0.07136733213824294 2.5175771785354693 -0.6054697530117349 0.0 0.0 
l -1.4007705444248122 1.1959388439760343 -0.06744841030760688 2.496305632577558 -0.6453108580295722 0.0 0.0 
l -1.4087354419415898 1.2048636772074723 -0.06256797737746865 2.4717423330606696 -0.688201377640094 0.0 0.0 
l -1.4160750538661555 1.2220304759930922 -0.056653968705283074 2.444166597530341 -0.7338748597419456 0.0 0.0 
l -1.42245324798406 1.2497920576225583 -0.04964890237464899 2.4138496578299833 -0.7819871997951652 0.0 0.0 
l -1.4275378666949912 1.2903936834640135 -0.041517752927729905 2.381037772298827 -0.8321273282824956 0.0 0.0 
l -1.431017532670195 1.3453723956186447 -0.03225350562675456 2.3459373534574928 -0.8838302958662243 0.0 0.0 
l -1.432618241715182 1.4146915765975214 -0.021883172578316 2.3087023320437243 -0.936595674111258 0.0 0.0 
l -1.432118459789757 1.4958951592592484 -0.010473448363554662 2.269428362541737 -0.9899022644926745 0.0 0.0 
l -1.4293641139727684 -1.5576787362670559 0.001867824833780057 2.228146792562847 -1.0432274334717855 0.0 0.0 
l -1.4242808963209863 -1.469560444171856 0.014989799141293855 2.184838355419884 -1.0960582136313497 0.0 0.0 
l -1.4168830325323145 -1.3878097625176231 0.02870186168924992 2.1394479643853996 -1.1479013409374645 0.0 0.0 
l -1.407279297884783 -1.3169600325239326 0.04277767238665586 2.0919106572787785 -1.1982883531710917 0.0 0.0 
l -1.3956728958800806 -1.259017010890825 0.05696307454641169 2.042191897976294 -1.2467769065069374 0.0 0.0 
l -1.3823565991362214 -1.2138922761002986 0.07098814927798887 1.9903367482792904 -1.2929513964493033 0.0 0.0 
l -1.3676996962110457 -1.1802539895018525 0.08457930737249457 1.9365265827550961 -1.3364231164884004 0.0 0.0 
l -1.3521290541744422 -1.1562638354398773 0.09747391692618339 1.881144256325905 -1.3768307055821105 0.0 0.0 
l -1.336104805943976 -1.1400459305726764 0.10943345097103985 1.8248279196802744 -1.4138440429191519 0.0 0.0 
l -1.3200943376938814 -1.129905975750392 0.12025766743770408 1.7685117479674355 -1.4471709091638567 0.0 0.0 
l -1.3045455150626355 -1.1244092132712291 0.12979469933509338 1.7134212058665759 -1.4765681069104404 0.0 0.0 
l -1.289861830806106 -1.1223794455340608 0.13794868129289845 1.661011308346248 -1.501852521873635 0.0 0.0 
l -1.2763839974464342 -1.1228653742644301 0.14468299005409924 1.6128443165673574 -1.5229140077322114 0.0 0.0 
l -1.2643777562099983 -1.1251018198364728 0.1500182573770137 1.5704190256229853 -1.5397260129184784 0.0 0.0 
l -1.2540279841099164 -1.1284720236529897 0.15402707606472574 1.5349861007999859 -1.552354875730232 0.0 0.0 
l -1.245439532171343 -1.1324799538843382 0.15682381174938878 1.5073889816859984 -1.5609637458984085 0.0 0.0 
l -1.238642258732773 -1.1367264395049463 0.1585538837929819 1.4879664473120964 -1.5658130833903243 0.0 0.0 
l -1.233601850848185 -1.140899328703461 0.1593779000333003 1.4765327236419157 -1.5672536595233466 0.0 0.0 
l -1.2302289385871603 -1.1447668706103797 0.15945866521458907 1.4724282023029762 -1.5657123603369931 0.0 0.0 
l -1.2283911001544934 -1.1481794207348144 0.15894662816577307 1.4746128216931302 -1.561675196704638 0.0 0.0 
l -1.2279264821509803 -1.1510638186803732 0.15797079946069756 1.48180410475082 -1.5556645246334184 0.0 0.0 
l -1.2286534257379684 -1.1534244583681135 0.1566317371194389 1.4926071782479662 -1.5482157895332005 0.0 0.0 
l -1.2303814795569195 -1.1553376034829397 0.15499890760812207 1.505643561004317 -1.5398507473052736 0.0 0.0 
l -1.2329212182599334 -1.1569451011760574 0.15311042036749606 1.519649002017532 -1.5310528894560949 0.0 0.0 
l -1.2360925878375042 -1.1584373131459276 0.15097865103773464 1.5335457677881241 -1.5222462809083244 0.0 0.0 
l -1.2397311767662842 -1.1600369965941264 0.148596385063755 1.546496114159239 -1.5137754491843074 0.0 0.0 
l -1.2436959704011359 -1.1619692485568813 0.14594720047140405 1.5579097870965712 -1.5058946399425657 0.0 0.0 
l -1.2478713434049569 -1.164441371104879 0.14301348911333067 1.5674633424564601 -1.4987563515230216 0.0 0.0 
l -1.252170325344572 -1.1676224025751827 0.13978296104325194 1.5750961793513814 -1.4924068916414301 0.0 0.0 
l -1.2565316223076315 -1.1716222639703724 0.13625723191741854 1.581000627220844 -1.4867867667530577 0.0 0.0 
l -1.2609181314800029 -1.1764925987006156 0.13245071037557735 1.5856175480244228 -1.4817291388464922 0.0 0.0 
l -1.2653095935622303 -1.1822215479974307 0.12839426795582506 1.5896263927726937 -1.4769654717729497 0.0 0.0 
l -1.269697305543111 -1.188746262210461 0.12413124480586002 1.593929188113189 -1.4721335359050054 0.0 0.0 
l -1.2740756358760024 -1.1959688607094767 0.1197139470936123 1.599624351606175 -1.466786898389614 0.0 0.0 
l -1.2784353664212271 -1.2037741515493359 0.11519906076843069 1.607960634295605 -1.4604082206327487 0.0 0.0 
l -1.2827567517592924 -1.2120533606923045 0.11064157742852229 1.6202761854951198 -1.452425961096342 0.0 0.0 
l -1.2870059214585023 -1.2207131685903354 0.10609281459218409 1.6379025910422842 -1.4422355888770784 0.0 0.0 
l -1.2911341144759318 -1.2296813100757165 0.10159861954488285 1.662060873192363 -1.4292206726888452 0.0 0.0 
l -1.295079827608938 -1.2389034958736727 0.09719940361841722 1.693728623632351 -1.412778797051144 0.0 0.0 
l -1.2987733668100907 -1.248335115683044 0.09293094589527587 1.7335074564207196 -1.3923474084121126 0.0 0.0 
l -1.3021426430250536 -1.2579156650712657 0.08882999552926055 1.7815041093202713 -1.3674313306749604 0.0 0.0 
l -1.3051219643702954 -1.2675503549683098 0.08493637483771026 1.8372583672519858 -1.337629013757786 0.0 0.0 
l -1.3076593406866441 -1.2770894737723657 0.08129655489866718 1.8997408786466432 -1.3026578498717456 0.0 0.0 
l -1.3097218307849825 -1.2863147166428401 0.07796626824158513 1.96745073165196 -1.262381539095484 0.0 0.0 
l -1.311298881093891 -1.2949349210730907 0.07501174654051819 2.038594761526759 -1.2168336375719524 0.0 0.0 
l -1.3124036938536987 -1.3025988209842425 0.07250752671365551 2.11132215668213 -1.166235088718339 0.0 0.0 
l -1.3130692353734665 -1.3089192228762427 0.07053328386015957 2.1839418142949256 -1.1110041150091288 0.0 0.0 
l -1.3133428529399795 -1.313498863348062 0.06917067097154808 2.2550820382799683 -1.0517565992104152 0.0 0.0 
l -1.3132780177436438 -1.3159694953397094 0.06849683569899104 2.323751510901902 -0.9892865408811915 0.0 0.0 
l -1.312925831406773 -1.316018525104547 0.06858074515183035 2.389326080078079 -0.9245318289679898 0.0 0.0 
l -1.312325944311795 -1.3134201939297208 0.06947763615762234 2.4514709087900197 -0.8585229021174098 0.0 0.0 
l -1.3114999881977443 -1.3080614961735222 0.0712237524903928 2.5100550216686326 -0.7923199206266084 0.0 0.0 
l -1.3104461590760819 -1.29995326334369 0.0738347884961936 2.5650597093397134 -0.7269513281473394 0.0 0.0 
l -1.309138122446093 -1.2892422567581836 0.07730287990587052 -0.5250815033289697 -0.6633562058878542 0.0 0.0 
l -1.3075265025161782 -1.2762150632209486 0.08159496487498888 -0.47715377167792344 -0.6023459929588731 0.0 0.0 
l -1.305543251264621 -1.2612889790447162 0.08665325951050867 -0.43274589043327455 -0.5445793319131117 0.0 0.0 
l -1.3031086730056103 -1.2449952863062301 0.0923956342685961 -0.3918848446264755 -0.4905565777777572 0.0 0.0 
l -1.3001402638846697 -1.2279494964656708 0.09871716216128572 -0.3546220712060117 -0.4406273569069496 0.0 0.0 
l -1.2965624292827787 -1.210807787047624 0.10549351911764716 -0.3210222181866644 -0.3950053759512217 0.0 0.0 
l -1.2923171455983156 -1.1942206770389923 0.11258369459184897 -0.29114343594924724 -0.35378587757068725 0.0 0.0 
l -1.2873718402112364 -1.1787839197278223 0.11983498501072459 -0.2650215138503235 -0.3169640041593633 0.0 0.0 
l -1.2817272671765605 -1.1649936506137437 0.12708891256854823 -0.2426516017882338 -0.28445132817575636 0.0 0.0 
l -1.275421841616804 -1.1532171890230356 0.1341872084039841 -0.2239734588026409 -0.25608954116804933 0.0 0.0 
l -1.2685333288759832 -1.1436763775602543 0.14097908971924392 -0.20886565496444426 -0.23166316857605235 0.0 0.0 
l -1.2611768561880732 -1.1364455190749667 0.14732920854948617 -0.1971414415424541 -0.21091164171700139 0.0 0.0 
l -1.2535006834107199 -1.131461090949669 0.1531252377335866 -0.1885488071622589 -0.19354039186723682 0.0 0.0 
l -1.2456775039112116 -1.12854646741115 0.1582829561247453 -0.18278026912483386 -0.17923116521708032 0.0 0.0 
l -1.2378946640324278 -1.1274346931275172 0.16275171598835397 -0.17948374017956165 -0.16765430852966487 0.0 0.0 
l -1.2303429951156797 -1.1277950859014299 0.16651693880033874 -0.17827851373945508 -0.1584804435622583 0.0 0.0 
l -1.2232051603053535 -1.129259339985651 0.16959999565723247 -0.178772029190509 -0.1513915932353715 0.0 0.0 
l -1.2166454004907734 -1.1314422612703599 0.17205640339170142 -0.18057849398760845 -0.1460916522920905 0.0 0.0 
l -1.210800887743336 -1.1339637937570104 0.1739697756810633 -0.18333547940011935 -0.14231363785062467 0.0 0.0 
l -1.2057764422191708 -1.1364612412888326 0.17544614231285952 -0.18671894152843244 -0.1398261446574122 0.0 0.0 
l -1.2016411184624856 -1.138608322645798 0.17660302411215356 -0.1904532416708586 -0.13843579003767809 0.0 0.0 
l -1.1984268976758417 -1.140121297152725 0.17756277839382253 -0.1943234218678926 -0.1379896081681848 0.0 0.0 
l -1.1961306678697885 -1.140768511886934 0.1784431594147819 -0.1981773924484848 -0.1383748070439255 0.0 0.0 
l -1.1947180563698026 -1.1403747151221997 0.17935025030128568 -0.201927441981736 -0.1395189302005207 0.0 0.0 
l -1.1941258163627335 -1.1388299496144594 0.18037126056107666 -0.20555360523872584 -0.14138719040021425 0.0 0.0 
l -1.1942666337388819 -1.136088854167167 0.18157181239911632 -0.20910020686644154 -0.14398317573566086 0.0 0.0 
l -1.1950339501247724 -1.1321721350021032 0.18299339695138148 -0.21267187600383636 -0.14735037694945546 0.0 0.0 
l -1.1963054987651112 -1.1271636730451395 0.18465438572105813 -0.216430862267394 -0.1515728847685211 0.0 0.0 
l -1.1979476204547463 -1.121208416212354 0.1865507417782754 -0.22059121544659005 -0.15677756957456326 0.0 0.0 
l -1.1998182391179608 -1.114503861707752 0.18866046398042968 -0.22541490498679767 -0.16313694474263724 0.0 0.0 
l -1.201769529993061 -1.1072938840681381 0.190946779257772 -0.23120529217102165 -0.17086994477771245 0.0 0.0 
l -1.2036517011282577 -1.0998554697259075 0.19336337716864704 -0.2383038977961393 -0.18023977625278756 0.0 0.0 
l -1.2053162636713202 -1.0924838823426777 0.19585977111519576 -0.24708176653035369 -0.1915531024206611 0.0 0.0 
l -1.2066196366556583 -1.0854786388197875 0.1983851565967559 -0.2579325310348268 -0.20515198949834879 0.0 0.0 
l -1.2074268177345024 -1.0791260818838162 0.20089296517247815 -0.2712677602787041 -0.2214051297103413 0.0 0.0 
l -1.2076155197831084 -1.073684885660077 0.2033431466677923 -0.2875088067443134 -0.2406965858751328 0.0 0.0 
l -1.207080602521813 -1.069372226704904 0.2057036495118735 -0.30708410391268254 -0.2634095901807304 0.0 0.0 
l -1.205739223501285 -1.0663512588132995 0.20795094416836 -0.3304216995203288 -0.28991206312039625 0.0 0.0 
l -1.2035344654772295 -1.0647235500487233 0.2100696304413185 -0.3579481287896155 -0.3205394930326375 0.0 0.0 
l -1.200438902225156 -1.0645282363159305 0.2120497547570342 -0.3900918923313172 -0.355574699147093 0.0 0.0 
l -1.196457656388067 -1.0657429085441181 0.21388467788979185 -0.4272833688410855 -0.39522833090463894 0.0 0.0 
l -1.1916291994042336 -1.0682934102981536 0.2155671124130017 -0.46996038942019686 -0.4396157420800329 0.0 0.0 
l -1.1860251686554022 -1.0720651486975794 0.21708588410765295 -0.5185695188006034 -0.4887325164076445 0.0 0.0 
l -1.1797477371816312 -1.0769191817215416 0.21842230938728752 -0.5735649818379112 -0.5424309582978798 0.0 0.0 
l -1.1729249031383302 -1.082709779896636 0.21954702403699647 -0.6353968276873403 -0.6003974585485503 0.0 0.0 
l -1.1657028284872395 -1.0893038710455178 0.22041700167130557 -0.7044804628839709 -0.6621349946138841 0.0 0.0 
l -1.1582367849353068 -1.0965944961596659 0.22097543570334044 2.360457544580605 -0.7269581005068703 0.0 0.0 
l -1.1506812772680806 -1.1045117113822613 0.22115233683974028 2.2761030795916306 -0.7940039502212046 0.0 0.0 
l -1.1431789470015588 -1.1130302172374487 0.22086651176547828 2.18424846699354 -0.8622618644373294 0.0 0.0 
l -1.1358500129747704 -1.1221684831064778 0.2200309612421893 2.085577878308892 -0.9306262720339098 0.0 0.0 
l -1.1287841281628677 -1.131982875286048 0.21855920903785095 1.9813914254825098 -0.9979634956277941 0.0 0.0 
l -1.122035038783043 -1.1425564162394979 0.21637288063937005 1.8736435507009392 -1.0631868891327383 0.0 0.0 
l -1.1156197222821342 -1.153983104898031 0.2134093246373787 1.7648253162703835 -1.1253289682371608 0.0 0.0 
l -1.109520511887686 -1.166348848917506 0.2096296136350867 1.6576744372416659 -1.1835998823385023 0.0 0.0 
l -1.1036930401979423 -1.1797129227878558 0.20502330114682155 1.5547848855975042 -1.2374251527359532 0.0 0.0 
l -1.0980748413715427 -1.1940908213667392 0.19961227498482778 1.458250007156025 -1.2864576795309677 0.0 0.0 
l -1.0925958730231418 -1.2094421725546098 0.19345113968611324 1.3694471102649677 -1.3305734514162035 0.0 0.0 
l -1.087190060025478 -1.2256631213392288 0.1866253252550181 1.2890132788941924 -1.3698466234465494 0.0 0.0 
l -1.0818054485032116 -1.2425905974190805 0.17924426888185932 1.2169548625304853 -1.4045144802642848 0.0 0.0 
l -1.076410620897449 -1.2600075374879922 0.1714370848893499 1.152832071355906 -1.4349387417378168 0.0 0.0 
l -1.071001099180164 -1.2776636787750466 0.16334060433476533 1.0959427268869288 -1.4615598553682807 0.0 0.0 
l -1.0655977940314105 -1.2952925144721021 0.1550936833832248 1.0454769692739665 -1.4848561090723686 0.0 0.0 
l -1.0602487416081896 -1.312632331616149 0.1468279275430969 1.0006279304964552 -1.5053064813148327 0.0 0.0 
l -1.0550244417755128 -1.3294445028759379 0.13866188497842635 0.9606619704763322 -1.5233591013642949 0.0 0.0 
l -1.0500151032907836 -1.3455259298131224 0.1306967687941128 0.9249622498399981 -1.5394054922727818 0.0 0.0 
l -1.0453240157022041 -1.3607170389883754 0.12301463966532052 0.8930451287389347 -1.553764097800926 0.0 0.0 
l -1.0410630541678418 -1.3749013585223473 0.11567942244982125 0.8645669549104213 -1.566669720869256 0.0 0.0 
l -1.0373477653898233 -1.3879993931572532 0.1087404027187771 0.8393160092949408 -1.578273860359575 0.0 0.0 
l -1.034293302614734 -1.3999580275814223 0.10223749802055246 0.8171994002469052 -1.588649181015356 0.0 0.0 
l -1.0320096052856322 -1.4107372216346867 0.09620798738197549 0.7982239766739088 -1.5977977572626563 0.0 0.0 
l -1.0305975375635816 -1.4202931629169908 0.09069494079420468 0.7824733423083505 -1.6056624386585412 0.0 0.0 
l -1.0301444149257903 -1.4285660172682524 0.0857527815107776 0.7700825706593037 -1.6121326712387325 0.0 0.0 
l -1.0307174802967882 -1.4354656867916957 0.08145404987953242 0.7612108841976841 -1.6170461155275617 0.0 0.0 
l -1.032357200946688 -1.4408639207473541 0.07789171858891362 0.7560152168517669 -1.6201770634686687 0.0 0.0 
l -1.0350691656136781 -1.444586515467196 0.07518112047232753 0.7546289518820357 -1.621207252812773 0.0 0.0 
l -1.0388152106273512 -1.4464166842982533 0.07345500355021756 0.7571430759357689 -1.619668607361325 0.0 0.0 
l -1.0435041059919359 -1.4460993909184539 0.07285870809620186 0.7635933496325182 -1.6148493701320314 0.0 0.0 
l -1.048984693092296 -1.443351051241542 0.07354363921189244 0.7739551412407433 -1.6056370920276928 0.0 0.0 
l -1.055041568785015 -1.4378869652836581 0.07565362095704674 0.788150148704734 -1.5902362623782489 0.0 0.0 
l -1.061396647188913 -1.429450863294336 0.07931472913696283 0.806057600362631 -1.565681036077848 0.0 0.0 
l -1.0677128543534344 -1.4178557636583418 0.08462501532593346 0.8275356569721146 -1.5269027467250362 0.0 0.0 
l -1.073607536278004 -1.4030317852676346 0.0916451332589974 0.8524506036466253 -1.4648844896931716 0.0 0.0 
l -1.0786715418700845 -1.3850781420768183 0.1003894757733013 0.8807128674373179 -1.3629092841588504 0.0 0.0 
l -1.0824910332873046 -1.3642994279065492 0.11082414773797614 0.91231616996916 -1.1897833913852762 0.0 0.0 
l -1.0846742522835264 -1.3412246857652246 0.12286464212715924 0.9473766484139456 -0.89693420465911 0.0 0.0 
l -1.0848783136691633 -1.3165903544930597 0.13637739533408658 0.986168258728811 -0.47130364356336596 0.0 0.0 
l -1.0828350259932855 -1.2912832788836714 0.15118359914206575 1.0291448904694203 -0.04833243260440252 0.0 0.0 
l -1.0783721732427594 -1.2662496823041693 0.16706539479349872 1.0769387531822978 0.23863277916371192 0.0 0.0 
l -1.0714290636157364 -1.2423880287331475 0.18377409600305186 1.1303201140469874 0.40429596171706894 0.0 0.0 
l -1.062063956384065 -1.2204533411611782 0.2010386549716212 1.1900980360195137 0.49737088278029407 0.0 0.0 
l -1.0504549930469584 -1.2009875516898387 0.218576695785088 1.2569440931405202 0.5491368917597776 0.0 0.0 
l -1.0368902671727827 -1.1842938219470833 0.23610494482872865 1.3311341247830344 0.5765899908213021 0.0 0.0 
l -1.0217500989817454 -1.1704473557454191 0.25335048091010454 1.412240842134904 0.5891581529765815 0.0 0.0 
l -1.005481767765667 -1.159333536755324 0.2700615347269778 1.498870724929006 0.5923908568974855 0.0 0.0 
l -0.9885694988505693 -1.1507011396565658 0.28601567661819055 1.5885940431425014 0.5897611362474122 0.0 0.0 
l -0.971503510938066 -1.1442145005504454 0.3010270788707099 1.678195221039321 0.5835582343544193 0.0 0.0 
l -0.9547499611038306 -1.139498901811993 0.31495204019404677 1.764219046866432 0.5753511686109727 0.0 0.0 
l -0.9387262015208006 -1.1361788124584375 0.3276891550451213 1.843612484393294 0.5662429551584821 0.0 0.0 
l -0.9237830277169784 -1.1339016664475459 0.33917941999705414 1.9141973246218729 0.5570136712006648 0.0 0.0 
l -0.9101945885432104 -1.132354151516354 0.34940244088670813 1.9748239928566174 0.5482091744331228 0.0 0.0 
l -0.8981548200033177 -1.1312711373724533 0.35837106295709104 2.0252470006654706 0.5401976559769774 0.0 0.0 
l -0.8877814253363807 -1.1304365661405014 0.3661259350831631 2.0658646619296057 0.5332086846263353 0.0 0.0 
l -0.8791233674625386 -1.1296815664248936 0.37272938565839575 2.0974484927762966 0.5273629766693417 0.0 0.0 
l -0.8721716584493954 -1.1288791615801625 0.3782598781382746 2.1209360468542346 0.5226963893061158 0.0 0.0 
l -0.8668701006521403 -1.1279367839241257 0.3828086549448984 2.137296799365822 0.5191789904026698 0.0 0.0 
l -0.863127130815653 -1.1267873223744054 0.38647727875559507 -0.9941299611924133 0.5167316460752518 0.0 0.0 
l -0.8608260212644976 -1.1253802710108343 0.3893765602627351 -0.9892939687356395 0.5152403167297746 0.0 0.0 
l -0.8598343404090708 -1.1236725188133239 0.39162658147096735 -0.988995073419698 0.5145679751896883 0.0 0.0 
l -0.8600117253281948 -1.1216202864841223 0.393357039788864 -0.9925065616139961 0.5145648403416314 0.0 0.0 
l -0.8612157991123045 -1.1191732107913228 0.39470706253854426 -0.9991602000409741 0.5150753409653269 0.0 0.0 
l -0.8633070594126596 -1.1162706189652545 0.39582385349460597 2.133253861410702 0.5159449860491365 0.0 0.0 
l -0.8661523833362837 -1.1128407049122926 0.39685983313361045 2.1221192543876652 0.5170250427941447 0.0 0.0 
l -0.8696292466297497 -1.1088008089506165 0.3979684703324909 2.109554044788415 0.5181761025267224 0.0 0.0 
l -0.873627334760988 -1.1040622795183161 0.3992981653449714 2.0960374365402616 0.5192708454718615 0.0 0.0 
l -0.8780496480184401 -1.0985373528478255 0.4009851026864629 2.0819987797267645 0.5201981516693418 0.0 0.0 
l -0.8828126137711677 -1.0921465495365479 0.4031468131970125 2.067815149156586 0.5208616132662868 0.0 0.0 
l -0.8878480297155414 -1.084827056431422 0.4058739200685366 2.0538095139988126 0.5211866831704108 0.0 0.0 
l -0.8931004244563 -1.076538047468868 0.4092282349005507 2.040249952458458 0.5211139842505131 0.0 0.0 
l -0.8985281295527219 -1.0672685650240379 0.41323601061010407 2.027350996105893 0.5206068217644134 0.0 0.0 
l -0.9040998224280082 -1.0570393111855783 0.4178898879083037 2.0152741262777276 0.5196478532161095 0.0 0.0 
l -0.9097937985947631 -1.045903394870212 0.42314954763210366 2.004132091429664 0.5182389037108256 0.0 0.0 
l -0.9155947274321786 -1.033943600922122 0.4289470296696008 1.9939865285000329 0.5163995724697958 0.0 0.0 
l -0.9214920133179372 -1.0212678560596833 0.4351921096193827 1.9848493811201615 0.5141671663568281 0.0 0.0 
l -0.9274764705480714 -1.0080043252275332 0.441779066081022 1.976679717549885 0.5115960525947865 0.0 0.0 
l -0.9335404637548363 -0.9942921371531762 0.4485942618513705 1.969379517330889 0.5087565726678566 0.0 0.0 
l -0.9396725435609327 -0.9802792418241939 0.4555219277297541 1.9627843939492025 0.50573297448045 0.0 0.0 
l -0.9458602932198499 -0.966112639428269 0.46244982020841063 1.9566569190086402 0.5026239900505289 0.0 0.0 
l -0.9520893296531444 -0.951934158127883 0.4692731454879464 1.9506769875767922 0.49954109609929753 0.0 0.0 
l -0.9583410288149898 -0.9378801795169677 0.47589631034597685 1.9444290119800225 0.4966076671534457 0.0 0.0 
l -0.9645980994940169 -0.9240745608036921 0.4822338174063623 1.9373972435552205 0.4939570056021013 0.0 0.0 
l -0.9708446443535239 -0.9106284067819019 0.48820991719459983 1.9289642408358068 0.49172824617086275 0.0 0.0 
l -0.9770682763533219 -0.8976391594403333 0.49375711716818255 1.9184079596173433 0.4900636220774139 0.0 0.0 
l -0.9832636163091445 -0.885187322710364 0.49881546077693273 1.9049213963513794 0.48910101127447314 0.0 0.0 
l -0.98943615776525 -0.8733350036681168 0.5033298587886196 1.8876374984324185 0.488966236372134 0.0 0.0 
l -0.995603509241926 -0.8621261168493856 0.5072483700729394 1.8656734267088988 0.4897640596259807 0.0 0.0 
l -1.0017967784926431 -0.8515862951080988 0.5105206850672831 1.838195794560299 0.49156890455023705 0.0 0.0 
l -1.00805997033677 -0.8417223903437454 0.5130988969272184 1.8045130792490924 0.49440935962456034 0.0 0.0 
l -1.014448790048339 -0.8325277225066833 0.5149340037314061 1.7642005144552984 0.4982573731398352 0.0 0.0 
l -1.0210269519006498 -0.8239833338976951 0.5159783280391215 1.7172416740942926 0.5030080865544695 0.0 0.0 
l -1.0278599017822108 -0.8160653020787496 0.5161853787415667 1.6641681883198862 0.5084598762624088 0.0 0.0 
l -1.0350074859864504 -0.8087540952907561 0.5155092176533772 1.6061505505824294 0.5142896811639633 0.0 0.0 
l -1.0425158863024706 -0.8020426544879565 0.5139059508605957 1.5449950170290963 0.5200176490965054 0.0 0.0 
l -1.0504094149933851 -0.7959473878786085 0.511333283893476 1.482994836630848 0.5249628930390134 0.0 0.0 
l -1.0586819620273344 -0.7905190744947599 0.5077511039551128 1.4226537652347375 0.5281770022872687 0.0 0.0 
l -1.0672915597197306 -0.7858506642469985 0.5031223888224204 1.3663521484629368 0.5283445532304839 0.0 0.0 
l -1.076157159667664 -0.7820851184658744 0.49741269657654735 1.3160612056899608 0.5236338085026622 0.0 0.0 
l -1.0851587859491558 -0.7794196426485878 0.4905901681894762 1.2731799041873335 0.5114621024894213 0.0 0.0 
l -1.0941407549263886 -0.778106872284678 0.48262567015654556 1.2385158392959315 0.4881270587294039 0.0 0.0 
l -1.1029208077632633 -0.7784481647284387 0.4734937742748846 1.2123780769753285 0.4482434982031205 0.0 0.0 
l -1.1113013816274881 -0.7807838512985472 0.4631735803855139 1.1947214995018451 0.38397757064596205 0.0 0.0 
l -1.1190834036514383 -0.7854765602590195 0.4516513491712055 1.1853005920828004 0.28439375154776264 0.0 0.0 
l -1.126082321753747 -0.7928873572926565 0.4389243285757621 1.1838010378553616 0.13650305707314953 0.0 0.0 
l -1.132143100032092 -0.8033476793960109 0.4250056722533152 1.1899394186270755 -0.06761510067052012 0.0 0.0 
l -1.1371551562822275 -0.8171247433275614 0.40993052955213327 1.203532698870745 -0.3144622785054995 0.0 0.0 
l -1.141062274616122 -0.8343844639637971 0.3937646906050066 1.2245354842718603 -0.5617342273850131 0.0 0.0 
l -1.1438694547259742 -0.8551551383097284 0.37661178492305214 1.253046883090308 -0.7667025849951983 0.0 0.0 
l -1.1456427115150425 -0.8792966530447 0.358620678229088 1.2892866248239498 -0.915247222887742 0.0 0.0 
l -1.146505863049493 -0.906479868340343 0.339988217021031 1.3335358039301544 -1.0150758401299607 0.0 0.0 
l -1.1466257919494118 -0.9361893900280454 0.32095877773936515 1.3860285135592612 -1.0792513482236903 0.0 0.0 
l -1.1461977260203047 -0.9677414419831427 0.3018184032252065 1.4468038759201118 -1.1188702855727435 0.0 0.0 
l -1.1454250279107847 -1.0003259723560327 0.2828837028229407 1.5155150787618326 -1.1419370687726151 0.0 0.0 
l -1.1445006459146072 -1.0330649478726708 0.2644847861109011 1.5912357832830437 -1.1539944563764266 0.0 0.0 
l -1.1435899572949315 -1.0650791991946924 0.24694576024997741 1.6723183552044958 -1.1588829641523186 0.0 0.0 
l -1.1428198880112306 -1.0955536893916413 0.23056327676138394 1.75638886934877 -1.1592964658351808 0.0 0.0 
l -1.1422718188475678 -1.1237913750145365 0.215588684272947 1.8405244169091153 -1.157144200467613 0.0 0.0 
l -1.1419827003664196 -1.149247136654442 0.20221469460475494 1.9216043904738684 -1.153781494968166 0.0 0.0 
l -1.1419504595881795 -1.171544047249836 0.19056781276312384 1.9967279281833414 -1.15015979079449 0.0 0.0 
l -1.1421426672253878 -1.190474798812697 0.18070601841005404 2.0635592162834184 -1.146927261394852 0.0 0.0 
l -1.1425081051820567 -1.2059901759096754 0.17262143683225162 2.120511768574745 -1.14450109618013 0.0 0.0 
l -1.1429860648352863 -1.2181802563479143 0.16624764481498483 2.166750468066377 -1.1431220094707997 0.0 0.0 
l -1.143518494745543 -1.2272509057413956 0.16146773655705618 2.2020902064766847 -1.1428962419089144 0.0 0.0 
l -1.1440576670273848 -1.2334985037855328 0.1581246939298668 2.226844068323543 -1.143829997882565 0.0 0.0 
l -1.1445708738021854 -1.2372834290990253 0.15603263132397857 2.241680722050609 -1.1458578259985162 0.0 0.0 
l -1.1450425273849336 -1.2390072240225511 0.1549862593901799 2.247510930946439 -1.1488634951654724 0.0 0.0 
l -1.1454737438880938 -1.239087849086702 0.15477155542978255 2.245401492548096 -1.1526992546324166 0.0 0.0 
l -1.1458798938401717 -1.237933587005611 0.1551775586106383 2.236515743434664 -1.15720158750732 0.0 0.0 
l -1.1462834411152012 -1.235927304539202 0.15600507587533388 2.222060988312801 -1.1622013830628481 0.0 0.0 
l -1.146707473540189 -1.2334098716343855 0.15707606294016363 2.2032415914431054 -1.1675354301869705 0.0 0.0 
l -1.1471692099397295 -1.2306678456466291 0.15824161276668502 2.1812154550522767 -1.1730528276607104 0.0 0.0 
l -1.1476722196132154 -1.2279277885030788 0.15938784939835884 2.1570477410723154 -1.1786216374005232 0.0 0.0 
l -1.1482024951255763 -1.2253543671049083 0.16043878493963024 2.131672804932811 -1.18413187344006 0.0 0.0 
l -1.1487240818870164 -1.2230564184194042 0.1613555528591243 2.105869572281999 -1.1894955874984492 0.0 0.0 
l -1.149182633858219 -1.2210870377269845 0.16213515944887807 2.0802457331801225 -1.1946505175779836 0.0 0.0 
l -1.149507640667173 -1.2194591465773543 0.1628019001447146 2.0552422604098983 -1.1995555774250062 0.0 0.0 
l -1.1496199118979271 -1.2181526644712841 0.16340051300553737 2.0311465010037857 -1.2041889652744862 0.0 0.0 
l -1.1494440268121042 -1.2171189944816887 0.1639884367164947 2.008121252194335 -1.2085470723855485 0.0 0.0 
l -1.148913602549586 -1.2162973487551305 0.16462533364633303 1.986233389649587 -1.2126388910054744 0.0 0.0 
l -1.1479825190693236 -1.2156201753256792 0.16536556166156835 1.965487601729001 -1.2164826238801496 0.0 0.0 
l -1.1466321620269206 -1.2150201111186185 0.16625169067108772 1.9458595278963366 -1.220102248391523 0.0 0.0 
l -1.1448731586678345 -1.2144341375859298 0.1673118141153542 1.9273168520520405 -1.2235234514194802 0.0 0.0 
l -1.142745230799879 -1.2138116929847986 0.16855560526627197 1.9098375244299335 -1.2267694707686545 0.0 0.0 
l -1.140315052422391 -1.2131139256990673 0.1699754899562913 1.8934226420533917 -1.229860083665928 0.0 0.0 
l -1.137670604765972 -1.2123167057924533 0.17154728007200926 1.8781007516445773 -1.232808316040413 0.0 0.0 
l -1.1349116613417647 -1.211414167374092 0.1732320626860488 1.8639215700208445 -1.235617258536157 0.0 0.0 
l -1.1321430493008706 -1.2104123675332739 0.174981894434347 1.850949846495631 -1.2382814300657914 0.0 0.0 
l -1.1294641975735757 -1.2093345651437586 0.1767412798345164 1.8392546869917952 -1.2407843378896313 0.0 0.0 
l -1.126964057277056 -1.2082179482872828 0.17845082182742772 1.828902746772061 -1.2431001877640955 0.0 0.0 
l -1.1247169038891196 -1.2071093538111617 0.1800512786790479 1.8199528597286838 -1.245195015884672 0.0 0.0 
l -1.1227805565754665 -1.2060640710257005 0.18148516970918038 1.81245044056069 -1.2470293121521705 0.0 0.0 
l -1.1211960131168663 -1.205139264153572 0.18270078964250702 1.8064261106085222 -1.2485615900703373 0.0 0.0 
l -1.1199904364783193 -1.2043890788465639 0.1836539607658751 1.8018982413315199 -1.2497517299991878 0.0 0.0 
l -1.11918006339878 -1.2038602100446365 0.18430960030086058 1.7988774404190837 -1.2505659751316445 0.0 0.0 
