r -2.3600754981445107 -0.8989315460616 0.6756494743840059 -3.316184572989246 0.5655465056263602 0.0 0.0 
r -2.3364155968253386 -0.8692925329826735 0.6820667901294777 -2.5784339854716016 0.5442067756981075 0.0 0.0 
r -2.3231693533976445 -0.8560083298736455 0.6822426201451808 1.0550937501281537 0.5390166456043255 0.0 0.0 
r -2.321109131575165 -0.8601803831094327 0.6761023255584924 1.053753143593592 0.5037541680394373 0.0 0.0 
r -2.3423301250455735 -0.884069966984426 0.6731679105612156 1.303647412991427 0.5219044433096023 0.0 0.0 
r -2.3295002904542006 -0.8794532158370518 0.6652498211253096 1.3115920533350618 0.5121939037630412 0.0 0.0 
r -2.3047869333656914 -0.8784800125771159 0.642271271237551 -2.137030357452081 0.4767388230625105 0.0 0.0 
r -2.2774036786851073 -0.8945972170481173 0.6005613063680885 -2.9475870775974533 0.3905065623905879 0.0 0.0 
r -2.310088539554905 -0.9182911445765434 0.6085480296634904 -2.7663092651889105 0.3708984139432816 0.0 0.0 
r -2.3192705476732063 -0.9131001459014266 0.6222990329498359 -2.6881091391044665 0.30973960472096884 0.0 0.0 
r -2.3039056675045178 -0.9131745598137476 0.6076876378067416 -3.1783863296698267 0.27227562631645186 0.0 0.0 
r -2.313491350005688 -0.9213761480171619 0.6087509559944468 -3.161719010564483 0.3887110549685786 0.0 0.0 
r -2.2739739806035075 -0.8992499505341162 0.5928959066619337 -3.000443284016291 0.3576451398205538 0.0 0.0 
r -2.2567954024116332 -0.8968225055894524 0.5790953701335568 -2.5586758840226334 0.26511914763326416 0.0 0.0 
r -2.306011685250663 -0.9519474835912177 0.572185324634925 -2.6602143694802094 0.2836087419444364 0.0 0.0 
r -2.3277031715049024 -0.9811042024108241 0.5636376698128943 -2.661207794079527 0.2889812200813717 0.0 0.0 
r -2.2998442466208364 -0.9767942838988224 0.5427993015893503 -2.7263455543312323 0.3562902467793292 0.0 0.0 
r -2.2772878812679176 -0.9682435892095895 0.530863921531097 -2.705987414147243 0.36088536698887963 0.0 0.0 
r -2.2746454817170907 -0.9666280972502417 0.5300365320320306 -2.7765400024614326 0.32118515594542174 0.0 0.0 
r -2.275094166607891 -0.974055309899549 0.5235078615234484 -5.454952654215465 3.5887485209383847 0.0 0.0 
r -2.1994892943686497 -0.9266020812706413 0.49986250492056306 -5.349432999542677 3.5633643351177167 0.0 0.0 
r -2.1532633790368223 -0.8939158177299382 0.4867927321066985 -5.55896746934969 3.5637374247721905 0.0 0.0 
r -2.1564232651991433 -0.9092488028246719 0.4766741435984822 -5.477930563999172 3.6327664495990746 0.0 0.0 
r -2.1669791959118805 -0.932323907816539 0.4665227933559252 -3.0327703333685587 0.43385095976842547 0.0 0.0 
r -2.210990354670016 -0.9679877834386944 0.4737188179305133 -3.079670121676845 0.42813415434776125 0.0 0.0 
r -2.235442255043573 -0.9875151942184142 0.4771998982927362 -3.04567563089647 0.4396508047219947 0.0 0.0 
r -2.192577227200315 -0.9849739686170216 0.4438403237535127 -3.0023848840355885 0.4511383817602601 0.0 0.0 
r -2.199798820434483 -1.0033304974857795 0.4342408660034772 -2.7373112086587645 0.4427307970564771 0.0 0.0 
r -2.181003128069818 -1.0184281452334645 0.4069258611312386 -2.850415549940099 0.4241072404958164 0.0 0.0 
r -2.1934380852050066 -1.021882075698824 0.4137353152380246 -2.7612146449758876 0.3867470234995134 0.0 0.0 
r -2.1684488131712945 -1.0160600581869246 0.3991461515927286 -2.7038254292104162 0.35879555459039203 0.0 0.0 
r -2.1892481840612703 -1.044032228784959 0.39237705369948317 -2.6836513118836725 0.3369303226850897 0.0 0.0 
r -2.1702996290546244 -1.0514926059348924 0.37243027275830676 -2.720265160789028 0.3571435762255486 0.0 0.0 
r -2.169506252159788 -1.0642999736760441 0.3618245569469139 -2.6532097392611753 0.35733658889967623 0.0 0.0 
r -2.1838848966053743 -1.079245863271486 0.36022064570525597 -2.6187192516129025 0.3830542523977374 0.0 0.0 
r -2.1626058743806515 -1.1003755054603426 0.32935132377835563 -2.6406282186882124 0.42996396180422325 0.0 0.0 
r -2.1435040792262514 -1.1207322126693393 0.30199424891715765 -2.601137479767889 0.42227292906227776 0.0 0.0 
r -2.1344555997683274 -1.1307227878237192 0.2892698603960309 -2.5594412933754063 0.40774727537586686 0.0 0.0 
r -2.1449236075151457 -1.137534326455358 0.29071972446243544 -4.796678140382047 3.65137724520044 0.0 0.0 
r -2.1658391325877933 -1.1979486150792504 0.2588199374310237 -4.779763547771619 3.6193473558808305 0.0 0.0 
r -2.193198121063997 -1.2239736378111752 0.2537519220049235 -5.204543608155506 3.9934967074130894 0.0 0.0 
r -2.225416683363442 -1.1845785971026592 0.30252489432192425 -2.842420488143726 0.5517800346556021 0.0 0.0 
r -2.2824597107155027 -1.2017012926675132 0.32199535626590964 -2.8761025426851874 0.5515790224051127 0.0 0.0 
r -2.3253595304825545 -1.2113763412901748 0.3395717541555012 -2.8096813216581604 0.46883268698057634 0.0 0.0 
r -2.3530628705421517 -1.2230598732258244 0.34573468170962335 -2.8155042339444227 0.45864796460979296 0.0 0.0 
r -2.4035619026099284 -1.2305236712924503 0.371230388895909 -2.86034541110856 0.4368196556218442 0.0 0.0 
r -2.4378557341180045 -1.2520310840835913 0.37086151328180667 -2.916180422914761 0.41469389310836413 0.0 0.0 
r -2.458476585442855 -1.2684114821829438 0.36603911992722404 -2.971053546994963 0.4040058672914011 0.0 0.0 
r -2.471273703457722 -1.2729786912127448 0.3694067399069778 -2.953207398776251 0.3407440773630277 0.0 0.0 
r -2.4719576997243724 -1.264298628801757 0.38029518736868057 -3.0127806822826133 0.3539185022621314 0.0 0.0 
r -2.4674955145777986 -1.2506113261162357 0.39340505746607374 -2.959817123278253 0.35430268931273234 0.0 0.0 
r -2.4634453284795996 -1.2437239921302008 0.39858175065915263 -2.97841422205366 0.37256177663102497 0.0 0.0 
r -2.4708402616242235 -1.2350659945052715 0.4143053587451805 -2.9454435921812507 0.36770888801673496 0.0 0.0 
r -2.4669811196958364 -1.2275286769021718 0.4202651707721445 -2.9194550627766156 0.44154791240878954 0.0 0.0 
r -2.425805469631105 -1.2078384849554793 0.41174936012396357 -2.9428659234522017 0.4563537606270167 0.0 0.0 
r -2.4160055791934765 -1.2088013094493908 0.40349912926826265 -2.930399081763668 0.4510591807959776 0.0 0.0 
r -2.4133630153445975 -1.281011031397215 0.322693106287449 -2.9377145905260216 0.42673834895023255 0.0 0.0 
r -2.331492136566512 -1.2342869881554552 0.32140107219871056 -2.9293363472145297 0.3800345469529356 0.0 0.0 
r -2.327339346320249 -1.2200876669522522 0.33248707136538774 -2.896078571508803 0.34537030851012185 0.0 0.0 
r -2.2746398211063186 -1.21244542639321 0.3078183065676489 -2.952573327708381 0.34718179356511736 0.0 0.0 
r -2.210039729699118 -1.1990655444128604 0.28207883592568495 -2.943729990845668 0.347544765082729 0.0 0.0 
r -2.177510607048072 -1.1880341632181068 0.27248327660439897 -3.1295377803429854 0.4115252361862747 0.0 0.0 
r -2.187917688681582 -1.177456058274292 0.28635506782322867 -3.091422364119495 0.4085899233746866 0.0 0.0 
r -2.1691292228405348 -1.162329996593914 0.2869024894379461 -3.0321723042462465 0.33754100727302117 0.0 0.0 
r -2.151203175841454 -1.1475611016419047 0.2872204903527167 -3.1189368492660163 0.31977213775997515 0.0 0.0 
r -2.1438940414890943 -1.1403987952890202 0.2880409798950155 -3.1305146681514517 0.2972535036765105 0.0 0.0 
r -2.1358788602518057 -1.1370773373881027 0.2856197936403491 -3.1176588347102703 0.36523216359897637 0.0 0.0 
r -2.123186436513981 -1.1269264379692467 0.28512180438456247 -3.0849016420769266 0.3112435150178108 0.0 0.0 
r -2.1212005804306795 -1.1170425760262073 0.2907947776243996 -3.0518026525930275 0.3105413721907304 0.0 0.0 
r -2.119459762481967 -1.104935188284731 0.2981652492326772 -2.9950528376668637 0.3107153012341486 0.0 0.0 
r -2.11935999554586 -1.099873836748224 0.3016482291391511 -3.0192121761695296 0.3110908942201369 0.0 0.0 
r -2.1303160355518673 -1.1086078941288586 0.3024282342529434 -3.0966259070391935 0.3737113503751026 0.0 0.0 
r -2.115677803626072 -1.1186434846049491 0.28629582813872284 -3.0461709509937203 0.3637883691889594 0.0 0.0 
r -2.10253551978821 -1.1254107356403502 0.27376841454913275 -2.9514934545418248 0.33720221679567475 0.0 0.0 
r -2.106856040388048 -1.1353913212895692 0.2696269080596229 -2.596861103338426 0.2958461614735266 0.0 0.0 
r -2.1121441469597086 -1.1497973099176442 0.26299255136367333 -2.8648732610134484 0.35837058183826564 0.0 0.0 
r -2.1249796690306937 -1.165715060421093 0.25939267506389635 -2.7850538827062254 0.3161651145180888 0.0 0.0 
r -2.145439714223031 -1.1930005955217444 0.25153890223967024 -2.809172179722756 0.31268361751405926 0.0 0.0 
r -2.1508633152276353 -1.195583654614588 0.2525785094421792 -2.8270001136368865 0.328066312681234 0.0 0.0 
r -2.172325077853113 -1.2114583345346501 0.2523419304029308 -2.862242074178612 0.3661718500638944 0.0 0.0 
r -2.1743149211382202 -1.205236006257074 0.257966301161488 -2.848250683186651 0.35200751279284037 0.0 0.0 
r -2.1520087955761538 -1.1715191156037053 0.2703867199713193 -2.792397693054825 0.36603932788018256 0.0 0.0 
r -2.1715193857173554 -1.1660709419080306 0.28550284018159044 -2.758713257079643 0.3711387899592864 0.0 0.0 
r -2.2036949185277233 -1.188324932555172 0.28695430866254085 -2.7257217707668318 0.3698773447364798 0.0 0.0 
r -2.2361162321648256 -1.1892438681094915 0.30499561256126384 -2.73474042643436 0.408358482136042 0.0 0.0 
r -2.235078886935553 -1.1841304544678282 0.3086179746366892 -2.7163418095508267 0.42493082793488846 0.0 0.0 
r -2.243404375090565 -1.186118190185735 0.31193661366201625 -2.6182769521317137 0.3417093796113744 0.0 0.0 
r -2.243180540747914 -1.1786738402144512 0.31805773433229173 -2.658639107631493 0.4142022556616016 0.0 0.0 
r -2.231117903489096 -1.1511949804652386 0.33350519963110314 -2.4806208111454544 0.3540242078851712 0.0 0.0 
r -2.2427790389406503 -1.1556661262716608 0.33721462303638977 -2.636508679762318 0.46116585621142936 0.0 0.0 
r -2.2554432449665596 -1.16278484315426 0.3392508030878816 -2.5462800267533954 0.45068249183447273 0.0 0.0 
r -2.2705148504361743 -1.170574595554278 0.34212578839212676 -2.805470146262775 0.4129747639534118 0.0 0.0 
r -2.285906747965982 -1.1705538026675018 0.35211283965739654 -2.951533539392897 0.3912876403239831 0.0 0.0 
r -2.2910872319158444 -1.1722661497549793 0.35395457225784416 -2.9831749237580714 0.42610924195690525 0.0 0.0 
r -2.246587587791377 -1.1621409810801613 0.33415439866454505 -2.985587441071446 0.4378144290953383 0.0 0.0 
r -2.2712906104569726 -1.1679606770172208 0.34492937537938817 -2.944091808362246 0.3856863043282637 0.0 0.0 
r -2.274967015141171 -1.16407625955492 0.35075715253524825 -2.8225592893824114 0.41312226282465625 0.0 0.0 
r -2.2690620893077416 -1.1644142505840642 0.3466118207474942 -3.0352756056135854 0.3705124022884656 0.0 0.0 
r -2.399761680026047 -1.241688576281193 0.3567204484190982 -3.109366363601587 0.3866397784663633 0.0 0.0 
r -2.351747761534609 -1.213282500091478 0.3546081263712543 -3.1116915749318244 0.43219805880079276 0.0 0.0 
r -2.332637615464579 -1.2045351390020267 0.3507771818971817 -3.0050615267231198 0.3886385474451255 0.0 0.0 
r -2.3267166766560363 -1.2166355519073506 0.3354004924773471 -3.011867324037845 0.41357959381172904 0.0 0.0 
r -2.3088886390774217 -1.208602402630404 0.33190545640002833 -2.907547378848074 0.3948602014450333 0.0 0.0 
r -2.297947330605861 -1.2063018122916054 0.3272873807857885 -2.573649725721091 0.41678500430935506 0.0 0.0 
r -2.2804370745795177 -1.1990365968739685 0.3231394826337125 -2.553010322735093 0.4166558346563294 0.0 0.0 
r -2.226046381245328 -1.1760664379675871 0.3098500587502166 -2.597186336997647 0.42037613870672863 0.0 0.0 
r -2.2228960072436665 -1.1846084874878244 0.3010185665732024 -2.615552114707573 0.39837421201319323 0.0 0.0 
r -2.220647194253891 -1.186140021436926 0.29846226966509976 -2.684269659042285 0.40136565039907945 0.0 0.0 
r -2.171684657238181 -1.1669354111671515 0.28495313484698287 -2.812293236374272 0.4258609552971653 0.0 0.0 
r -2.14804208528579 -1.1589358608546534 0.2771678344408785 -2.8305007101577555 0.4250147644743887 0.0 0.0 
r -2.168789200886755 -1.178121197507643 0.2749927618908502 -2.7728937136751184 0.4420138159747591 0.0 0.0 
r -2.1448919094920282 -1.173609538976598 0.26492721930605484 -2.717690377918932 0.473139879091125 0.0 0.0 
r -2.156975999595716 -1.1770052859464424 0.2692054508519342 -2.385837618907988 0.4054570754913327 0.0 0.0 
r -2.1708736704819405 -1.186775336092306 0.2697543960668329 -2.3058965338419313 0.40404905157231363 0.0 0.0 
r -2.1618930882832474 -1.185735847230355 0.26558440257712235 -2.2907067007491944 0.4130846837778599 0.0 0.0 
r -2.1498787648983115 -1.1841749478980261 0.2601597769777485 -2.1553518041889967 0.34995654169455825 0.0 0.0 
r -2.139624088776315 -1.1827267253642362 0.25563444923594913 -2.138278749938777 0.33668460968102476 0.0 0.0 
r -2.1252794847425847 -1.1841243789279574 0.24700724190779758 -2.119920819549646 0.3595648774482141 0.0 0.0 
r -2.1189565807804653 -1.1927992257551776 0.23786520384524218 -2.112317686660153 0.3327360022129362 0.0 0.0 
r -2.114808804166544 -1.1901215871139676 0.23750789139465905 -2.3615980201378233 0.2905392124892734 0.0 0.0 
r -2.110952510491685 -1.1880864202025547 0.2368596882624875 -2.3503976967854636 0.2999319879136684 0.0 0.0 
r -2.098260416683365 -1.1932395238083238 0.2270326454401025 -2.4272223359170026 0.3205967474515461 0.0 0.0 
r -2.0802756441301034 -1.1866784171219658 0.22208910884339758 -2.546046588252043 0.3763841002122692 0.0 0.0 
r -2.085581037899773 -1.1877560910758531 0.22409890430381388 -2.524494700682198 0.29950085470668775 0.0 0.0 
r -2.117343065511462 -1.2014026113200487 0.23132147321197002 -2.5666271146402506 0.3509711804111084 0.0 0.0 
r -2.142524299951843 -1.2075376158002344 0.23986887418951675 -2.5942958534584015 0.3773510142103573 0.0 0.0 
r -2.165314665925866 -1.2210866105471228 0.2417577122851678 -2.5850845861918774 0.3334036376522693 0.0 0.0 
r -2.188225291964832 -1.2209496954372367 0.253486908591136 -2.5942452145408437 0.40281932487246763 0.0 0.0 
r -2.1856514706479455 -1.2072262242660827 0.26248737001670747 -2.5775675153953204 0.40810817542852806 0.0 0.0 
r -2.2057318287181955 -1.2103447796753355 0.27085267474771146 -2.3377779220746073 0.3823914777595412 0.0 0.0 
r -2.220405798384001 -1.1997712732054953 0.2873347111123153 -2.2482729937898744 0.3243319327143501 0.0 0.0 
r -2.2154903417567624 -1.1804114485176083 0.3000548687864785 -2.180695177877513 0.36249995326146056 0.0 0.0 
r -2.2084095307331104 -1.158776116167469 0.31312202656160804 -2.154556905777583 0.41780112981845496 0.0 0.0 
r -2.221374883490517 -1.1596816357733122 0.3203831413844833 -2.0414019245584702 0.39426707345562884 0.0 0.0 
r -2.247844072423814 -1.1719778812766248 0.32658898893341426 1.2098425314866783 0.3102772870512156 0.0 0.0 
r -2.2595883762322844 -1.1758766064840194 0.330576376017242 -2.012148717591906 0.3475697813053036 0.0 0.0 
r -2.2611252052844284 -1.178801419329131 0.32900484649509987 -2.5575718120716155 0.37706347807985585 0.0 0.0 
r -2.260972785603018 -1.1786278318922154 0.3290602390706133 -2.439562026445062 0.363755353451227 0.0 0.0 
r -2.2550364709038506 -1.1789140121561563 0.3251305063925584 -2.510227389026028 0.38893727975293557 0.0 0.0 
r -2.273867716898583 -1.200546761804129 0.31782539158359313 -2.477778539621489 0.391246008048187 0.0 0.0 
r -2.287811914374407 -1.2202643632698296 0.3085759550780097 -2.5148036419966324 0.36946025984929665 0.0 0.0 
r -2.272160836497585 -1.2069746859207022 0.3111620179976016 -2.456139863706365 0.3727302678002007 0.0 0.0 
r -2.257983413946597 -1.2009391448931037 0.3080263236303788 -2.5056427812751556 0.4039048065248174 0.0 0.0 
r -2.2561561658496734 -1.2056075141569687 0.30296366095218574 -2.5409035099955353 0.4375410628550198 0.0 0.0 
r -2.252129797454526 -1.2048998923144199 0.30122988476286183 -2.5397079130394045 0.3747104209215031 0.0 0.0 
r -2.2132319657093107 -1.207052731610848 0.2775271615603557 -2.5734324556992125 0.40708734811040026 0.0 0.0 
r -2.1788188375446516 -1.2128591860590223 0.2546778899904374 -2.610082404063622 0.3753658853252513 0.0 0.0 
r -2.1424914744357157 -1.2082116011735686 0.23938402651189603 -2.4291393358911573 0.42614152130425165 0.0 0.0 
r -2.1535217152932074 -1.200744896245023 0.2503063142892363 -2.3309130754622376 0.3952804165599173 0.0 0.0 
r -2.137279008182917 -1.19893332885052 0.24314425022987138 -2.334193084729877 0.38431953705588695 0.0 0.0 
r -2.128256989621498 -1.2050969937087266 0.23433568575016156 -2.355087552299301 0.3702470913447784 0.0 0.0 
r -2.124051139936088 -1.2088795846537985 0.22968965433813623 -2.7593013642356707 0.38433334914362427 0.0 0.0 
r -2.1182042727023305 -1.2011513198378687 0.2319213298093626 -2.707565556045192 0.3961424036525394 0.0 0.0 
r -2.099600551291597 -1.1809769873182974 0.23560253448184618 -2.656766497506865 0.37113365458876046 0.0 0.0 
r -2.109343187534371 -1.1848061307769664 0.23818265217314968 -2.608893671965556 0.36158541014429213 0.0 0.0 
r -2.12116977546004 -1.1981289672129132 0.23543642299046116 -2.4486988736906348 0.35903077194794797 0.0 0.0 
r -2.1237742647349362 -1.2135634527564156 0.22642145893489393 -2.149350347036036 0.352148559343052 0.0 0.0 
r -2.1351037008748515 -1.2240914873115711 0.22482377216778493 1.1510398896100213 0.40959404227328555 0.0 0.0 
r -2.14073119053924 -1.2262886862796358 0.22602777901693144 1.2364694413217925 0.4105393755536981 0.0 0.0 
r -2.179694799550404 -1.2390253944646612 0.23574964730792028 1.456332518506983 0.4245143057685459 0.0 0.0 
r -2.1777247017309223 -1.2317434131483647 0.24015394095318351 1.4410589941721137 0.39604640734377594 0.0 0.0 
r -2.1878863864946902 -1.2268593848761717 0.24886425037138143 1.3549096240887266 0.4030714653398424 0.0 0.0 
r -2.1789875444362297 -1.2166905897340607 0.25191995420283975 1.316294423020848 0.4250052275578673 0.0 0.0 
r -2.1725483824106107 -1.2063412221952756 0.2562209147545897 1.253755143989525 0.4292344841449691 0.0 0.0 
r -2.186635389653473 -1.1980929805286145 0.26992083781177106 1.0768486791892151 0.40380200237536634 0.0 0.0 
r -2.1824211927676944 -1.187532422637979 0.2755865503404158 -2.1991369666741463 0.4549759663248867 0.0 0.0 
r -2.2046179216042363 -1.1964000264363754 0.2811474034482612 -2.353370081989813 0.425262801204203 0.0 0.0 
r -2.2210170661671915 -1.202013278298244 0.28587514278274156 -2.3710582460292184 0.3756746919419809 0.0 0.0 
r -2.234411970981145 -1.2078254614355584 0.2886746549152453 1.1087518161734933 0.4165725535428355 0.0 0.0 
r -2.249720021137146 -1.2150449564801438 0.29127821962759637 -2.1917420549968814 0.43228633615609646 0.0 0.0 
r -2.2634494215677146 -1.2196994360202456 0.29506280191237894 -2.218639272567527 0.4259254981292726 0.0 0.0 
r -2.2577109190183764 -1.2206044397423432 0.29105391306063266 -2.1769044138492384 0.3348666171702317 0.0 0.0 
r -2.248141151973589 -1.2148106737377697 0.29058727559809727 -2.24894341909984 0.4030715718691189 0.0 0.0 
r -2.248252080584504 -1.2126012517001326 0.2925071062675761 -2.319709430792927 0.4276773047807789 0.0 0.0 
r -2.2441427255043207 -1.2000695443761993 0.3006710156568849 -2.3196831051129028 0.4027127171494611 0.0 0.0 
r -2.243972219254693 -1.1884071372321146 0.3103537307415877 -2.3307712730062455 0.4008954009495673 0.0 0.0 
r -2.2422706773699095 -1.1795992379768072 0.3167262972883398 -2.1876336021082006 0.402579687933454 0.0 0.0 
r -2.2354158679898135 -1.167286063027495 0.3228178243218044 -2.2332650515595267 0.4283609934458341 0.0 0.0 
r -2.230429436387189 -1.1518878127193253 0.33249047022319406 -2.4263115037557865 0.45704336192132455 0.0 0.0 
r -2.2278488129886926 -1.1503078825158315 0.3321553309217962 -2.553981656149095 0.4115852563855351 0.0 0.0 
r -2.2343745917092126 -1.1625565466001175 0.3261092434939771 -2.6040295850783393 0.39246221606262544 0.0 0.0 
r -2.2402307365063012 -1.1848446929453156 0.3111020065614385 -2.647399060961395 0.39179504729089465 0.0 0.0 
r -2.272674958638982 -1.2576540920687904 0.26722309542929423 -2.6668202739099773 0.35636154827675015 0.0 0.0 
r -2.25063078475035 -1.236124490535841 0.27404641986166917 -2.7143843054809067 0.38434986856538966 0.0 0.0 
r -2.24010993648137 -1.242312683281595 0.2633805457467002 -2.6967686346914057 0.37277051310408793 0.0 0.0 
r -2.231705647311081 -1.2314799395199603 0.26785925473965727 -2.719553016020324 0.40972548118034635 0.0 0.0 
r -2.2281284768771155 -1.2405055106354457 0.2586951663310465 -2.730577506593943 0.37220814729916674 0.0 0.0 
r -2.2251320001718575 -1.2471934144912462 0.2518084709284521 -2.7656863222254104 0.39568925605599237 0.0 0.0 
r -2.221351602127295 -1.2440711199495882 0.2524070229723217 -2.901201048622032 0.4340073047005959 0.0 0.0 
r -2.206426225040982 -1.234977186311158 0.252036364888104 -2.8905159291169333 0.4274446951486621 0.0 0.0 
r -2.201192614347187 -1.2208402913406016 0.26029077370814085 -2.912420275861088 0.44087270683042856 0.0 0.0 
r -2.1979514830323215 -1.2029692503753546 0.2723594635964366 -2.900692965902261 0.4409580451848947 0.0 0.0 
r -2.184948067991021 -1.186333509565731 0.27790544388563954 -2.9258248134761944 0.48906610445704013 0.0 0.0 
r -2.192280966649267 -1.1988333116862668 0.2724409111852027 -2.901535679306672 0.45519749397878684 0.0 0.0 
r -2.18562192281466 -1.2101338981851615 0.260280605744826 -2.894837721977351 0.4421481889051193 0.0 0.0 
r -2.186798630597925 -1.231807960955204 0.24460374989646655 -2.904038039600929 0.4391609255139508 0.0 0.0 
r -2.1911594860785613 -1.251235815250611 0.23215265812843547 -2.8372388567472275 0.4419765499055117 0.0 0.0 
r -2.1965658357171844 -1.2541053404515647 0.23254479568965636 -2.261414537057442 0.37407016616571287 0.0 0.0 
r -2.1980724544198176 -1.2545868557721191 0.2328912505282338 -2.4843036725265875 0.3575203684792043 0.0 0.0 
r -2.1951779414149213 -1.2301622344790821 0.2500520526209623 -2.464045758784794 0.34773964580898853 0.0 0.0 
r -2.2721817238713573 -1.2165813483558514 0.30276242274020654 -2.4295130124317796 0.31602116234328737 0.0 0.0 
r -2.2791317047183726 -1.2192644352857571 0.30441956655521274 -2.500224554039984 0.4011211972016162 0.0 0.0 
r -2.292323665007784 -1.2250850270731652 0.3068641249941175 -2.4664372590903128 0.3526478467488099 0.0 0.0 
r -2.2973273968912684 -1.2595412224047178 0.27847329493885054 -2.440978413213005 0.36519085986882716 0.0 0.0 
r -2.334464024265091 -1.2544072078367998 0.30375802783788264 -2.526772864133024 0.3696086287941265 0.0 0.0 
r -2.3107338457964293 -1.269419934393941 0.276523119165919 -2.5997407473675715 0.35324633909717207 0.0 0.0 
r -2.2957966400096694 -1.2541644011880992 0.2825227911831702 -2.730012817122556 0.3643846459905282 0.0 0.0 
r -2.312840394294973 -1.2322181143409212 0.31229140267496386 -2.676138074600527 0.3410064900917167 0.0 0.0 
r -2.304331472566081 -1.2345306219093772 0.3051995752202438 -2.7245551563193198 0.33864164198951974 0.0 0.0 
r -2.30086479565258 -1.234034734060132 0.3036604027394479 -2.7641473350099544 0.3440253314019932 0.0 0.0 
r -2.297839562589307 -1.2349867931740264 0.3010604731003701 -2.713582527871144 0.32262484710658534 0.0 0.0 
r -2.2990829130221027 -1.216644519664348 0.318520537370527 -2.90389618672231 0.36036222039555943 0.0 0.0 
r -2.2897921039451545 -1.2191313345118175 0.31075424198539414 -2.886566842316676 0.37108805565722314 0.0 0.0 
r -2.308198228637516 -1.2222342873069048 0.31882810571260894 -2.8871153679583412 0.3678997236632038 0.0 0.0 
r -2.2968785785471986 -1.21121196564771 0.32215416373375144 -2.8892786848864804 0.3608156657860442 0.0 0.0 
r -2.292450040411046 -1.2009589500639921 0.3287727185717254 -2.9075930271971795 0.3905400143514153 0.0 0.0 
r -2.2932142051625237 -1.2026844517886173 0.327677565378635 -2.894540293719523 0.389683323699922 0.0 0.0 
r -2.292204284006601 -1.237743923705993 0.2953739763561012 -2.925123970220576 0.39478223711455374 0.0 0.0 
r -2.2921097719504955 -1.2329056317743323 0.29968283000700974 -2.8515466031272765 0.39935811247025277 0.0 0.0 
r -2.300999195987024 -1.2236996869811105 0.3132015625982885 -2.604935540995822 0.40571456165157405 0.0 0.0 
r -2.3191518077517363 -1.2229900265954343 0.3247174968335404 -2.6141406819725366 0.41238183920436855 0.0 0.0 
r -2.3031267536000053 -1.2122844111331856 0.32496234544184177 -2.6418448104158236 0.4187629174277485 0.0 0.0 
r -2.2702637281949256 -1.2015889508051518 0.314749776662336 -2.8409099796698754 0.42412060407016106 0.0 0.0 
r -2.2039973164562108 -1.1206340746758217 0.34087641732044877 -3.280185925898318 0.5141799205654631 0.0 0.0 
r -2.1967143676389287 -1.1347924290281501 0.32486379635770035 -3.1784906625195717 0.5104293611848563 0.0 0.0 
r -2.0851827348861294 -1.099118821545287 0.28065286105784865 -3.143543643564597 0.5133697240038093 0.0 0.0 
r -2.0997013767589845 -1.11926662847873 0.27618057198631996 -2.938641901273025 0.4348822759242228 0.0 0.0 
r -2.090465700256413 -1.219542600909191 0.20666116233792878 -2.877324865106513 0.41931100455481163 0.0 0.0 
r -2.0979290071222696 -1.2010315025864813 0.22189186981594075 -2.826421624759211 0.45465201923340626 0.0 0.0 
r -2.055428225744998 -1.1808529868872655 0.21310498557235533 -2.924329962793516 0.46736005679072967 0.0 0.0 
r -2.061197270992653 -1.2302401990720804 0.18698527933696396 -3.2058114420736192 0.42293982732774205 0.0 0.0 
r -2.0825855458661504 -1.2692425407211654 0.17296820039101665 -3.108963897906274 0.4268214658489575 0.0 0.0 
r -2.091006119581646 -1.3036288273773082 0.15552652484751464 -3.04169987188633 0.46633399145927146 0.0 0.0 
r -2.0957999223734314 -1.2806815420561852 0.171227269182819 -2.9350819113283158 0.4523771071909748 0.0 0.0 
r -2.0832427728776217 -1.2631483601461504 0.17688227212693694 -2.9436642754418227 0.4323588153192428 0.0 0.0 
r -2.051997522415705 -1.239040634257786 0.17796733116075106 -2.9732014158266487 0.4672293723689456 0.0 0.0 
r -2.061667260571216 -1.2282594125325512 0.18834292873881403 -3.025559772028526 0.49066943267598484 0.0 0.0 
r -2.2638382449235257 -1.2979046391541096 0.2283701837529551 -3.0134860104058565 0.4757546267413366 0.0 0.0 
r -2.215332630197989 -1.2682237200862145 0.2304549093150258 -3.0524469666279117 0.4962214167930974 0.0 0.0 
r -2.250769001854283 -1.2427874559163792 0.26852742893258685 -2.937785166826294 0.43194280990426503 0.0 0.0 
r -2.225853191534361 -1.2444781311529973 0.25434585495498074 -2.9125685299654114 0.4119994969484042 0.0 0.0 
r -2.2056172078728933 -1.2419006321298236 0.24626722490744618 -2.9669668771380198 0.41570122571212464 0.0 0.0 
r -2.2398901355048357 -1.2089690606371821 0.2908170092228365 -2.956012889296187 0.40759064155740554 0.0 0.0 
r -2.240743160118546 -1.201061800074384 0.2978761858453877 -2.9428820842028136 0.3924423682861571 0.0 0.0 
r -2.252499191930192 -1.182692724749416 0.3203393116299995 -2.9356462448541665 0.3810901733703438 0.0 0.0 
r -2.283726714884568 -1.1907606725039486 0.3325555166436147 -2.953314097595614 0.41597530566277663 0.0 0.0 
r -2.3057071909361238 -1.195797073419672 0.34179619563983715 -2.926369203714917 0.3771676276546758 0.0 0.0 
r -2.311801753687309 -1.1879992999179971 0.3529782975512838 -3.359810438211994 0.41625781954515606 0.0 0.0 
r -2.3147607507513004 -1.1832408721969316 0.3593856341861534 -3.255721570497106 0.44350476131949956 0.0 0.0 
r -2.289938466818237 -1.1611002110975701 0.36334414573072477 -2.7313110853454545 0.5777304888578374 0.0 0.0 
r -2.2905068048895982 -1.145070680061654 0.3783329351655089 -3.3158757125683413 0.5587718200401353 0.0 0.0 
r -2.3047297968932567 -1.150953841310489 0.3827885728021527 -3.2053559543767913 0.5727247299365519 0.0 0.0 
r -2.3025844963329347 -1.1469514160641925 0.38501122623939826 -2.7129193959072375 0.6185184445740111 0.0 0.0 
r -2.2913932723182877 -1.1508777569042061 0.3736433634261396 -2.45275101407518 0.5422699932992507 0.0 0.0 
r -2.2897384658454047 -1.1529256294757442 0.3706458171072637 -2.5660764672975596 0.6180998930704937 0.0 0.0 
r -2.2839855791649715 -1.1566208553270272 0.3634066608062594 -2.6293446540585417 0.5369479064200264 0.0 0.0 
r -2.293012840259094 -1.1739695177429141 0.35366613643669925 -2.63559501965406 0.467137152024786 0.0 0.0 
r -2.2901599309852774 -1.1712769010758293 0.35424488117310504 -2.681967775224849 0.4555159885752764 0.0 0.0 
r -2.2957210953402054 -1.1728261445978163 0.3564897825070159 -2.6925608618747567 0.45630555692443897 0.0 0.0 
r -2.2800755547696636 -1.1660565466892163 0.35233618265815264 1.0382052471339653 0.4190735764639799 0.0 0.0 
r -2.2638655520312057 -1.1626475797674538 0.3447929226727598 1.0487277899431353 0.4049539428853288 0.0 0.0 
r -2.256880650473051 -1.155689373709146 0.3463054725738054 1.0528261055109032 0.39551320435477666 0.0 0.0 
r -2.243952705300032 -1.156079439486244 0.3376169852218562 -2.307736811890183 0.40480815723589614 0.0 0.0 
