l -1.0160813286821324 -0.5431838022686414 0.7983498800787845 2.0065278291071706 -0.05991992654483602 0.0 0.0 
l -1.0164475398343764 -0.5426068016317172 0.7985929710515149 2.004381818591958 -0.05820515192794384 0.0 0.0 
l -1.0169675769383288 -0.5417709425714533 0.7989572485711214 2.0012357630477506 -0.05571426310305372 0.0 0.0 
l -1.017609329075865 -0.5407089445555078 0.7994420626369463 1.9971810685647584 -0.05254424018342663 0.0 0.0 
l -1.0183347129047429 -0.5394600869110738 0.800046079156762 1.9923445000466693 -0.048814778306244144 0.0 0.0 
l -1.0191027122347156 -0.5380674425401772 0.8007669459992761 1.9868931163849985 -0.044672018581740636 0.0 0.0 
l -1.0198725722838313 -0.5365747478395927 0.8016012006231991 1.9810299840468264 -0.040278662906731655 0.0 0.0 
l -1.0206071755712744 -0.5350233000458784 0.802543956346879 1.9749877260901527 -0.03580625633753076 0.0 0.0 
l -1.0212763617876182 -0.5334492981294416 0.8035881680253371 1.9690312834358983 -0.031428471797902424 0.0 0.0 
l -1.02185736424157 -0.5318831892118752 0.8047248697107025 1.9634310104223924 -0.027311134367039136 0.0 0.0 
l -1.0223374003931753 -0.5303475515931516 0.8059426911496307 1.95845483945199 -0.023600505077656875 0.0 0.0 
l -1.022713269186705 -0.5288579232783996 0.8072273935292915 1.9543505898137459 -0.02041675490859529 0.0 0.0 
l -1.0229895509184497 -0.5274240282785346 0.8085625289185195 1.9513195962667218 -0.017843949540196413 0.0 0.0 
l -1.0231772792941747 -0.5260510664700273 0.8099294998752291 1.949506920315027 -0.015926305977083666 0.0 0.0 
l -1.0232916660683826 -0.5247421475870327 0.8113073622105357 1.948991888457604 -0.01466661419550419 0.0 0.0 
l -1.0233508123431292 -0.5234988405454463 0.812673673150094 1.9497817408908011 -0.014021735551737136 0.0 0.0 
l -1.0233719556661058 -0.522324128107747 0.8140053242127411 1.951816911160374 -0.013914214358899502 0.0 0.0 
l -1.023369729252863 -0.5212235750483237 0.8152791484543345 1.9549845890283277 -0.014236282934091182 0.0 0.0 
l -1.023354182942175 -0.5202062093745118 0.8164731142773386 1.959130101510979 -0.01485869729259448 0.0 0.0 
l -1.023323763618503 -0.5192894660407384 0.8175684654696804 1.9640522123955633 -0.015641081987377348 0.0 0.0 
l -1.0232763293229994 -0.5184886983162107 0.81854947454393 1.969564127587838 -0.016442892157273126 0.0 0.0 
l -1.023198063399279 -0.5178260350429715 0.8194056416068995 1.9754639814015447 -0.01712952111345656 0.0 0.0 
l -1.023065832625157 -0.5173273845927849 0.8201325147539272 1.9815606342311585 -0.01758331463268814 0.0 0.0 
l -1.0228490941139616 -0.517020628669876 0.8207316641805461 1.9876876907767416 -0.017709050911905222 0.0 0.0 
l -1.0225103082933478 -0.5169343816902193 0.8212116876827527 1.9936995244201652 -0.017441404283861428 0.0 0.0 
l -1.0220048570267364 -0.5170984538669013 0.8215877894797904 1.999467372298205 -0.01674406724522226 0.0 0.0 
l -1.0212852991706767 -0.5175407980836062 0.8218805644343534 2.004885639743298 -0.015612231119484066 0.0 0.0 
l -1.020299672770586 -0.5182887331218503 0.8221164686606927 2.0098638028225384 -0.014076464603836603 0.0 0.0 
l -1.018995315182026 -0.5193669110973638 0.8223258524306177 2.014323903783228 -0.01219627892874764 0.0 0.0 
l -1.0173188117870413 -0.5207977808505737 0.8225423995062144 2.0181870327252573 -0.010053548314776783 0.0 0.0 
l -1.0152189434883276 -0.5226007850439834 0.8228006524402671 2.0213962822183245 -0.00776206350538744 0.0 0.0 
l -1.012648211927682 -0.5247918300129664 0.8231347989696275 2.023893404420408 -0.0054451473380077164 0.0 0.0 
l -1.0095651819998548 -0.5273828579204356 0.8235764368554226 2.0256298235205645 -0.003233344024200391 0.0 0.0 
l -1.005936801779976 -0.5303806769947121 0.8241532529187301 2.026568754223487 -0.0012562917795355677 0.0 0.0 
l -1.0017421413946976 -0.533785681868026 0.8248863224193367 2.026694840019829 0.00037085501192124504 0.0 0.0 
l -0.9969745373792511 -0.5375908070847292 0.8257890022199318 2.026021184164226 0.0015509709499532676 0.0 0.0 
l -0.9916466180026704 -0.5417775023419489 0.826866149517837 2.0245873000390313 0.002215813019048829 0.0 0.0 
l -0.9857905910913817 -0.5463173779021223 0.8281122075907619 2.022478014100316 0.002330272373740838 0.0 0.0 
l -0.9794630851856643 -0.551167538418792 0.829511561449745 2.0198234760443405 0.0018934478598527926 0.0 0.0 
l -0.9727452831625156 -0.5562705836793345 0.8310387898496262 2.016795338696804 0.0009389845339151659 0.0 0.0 
l -0.9657419914724168 -0.56155489681065 0.8326597263596007 2.0135997089977873 -0.0004679270102945221 0.0 0.0 
l -0.9585802097072357 -0.5669347770689672 0.8343331405611782 2.010474650735673 -0.00223903081286303 0.0 0.0 
l -0.9514013381461691 -0.5723154686528213 0.836013626753247 2.0076658410209034 -0.00427345086698161 0.0 0.0 
l -0.9443540204086585 -0.5775974306953041 0.837654456644997 2.0054136089433237 -0.00646237347704004 0.0 0.0 
l -0.9375867460266223 -0.5826806127188807 0.83921050339987 2.003929496646593 -0.008705539976290644 0.0 0.0 
l -0.9312347106175305 -0.5874736031755421 0.8406417471832005 2.0033709584219883 -0.010915662676638349 0.0 0.0 
l -0.925413022874805 -0.5918973341498375 0.8419159874265437 2.0038334165618616 -0.013027676651654385 0.0 0.0 
l -0.9202077477310123 -0.5958918567883404 0.8430105097145708 2.005335692793192 -0.014999979993263524 0.0 0.0 
l -0.9156766068255523 -0.5994130088499232 0.8439146793136161 2.0078190962550084 -0.016817860596535006 0.0 0.0 
l -0.9118384487294826 -0.6024439090953914 0.8446283484677434 2.0111413129681663 -0.018492224862168172 0.0 0.0 
l -0.9086768572974285 -0.6049896675056875 0.8451637448865131 2.015090893422038 -0.020055677427918805 0.0 0.0 
l -0.9061473768752564 -0.6070729840282161 0.8455427628489827 2.0194077747248387 -0.021561662117750346 0.0 0.0 
l -0.9041805798230108 -0.6087330873735667 0.8457950265541007 2.0237996004404857 -0.023077881307988934 0.0 0.0 
l -0.9026931630566664 -0.6100184499999423 0.8459543593168233 2.0279668619297615 -0.024679784013779238 0.0 0.0 
l -0.9015941889921933 -0.6109838307084917 0.8460556284581375 2.031625171044486 -0.026446574923206012 0.0 0.0 
l -0.9007946286009798 -0.6116838977592425 0.846131814125289 2.0345211668593564 -0.028453555969637168 0.0 0.0 
l -0.9002144609850933 -0.6121697892416565 0.8462104413665853 2.0364583719824187 -0.030770120768674802 0.0 0.0 
l -0.8997894918614737 -0.6124850023995232 0.8463109861837305 2.0372992031578336 -0.03344955047868925 0.0 0.0 
l -0.8994735327802947 -0.6126648126337462 0.846443271317486 2.0369795678539333 -0.03652874823158048 0.0 0.0 
l -0.8992407662878751 -0.6127353719421749 0.8466060054970371 2.035501076085455 -0.04002208710850874 0.0 0.0 
l -0.8990829075844188 -0.6127147847925246 0.8467885388092491 2.0329285596167717 -0.04392165973284401 0.0 0.0 
l -0.8990071337249425 -0.6126140942949891 0.8469719309130852 2.0293759837327174 -0.048200230563735236 0.0 0.0 
l -0.8990350765553365 -0.6124372147625285 0.8471300461210279 2.024991453210095 -0.052804368526530365 0.0 0.0 
l -0.8991980687572674 -0.6121816734655801 0.847233606741311 2.0199482245100038 -0.0576667668908879 0.0 0.0 
l -0.8995334598332233 -0.6118391164151601 0.8472533970219527 2.0144219005932125 -0.06270992925711194 0.0 0.0 
l -0.9000839222456823 -0.6113943971797754 0.8471619081438813 2.008576306507255 -0.0678493901108358 0.0 0.0 
l -0.9008971646139371 -0.6108236570252371 0.8469356271149733 2.0025620086252456 -0.07300150082611945 0.0 0.0 
l -0.9020245092254108 -0.6100948205602226 0.8465559304380991 1.9964998851390263 -0.07808828670306833 0.0 0.0 
l -0.9035199012494172 -0.6091658582368806 0.8460118993418513 1.990478819814917 -0.08304347372228471 0.0 0.0 
l -0.9054444397365974 -0.6079849521666596 0.8452954948607122 1.984565635956552 -0.08781007890919035 0.0 0.0 
l -0.9078608657907933 -0.6064924636480645 0.8444050781811386 1.9788001312228045 -0.09234759715910212 0.0 0.0 
l -0.9108329207788063 -0.6046232859571212 0.8433435665486135 1.9731987480068642 -0.09662815302692507 0.0 0.0 
l -0.914419713844184 -0.6023126727120612 0.84211801965814 1.9677612769498765 -0.10064057341424815 0.0 0.0 
l -0.9186712256851788 -0.5995005109754795 0.8407397300303957 1.9624761696051347 -0.10438410564222456 0.0 0.0 
l -0.9236200515088 -0.5961385194971537 0.8392250939329131 1.9573237509576324 -0.10787137147670534 0.0 0.0 
l -0.9292751734670448 -0.592196515586606 0.8375954248463856 1.9522795923682954 -0.11112601465216376 0.0 0.0 
l -0.9356166819366196 -0.5876667200522776 0.8358779304666234 1.947340432066414 -0.11417946225292752 0.0 0.0 
l -0.9425819743463842 -0.5825762952940363 0.8341067674405274 1.942465192425286 -0.11707287665884492 0.0 0.0 
l -0.9500758834197633 -0.5769794259567026 0.8323213008547424 1.9376535830211792 -0.11985158937305351 0.0 0.0 
l -0.9579667940097079 -0.5709620724911147 0.8305653238595996 1.9329130077230696 -0.12256327566886016 0.0 0.0 
l -0.9660916974942907 -0.5646391403018851 0.8288851410577522 1.9282570062824822 -0.12524909084649616 0.0 0.0 
l -0.9742669715722303 -0.5581480848079503 0.8273254004993799 1.9237197756778313 -0.1279424029500671 0.0 0.0 
l -0.9823004889284119 -0.5516397883992252 0.8259263130006347 1.919357401462303 -0.13066052834256692 0.0 0.0 
l -0.9900014873484879 -0.5452712982147516 0.8247209834425532 1.9152335737599329 -0.13340001899337905 0.0 0.0 
l -0.9971980135559276 -0.5391923935121827 0.8237311960627661 1.91142569827893 -0.13613083314550323 0.0 0.0 
l -1.0037451350591584 -0.5335374558636039 0.8229670534756909 1.9080107547290714 -0.13879389447620383 0.0 0.0 
l -1.0095357588360265 -0.5284157870358195 0.8224254748369291 1.9050695763552576 -0.14130654492070915 0.0 0.0 
l -1.0145050804147 -0.5239053953814732 0.8220918189430604 1.9026594895607072 -0.14355773919515769 0.0 0.0 
l -1.0186335888894686 -0.5200483163882623 0.8219415669875241 1.9008235153509527 -0.14541937459021415 0.0 0.0 
l -1.021946291543337 -0.5168483915745797 0.8219436388069419 1.8995770156375114 -0.14675754117108553 0.0 0.0 
l -1.0245085410575605 -0.5142722833344087 0.8220640112125073 1.898908662720263 -0.14744191132349438 0.0 0.0 
l -1.0264180303260524 -0.5122535152138443 0.822270282521059 1.8987781476835386 -0.14736012401089948 0.0 0.0 
l -1.02779817902521 -0.5106961729729373 0.8225351265821079 1.8991124085860316 -0.14642289063331582 0.0 0.0 
l -1.0287861808533814 -0.5094844787906614 0.8228388577776033 1.8998177772986133 -0.14457801972901274 0.0 0.0 
l -1.029525334219243 -0.5084871491518463 0.8231731787793276 1.9007778457836733 -0.14181779182028642 0.0 0.0 
l -1.0301534201994222 -0.5075687291852824 0.8235411395084783 1.9018531903921232 -0.1381710637849216 0.0 0.0 
l -1.0307944312720843 -0.5065979107820846 0.8239567895379181 1.9028986358782312 -0.1337087044758425 0.0 0.0 
l -1.0315556639940304 -0.5054526193231889 0.824442562735008 1.9037617186465006 -0.12853350124366203 0.0 0.0 
l -1.0325211266533083 -0.5040283880884677 0.8250269936948076 1.9042871398789527 -0.12276986166601822 0.0 0.0 
l -1.033750910030065 -0.5022420936558747 0.8257411676267911 1.9043291747928677 -0.11655111447155686 0.0 0.0 
l -1.0352808408764091 -0.5000350776543365 0.8266155676956937 1.9037547792356009 -0.11001566696437737 0.0 0.0 
l -1.0371233300955138 -0.4973749727100087 0.827677040021962 1.902448112476881 -0.10329220570045783 0.0 0.0 
l -1.039273588760766 -0.4942518058211353 0.8289463435892886 1.9003241131571313 -0.09649596204259148 0.0 0.0 
l -1.041709093226328 -0.4906791587404506 0.8304372563132938 1.897340756441835 -0.08972724618974182 0.0 0.0 
l -1.0443948952371835 -0.4866885457761761 0.8321569774579489 1.8935022894490656 -0.08307195308551063 0.0 0.0 
l -1.0472829262114054 -0.4823299579804568 0.834105914060451 1.888868673061405 -0.07659743598059521 0.0 0.0 
l -1.050324499868328 -0.4776570636664692 0.8362807906254421 1.8835708053172657 -0.07036849536274936 0.0 0.0 
l -1.0534651773543293 -0.4727319248000095 0.838674506332426 1.8778017725489267 -0.06444541581640661 0.0 0.0 
l -1.0566461262966274 -0.4676223783139364 0.8412773482873728 1.8718122777657873 -0.05888775000484692 0.0 0.0 
l -1.0598063410158043 -0.462393702483764 0.8440843538978708 1.86590873385831 -0.05376239418334272 0.0 0.0 
l -1.0628832363139953 -0.45711212535642526 0.8470901066977483 1.8604511926890968 -0.049146983771714337 0.0 0.0 
l -1.0658161322805093 -0.4518402526724396 0.8502901409446969 1.8558149536797053 -0.04512260700194348 0.0 0.0 
l -1.0685450531556318 -0.44664019182266396 0.8536782481594548 1.8523917621177295 -0.041779567436933784 0.0 0.0 
l -1.071013050412891 -0.4415712623170969 0.8572464336361044 1.850553749784768 -0.03921058634862773 0.0 0.0 
l -1.073171265246301 -0.43669006899054347 0.8609787136273236 1.850652884431539 -0.03750788357061663 0.0 0.0 
l -1.0749841188937865 -0.4320487891816208 0.8648470794700522 1.8529952891776948 -0.03675614241009062 0.0 0.0 
l -1.076435535134378 -0.42769553894474666 0.868803697705743 1.8578194543121895 -0.03700786147802315 0.0 0.0 
l -1.077536842165622 -0.42367274986432835 0.8727738902347904 1.8652972727876758 -0.03829404365002864 0.0 0.0 
l -1.078335890312604 -0.42001466714695534 0.8766491603066225 1.8755260589792806 -0.040601947555609086 0.0 0.0 
l -1.0789229999395196 -0.4167478833427619 0.8802802919198419 1.8885257439500174 -0.04387340400644313 0.0 0.0 
l -1.0794397708180188 -0.41388874261991226 0.8834713402798453 1.9042334906915988 -0.04798776840233199 0.0 0.0 
l -1.0800820360158643 -0.41144470315646026 0.8859750869046461 1.9225100060061713 -0.05277238160408371 0.0 0.0 
l -1.081099446182965 -0.40941303304206633 0.8874951318238087 1.943143017552427 -0.058008436199646796 0.0 0.0 
l -1.0827895973370294 -0.40778520538582247 0.8876850936953884 1.9658642897080536 -0.06342083710276292 0.0 0.0 
l -1.0854852637261616 -0.406544730269977 0.8861621691403521 1.990350558400414 -0.06871510532441993 0.0 0.0 
l -1.0895352846319504 -0.40567155282536055 0.8825163621005736 2.01623055414668 -0.07358471940145617 0.0 0.0 
l -1.0952749613145987 -0.40514515449951816 0.8763311757026196 2.0430880737379136 -0.07774714581803399 0.0 0.0 
l -1.103002209696497 -0.40494538863974433 0.8671992553115758 2.0704688940121962 -0.0809626190721745 0.0 0.0 
l -1.1129462255540574 -0.40505474545107856 0.8547463428258597 2.097889771450369 -0.08307246486610498 0.0 0.0 
l -1.1252459692826526 -0.4054589841709062 0.838650300193406 2.1248417454454342 -0.08402495023924905 0.0 0.0 
l -1.1399358091337417 -0.4061492098940768 0.8186572819986697 2.150810467648423 -0.08388901494266077 0.0 0.0 
l -1.1569418946108991 -0.40712433493711064 0.7945943033190097 2.175297849808385 -0.0828954067751424 0.0 0.0 
l -1.176096279039637 -0.40838930244473215 0.7663751194827397 2.197861876676006 -0.08141555619821206 0.0 0.0 
l -1.1971559726938628 -0.4099582777487261 0.7340008038631582 2.218151158938393 -0.07998713376452837 0.0 0.0 
l -1.2198317120104782 -0.4118541885247506 0.6975563270406577 2.2359785156478305 -0.07927889637658592 0.0 0.0 
l -1.2438155512664892 -0.41411296202542125 0.6572018162053135 2.2513112397459007 -0.08006908925565925 0.0 0.0 
l -1.2688089768717954 -0.41678520880267456 0.6131618614957185 2.264337204521977 -0.08318215229995496 0.0 0.0 
l -1.294543793036256 -0.4199413676043933 0.5657140218680208 2.275466758450266 -0.0894182667853678 0.0 0.0 
l -1.3207952594093266 -0.42368167487596664 0.5151776837282653 2.285301146936467 -0.09944248164827374 0.0 0.0 
l -1.347388591090546 -0.42815391666028724 0.4619037837801799 2.2946033546160134 -0.1136409361419527 0.0 0.0 
l -1.3741984497873525 -0.43358798935688503 0.40626770581230726 2.3042283203320313 -0.1319956312996533 0.0 0.0 
l -1.401142713557119 -0.440370261600573 0.34866383068423584 2.3150421096806126 -0.15395953621394187 0.0 0.0 
l -1.428172653480466 -0.44921131580726725 0.28950283368677127 2.327851351956112 -0.1784626039870681 0.0 0.0 
l -1.4552590200281157 -0.46158434845825824 0.22921031762055466 2.343323029945658 -0.2039815307561264 0.0 0.0 
l -1.4823777766207482 -0.4810813597547793 0.1682264050139784 2.361939519663424 -0.22877759072041515 0.0 0.0 
l -1.5094924414542141 -0.5191515980200571 0.10700474733519241 2.383954324425206 -0.2511842926250444 0.0 0.0 
l -1.5365410044970556 -0.6398355943898693 0.0460097817614521 2.409382962404714 -0.2698702124845602 0.0 0.0 
l -1.5634219895121466 0.47644287454026263 -0.014287925662737592 2.437999775745202 -0.28401199315435216 0.0 0.0 
l 1.5516073545175812 -0.255237238407561 -0.07341804235777379 -0.6722409360440327 -0.29332938322338276 0.0 0.0 
l 1.5255661392008395 -0.33108441760180757 -0.13092035942742966 -0.638804126372565 -0.2979987597553275 0.0 0.0 
l 1.5003025872260392 -0.35834025191147617 -0.18635447649737086 -0.6041014579045338 -0.29853775505922653 0.0 0.0 
l 1.4761171662309562 -0.37117246002839566 -0.2393120550491541 -0.5690801592333212 -0.29565412059914875 0.0 0.0 
l 1.453338052894998 -0.37727747622335334 -0.2894266160301965 -0.5347567876868655 -0.2901264051056649 0.0 0.0 
l 1.4322989497621925 -0.3793228990255505 -0.33638430500136507 -0.5021706241854154 -0.28271545308909984 0.0 0.0 
l 1.4133161484767922 -0.37847990701544343 -0.3799308440136625 -0.47231504195532253 -0.2740981916553148 0.0 0.0 
l 1.396657838676974 -0.37537678964218635 -0.41987965502310504 -0.4460805465487378 -0.26484573636915615 0.0 0.0 
l 1.3825203045605663 -0.3704270005176156 -0.45611177678561987 -0.42419266789845217 -0.2554033927790552 0.0 0.0 
l 1.3710096356550203 -0.3639602980449209 -0.4885762617967674 -0.40717398197475946 -0.24610705898266738 0.0 0.0 
l 1.362122798648426 -0.356288836177502 -0.5172938567991694 -0.3952890276264959 -0.2371779657958476 0.0 0.0 
l 1.3557485607973603 -0.3477262401777755 -0.542350401442931 -0.38853588122981514 -0.22874504330144418 0.0 0.0 
l 1.3516743414447077 -0.33859493860408985 -0.5638902573527969 -0.3866605450783153 -0.22087671139906506 0.0 0.0 
l 1.349604457597019 -0.3292188429602616 -0.5821093238103412 -0.3891675344656386 -0.2135941675588794 0.0 0.0 
l 1.349186924737515 -0.31990963219886576 -0.5972454166618109 -0.3953844897268201 -0.20690121300543085 0.0 0.0 
l 1.3500469386574616 -0.31094818070687896 -0.609566213539138 -0.4045209610646125 -0.20080599860004655 0.0 0.0 
l 1.351819572589597 -0.30256734393271406 -0.6193577554617617 -0.41576306690136916 -0.19534544863727943 0.0 0.0 
l 1.3541805082762655 -0.29493600641951523 -0.6269118455242273 -0.428332963128722 -0.19060028242605231 0.0 0.0 
l 1.3568728702112522 -0.28814473620759545 -0.6325127558366308 -0.44159129885147314 -0.18670831111031194 0.0 0.0 
l 1.359718400429915 -0.28220409493551263 -0.6364290388775171 -0.45508587495028124 -0.18387828986751897 0.0 0.0 
l 1.362624669125504 -0.27704397319372537 -0.638903709927078 -0.46857048822715036 -0.1823734621728892 0.0 0.0 
l 1.3655789356594332 -0.2725238974193241 -0.6401485819909584 -0.48203567818385257 -0.18252115967827287 0.0 0.0 
l 1.3686390047905137 -0.2684443526413305 -0.6403387052287828 -0.49569025625356894 -0.18469208628814637 0.0 0.0 
l 1.3719147899796507 -0.26456565728568354 -0.6396124138383695 -0.5099452062466683 -0.18929016028261392 0.0 0.0 
l 1.375548711217963 -0.260627806846862 -0.638071719049716 -0.5253708302304072 -0.19673660051932984 0.0 0.0 
l 1.3796917085016571 -0.2563729546715885 -0.6357893520358796 -0.5426453454583378 -0.20744650833435274 0.0 0.0 
l 1.3844840610064248 -0.2515636075497686 -0.6328140131450529 -0.562527917619877 -0.22182277345846368 0.0 0.0 
l 1.3900362241882747 -0.24599991708052021 -0.6291800780352977 -0.5858291171590542 -0.2402483227495723 0.0 0.0 
l 1.396409814303599 -0.23953820395072664 -0.6249187201544825 -0.6133665184714603 -0.2630590747379339 0.0 0.0 
l 1.4036085636173072 -0.23209936223561664 -0.6200682492365833 -0.6459570329857249 -0.2905389713944594 0.0 0.0 
l 1.411565877814423 -0.22368523486688358 -0.6146842905627087 -0.6844265601919659 -0.32292486711110735 0.0 0.0 
l 1.420146664493015 -0.214379917775542 -0.6088488186152903 -0.7296092528041931 -0.3603788447618437 0.0 0.0 
l 1.4291455098307357 -0.20436057474404698 -0.602676724997667 -0.7823913215991005 -0.4029986201485556 0.0 0.0 
l 1.4382989452553168 -0.19389222097554132 -0.5963196787536125 -0.8437138968176947 -0.4507812174365955 0.0 0.0 
l 1.4472981840508834 -0.18332507316630273 -0.5899615850617894 -0.9145837369220831 -0.503611753387011 0.0 0.0 
l 1.455806281687786 -0.173082167732151 -0.5838142442337646 -0.9960443256713174 -0.5612455634364348 0.0 0.0 
l 1.4634886838412604 -0.16362332414991768 -0.5781056592035119 -1.0890463999306923 -0.6232654902283448 0.0 0.0 
l 1.470029684870615 -0.1554215286081503 -0.5730647137748021 -1.1941761424714297 -0.6890660960155345 0.0 0.0 
l 1.4751589603063713 -0.1489148870665699 -0.5689049973134388 -1.3112171293194723 -0.7578315105823652 0.0 0.0 
l 1.478671470934436 -0.14446191532556418 -0.5658047669238435 -1.4385741602787678 -0.828527518551968 0.0 0.0 
l 1.4804459837158088 -0.14229392326397658 -0.56389312145838 -1.5728699329985054 -0.8999313331558378 0.0 0.0 
l 1.480452177503515 -0.142488071295314 -0.5632378516959863 -1.709010010071283 -0.9706897526753265 0.0 0.0 
l 1.4787513002770967 -0.1449584666545414 -0.5638372992543473 -1.841029475174174 2.102178687313026 0.0 0.0 
l 1.475494256332601 -0.14946059491426517 -0.5656212621106343 -1.963405348075166 2.0368106309846965 0.0 0.0 
l 1.4709024076996573 -0.15563211249812872 -0.5684577975576648 -2.0722204263112123 1.9759311744189505 0.0 0.0 
l 1.4652488519552707 -0.16303793706288805 -0.5721647365833639 -2.165544620931094 1.920425026474864 0.0 0.0 
l 1.4588351726920197 -0.17122031164097865 -0.5765282853615334 -2.243198062465982 1.8708732135624595 0.0 0.0 
l 1.4519614530731653 -0.17975327953300366 -0.5813223448393959 -2.3061535687526264 1.8275601198666762 0.0 0.0 
l 1.444907569436808 -0.1882727786223563 -0.5863237412641988 -2.3559700602115647 1.7905034903526627 0.0 0.0 
l 1.437896715333744 -0.19651882718359537 -0.591340552345441 -2.3943732644666094 1.759515511048778 0.0 0.0 
l 1.431083812912641 -0.20433984511774816 -0.5962217731467684 -2.423018365823514 1.7342632319723568 0.0 0.0 
l 1.4245447588540903 -0.21169195462308674 -0.600868497259349 -2.4433921979181576 1.714306748621032 0.0 0.0 
l 1.4182693675698774 -0.21863297441740842 -0.6052429952519185 -2.4567647242691915 1.6991635035676989 0.0 0.0 
l 1.4121655608300097 -0.22530443494328908 -0.609371348387017 -2.464215238210347 1.6883274846372105 0.0 0.0 
l 1.4060590739404357 -0.23192261042399562 -0.6133447543443227 -2.4666562416037623 1.681297013675868 0.0 0.0 
l 1.3997094729468025 -0.23875088122431937 -0.6173150628012847 -2.464872922741047 1.6775884614294025 0.0 0.0 
l 1.3928193610596757 -0.24608324210442492 -0.6214882665432746 -2.459568046162042 1.6767412508354593 0.0 0.0 
l 1.385048938624227 -0.2542212063269044 -0.6261144271689784 -2.451386952080934 1.6783254712262634 0.0 0.0 
l 1.376027700586142 -0.2634536483400503 -0.6314759739145803 -2.440945545257375 1.6819417677703503 0.0 0.0 
l 1.365369255815078 -0.27403206607944575 -0.637873223658597 -2.4288429012560666 1.6872209093696782 0.0 0.0 
l 1.3526849452999787 -0.2861481625493119 -0.6456080479864617 -2.4156636338690474 1.6938269361012488 0.0 0.0 
l 1.337600205858142 -0.29991084175410054 -0.6549667296541595 -2.401972001424051 1.701456483316893 0.0 0.0 
l 1.3197705477709833 -0.3153306357262616 -0.666202143617733 -2.388306844113819 1.7098411548154833 0.0 0.0 
l 1.298901447575393 -0.332309471198876 -0.6795167032164677 -2.375157630390876 1.7187537870085345 0.0 0.0 
l 1.2747691490537325 -0.3506419444174886 -0.6950476805453394 -2.36295356615053 1.7280115598907735 0.0 0.0 
l 1.2472447318081126 -0.3700267141784588 -0.7128541587864556 -2.3520596614823455 1.7374711079919405 0.0 0.0 
l 1.2163137880131851 -0.3900902159130417 -0.7329122877513021 -2.3427537937922 1.7470380332209012 0.0 0.0 
l 1.1821035299379177 -0.410411182003644 -0.7551078322227297 -2.3352327080035447 1.7566592155512786 0.0 0.0 
l 1.1448876616997585 -0.4305584528677948 -0.7792439474789632 -2.3295897158918253 1.7663170747151242 0.0 0.0 
l 1.105089804810241 -0.4501192132557124 -0.8050493326975569 -2.3258192104263222 1.7760237500179583 0.0 0.0 
l 1.0632717973476387 -0.468724051578598 -0.8321899780724686 -2.3238118478522938 1.7858093896449228 0.0 0.0 
l 1.0201056939355606 -0.48606455921505476 -0.8602861013048699 -2.323359130254688 1.7957040954411103 0.0 0.0 
l 0.9763313300132109 -0.5019046113039058 -0.888930624146053 -2.324176642819015 1.805724861559748 0.0 0.0 
l 0.9327114104176939 -0.5160831664788246 -0.9177041832687789 -2.3259277262353573 1.815867217439135 0.0 0.0 
l 0.889978912948351 -0.5285144110580521 -0.9461938706989054 -2.3282487967271197 1.8260884265142119 0.0 0.0 
l 0.8487939873206457 -0.5391837017242301 -0.9740071301451759 -2.330796204056168 1.8363269325201839 0.0 0.0 
l 0.809709934976021 -0.5481458511278425 -1.0007809006057697 -2.3332679764889255 1.846495600085801 0.0 0.0 
l 0.7731495961050797 -0.555517715928554 -1.026196042548963 -2.3354302574066965 1.8564773361103786 0.0 0.0 
l 0.7394055640547428 -0.5614692320840061 -1.0499799251483213 -2.3371194469262706 1.8661500720888096 0.0 0.0 
l 0.7086452308640806 -0.5662142735956347 -1.0719113812652865 -2.3382452367488624 1.8753953784031168 0.0 0.0 
l 0.6809304786930486 -0.5699972092246657 -1.0918199447509183 -2.3387854486486237 1.8841103139043258 0.0 0.0 
l 0.6562412751931906 -0.5730760126564809 -1.1095850194017942 -2.3387755851614456 1.892214689692417 0.0 0.0 
l 0.634505434586724 -0.5757069898275726 -1.125126651478328 -2.338302489654682 1.899656206371336 0.0 0.0 
l 0.6156301420794977 -0.5781288582357991 -1.1383933939998738 -2.3375018300473194 1.9064045693319962 0.0 0.0 
l 0.5995340751915803 -0.5805481774120789 -1.1493465922054455 -2.336554749793196 1.9124488296492803 0.0 0.0 
l 0.5861734628319079 -0.5831303468913749 -1.1579435898218962 -2.3356840533063346 1.9177790867494076 0.0 0.0 
l 0.5755613546515632 -0.5859972368379351 -1.1641203321311848 -2.335143167294871 1.9223814832019797 0.0 0.0 
l 0.5677837103119135 -0.5892274289884007 -1.167774173969328 -2.335215829693645 1.9262210961608282 0.0 0.0 
l 0.5630007451163479 -0.5928631695049117 -1.1687529158484344 -2.3361929307924747 1.9292241984628549 0.0 0.0 
l 0.561442447608434 -0.5969171935754471 -1.1668483490715662 -2.3383549959609695 1.931279839768759 0.0 0.0 
l 0.5633896554716495 -0.6013851462485822 -1.1617967076206297 -2.341940795186331 1.9322249596446897 0.0 0.0 
l 0.5691501377365885 -0.6062524847067263 -1.1532873712918525 -2.347113856854296 1.931847571263648 0.0 0.0 
l 0.5790239529707917 -0.6115030543200932 -1.1409794317566462 -2.3539303059172973 1.929894179047141 0.0 0.0 
l 0.5932619833560501 -0.6171277573459703 -1.1245253764654664 -2.362296657321659 1.9260752037552162 0.0 0.0 
l 0.6120249838729798 -0.6231233083655725 -1.1036058114343035 -2.371940215255407 1.9200896130168608 0.0 0.0 
l 0.6353381439646081 -0.6294977912710995 -1.0779685671741852 -2.3823859150709277 1.9116446139281054 0.0 0.0 
l 0.6630548762208274 -0.6362699731504254 -1.047474019853785 -2.3929457639175036 1.900491598872887 0.0 0.0 
l 0.6948310922502943 -0.6434718409706014 -1.0121395951863283 -2.4027444083165594 1.8864598415825728 0.0 0.0 
l 0.7301223316228859 -0.6511423306383266 -0.9721832851482566 -2.410767156336656 1.8694998843272619 0.0 0.0 
l 0.7682017123515773 -0.659323384136716 -0.9280545824365932 -2.415943337785164 1.8497181675773477 0.0 0.0 
l 0.808200878322834 -0.6680606815077874 -0.8804395446050909 -2.4172738425453484 1.8273940597457115 0.0 0.0 
l 0.8491761802988577 -0.6773954422527751 -0.8302387853730195 -2.413972284309274 1.802978271365874 0.0 0.0 
l 0.8901785812680827 -0.6873588541119644 -0.778516148108206 -2.405597821872105 1.7770614620194802 0.0 0.0 
l 0.93032373172242 -0.6979686499972225 -0.7264153792361773 -2.392152932361514 1.750323338359106 0.0 0.0 
l 0.9688500784551609 -0.7092192876305611 -0.6750677947672011 -2.374106789247957 1.723462115335384 0.0 0.0 
l 1.0051487276844984 -0.7210782835062398 -0.6255059745433512 -2.3523242789991716 1.697131561475695 0.0 0.0 
l 1.0387872203885935 -0.7334811085608663 -0.5785834902006077 -2.32793860756392 1.6718761063179048 0.0 0.0 
l 1.0694939123768956 -0.7463301203487949 -0.5349438443418155 -2.3021609110273817 1.6481098885387107 0.0 0.0 
l 1.0971385719948692 -0.7594990839459621 -0.4950083833657824 -2.2761166823377845 1.6261124934799385 0.0 0.0 
l 1.1217048206181217 -0.772844114014013 -0.45898884753271413 -2.25070912247894 1.6060363730353462 0.0 0.0 
l 1.143257625155575 -0.7862204817740999 -0.42691849692713874 -2.2265645275168406 1.5879331818304876 0.0 0.0 
l 1.1619281811441269 -0.7994865328303715 -0.3986870499691469 -2.2040396784630576 1.5717753147117275 0.0 0.0 
l 1.177875327207587 -0.8125364793563913 -0.37408180112293093 -2.183256284839833 1.5574872422536017 0.0 0.0 
l 1.1912714930163957 -0.825309912263773 -0.352821829155569 -2.164162876016568 1.5449629267444671 0.0 0.0 
l 1.2022873134728653 -0.8377988895111398 -0.3345899511003928 -2.1466057170508948 1.5340756471559311 0.0 0.0 
l 1.2110833469776514 -0.8500462528870483 -0.31905674813367635 -2.1303737256379436 1.5247025982476583 0.0 0.0 
l 1.2178055953269764 -0.8621316807883332 -0.3059014769561743 -2.11524196232152 1.5167219675011523 0.0 0.0 
l 1.2225841625506098 -0.8741530070307054 -0.2948265531796033 -2.1010058182435016 1.5100199715223017 0.0 0.0 
l 1.2255371789571416 -0.8861979298788547 -0.2855684835354046 -2.0874903908414573 1.504498711010473 0.0 0.0 
l 1.2267762434119143 -0.8983173314155279 -0.27790415415519404 -2.074558583365122 1.5000795554910287 0.0 0.0 
l 1.226411714237447 -0.9105059721234237 -0.2716529764044714 -2.062112275605028 1.4967063330344725 0.0 0.0 
l 1.2245604050167356 -0.9226881195049049 -0.2666757824411382 -2.0500926827404915 1.4943420802205742 0.0 0.0 
l 1.2213481620367515 -0.9347199956016026 -0.2628711698435428 -2.0384484257102145 1.492987385040118 0.0 0.0 
l 1.216915600658357 -0.946409294407736 -0.26016262096292897 -2.027146745918516 1.4926604298863064 0.0 0.0 
l 1.2114176551391822 -0.9575266787426784 -0.2584962493863957 -2.0161371771322667 1.493414512168521 0.0 0.0 
l 1.205024521233268 -0.9678367665922434 -0.2578273878163718 -2.005349510330264 1.495331317386829 0.0 0.0 
l 1.1979161669334928 -0.9771260083702372 -0.25811255366610286 -1.9946560537078484 1.4985297349136528 0.0 0.0 
l 1.1902784934756392 -0.9852217158024568 -0.259302578430833 -1.9838726210824535 1.5031576496929393 0.0 0.0 
l 1.1823055408021994 -0.991984561716108 -0.26134338892870956 -1.9727252459581592 1.5094153246741921 0.0 0.0 
l 1.1741954781688748 -0.9973284596356097 -0.26416492675718134 -1.9608413306087944 1.5175411100386755 0.0 0.0 
l 1.1661487717474512 -1.0011995188741645 -0.26768923993402605 -1.9477319411409566 1.5278261978240957 0.0 0.0 
l 1.158370964598347 -1.0035603801809827 -0.2718324886109155 -1.9327827773915727 1.5406176046438493 0.0 0.0 
l 1.1510715515563001 -1.004371910649758 -0.27651176375102215 -1.9152421067760053 1.5563142624676265 0.0 0.0 
l 1.1444657890355183 -1.0035678910667822 -0.2816548569513516 -1.8942080097758824 1.5753755454500311 0.0 0.0 
l 1.1387752310434818 -1.0010475480738343 -0.28720153695135314 -1.8685903915868447 1.5983243791176651 0.0 0.0 
l 1.1342213637740486 -0.9966580341852563 -0.2931159903314914 -1.8371067697408263 1.625729197035732 0.0 0.0 
l 1.1310251843955703 -0.9901881887561763 -0.2993886326653722 -1.798255386364221 1.6581907648914087 0.0 0.0 
l 1.1294004097424937 -0.9813642004449236 -0.3060410675674835 -1.750284197746829 1.6963275332342533 0.0 0.0 
l 1.1295421815424036 -0.9698735483412125 -0.3131165742221783 -1.6912001594097628 1.7407339538482764 0.0 0.0 
l 1.1316214280043653 -0.9553542524542276 -0.32068798424112954 -1.6188466521672413 1.7919477856768609 0.0 0.0 
l 1.1357730729413364 -0.9374247886957419 -0.32884614700445414 -1.5311425357916495 1.8503872557905259 0.0 0.0 
l 1.1420861652298426 -0.9157112257266197 -0.33769119148947174 -1.426586419609658 -1.2253156359973751 0.0 0.0 
l 1.1505922896647047 -0.8898871661061742 -0.3473216815155433 -1.3051001396674489 -1.1520305160658375 0.0 0.0 
l 1.1612569011139817 -0.8597225140965467 -0.35782230520822356 -1.1690407041236286 -1.0717685186233563 0.0 0.0 
l 1.1739727176374537 -0.8251402244133607 -0.3692519337204295 -1.0237877825458326 -0.9853759113620918 0.0 0.0 
l 1.1885563513314232 -0.7862774891780733 -0.38163172573369564 -0.8770844805718621 -0.8941412626630119 0.0 0.0 
l 1.2047504511260299 -0.7435365177382876 -0.394935931856646 -0.7370206473368619 -0.799745095496525 0.0 0.0 
l 1.2222339156120248 -0.6976081371290144 -0.4090854120694125 -0.6097757039417586 -0.7041277378053739 0.0 0.0 
l 1.2406349697892485 -0.6494576358674718 -0.4239464990076655 -0.498505841488082 -0.609310365393608 0.0 0.0 
l 1.259555204410588 -0.6002532707951304 -0.4393338940402606 -0.40364951754607253 -0.5171987753531073 0.0 0.0 
l 1.278595259424462 -0.5512530276045304 -0.455018004993943 -0.32392487822889987 -0.4294289764511316 0.0 0.0 
l 1.2973829968302235 -0.5036649961589135 -0.4707370995124407 -0.2573064092464911 -0.3472672470897261 0.0 0.0 
l 1.3155994025401072 -0.4585187534081405 -0.48621008136563515 -0.2016643355826659 -0.27158979925576865 0.0 0.0 
l 1.3329954962489619 -0.4165780618681666 -0.5011518727272994 -0.15509216110982188 -0.2029105020975147 0.0 0.0 
l 1.3494030217546555 -0.3783044806132182 -0.5152867164884041 -0.11603190529757618 -0.1414396361608813 0.0 0.0 
l 1.3647358957677163 -0.3438709801072646 -0.5283592296279753 -3.2248785311898116 -0.08715416042453861 0.0 0.0 
l 1.378979266036194 -0.3132167093491964 -0.5401424711995186 -3.1975552728691756 -0.03986390571479981 0.0 0.0 
l 1.392180579408342 -0.2861043480862847 -0.5504433392929919 -3.1750170788431493 0.0007329787466934246 0.0 0.0 
l 1.4044290599593796 -0.26219060477655054 -0.5591056458866874 -3.1568094331323753 0.03500378182019703 0.0 0.0 
l 1.4158369822527248 -0.24108271943927262 -0.5660121599821447 -3.1425919265895854 0.06334486565956843 0.0 0.0 
l 1.4265199987783512 -0.22238461517116248 -0.5710870274960169 -3.1320820348872958 0.08615677822648182 0.0 0.0 
l 1.4365838144569654 -0.2057258824973001 -0.5742952058799307 -3.1250163698332596 0.10382136173828915 0.0 0.0 
l 1.4461108232719002 -0.1907832028571155 -0.5756461676386884 -3.1211147636444743 0.1166938154780292 0.0 0.0 
l 1.4551513838134476 -0.17729324353423775 -0.575196558576959 -3.1200674038140566 0.12509224705134897 0.0 0.0 
l 1.4637217278487258 -0.16505608107999725 -0.5730517787878769 -3.121525070809696 0.12929949147058079 0.0 0.0 
l 1.471801872940192 -0.1539393911402147 -0.5693690429122543 -3.1251060841493876 0.12957728247094225 0.0 0.0 
l 1.4793420625659293 -0.14387243540716632 -0.5643571901087561 -3.130406643886788 0.12615132862106482 0.0 0.0 
l 1.486270355081928 -0.13483965677902748 -0.5582736289034493 -3.137026219447419 0.11923491548363635 0.0 0.0 
l 1.492496449441092 -0.1268804306146707 -0.5514179039258846 -3.144575538756424 0.10902887258309946 0.0 0.0 
l 1.4979322325595494 -0.12006098519436052 -0.544120546028236 -3.1527208032621896 0.09571397216773236 0.0 0.0 
l 1.5024978281592807 -0.11446523310260724 -0.5367288896960184 -3.1611946488939733 0.0794514830082772 0.0 0.0 
l 1.5061307556619565 -0.11017634860402659 -0.5295906358133774 -3.1698123331338595 0.060366665912021 0.0 0.0 
l 1.5087932205861596 -0.10725697378454026 -0.523036322731201 -3.178487507977418 0.038546073000814585 0.0 0.0 
l 1.5104753249147982 -0.10573282154586156 -0.5173639346738395 -3.1872344430546713 0.014005328720666399 0.0 0.0 
l 1.511195613202461 -0.1055799421246917 -0.5128266791010976 -3.1961739896271864 -0.01330695028798734 0.0 0.0 
l 1.510997220632804 -0.10672131232082013 -0.5096253755532043 -3.205530703188683 -0.043517415905042434 0.0 0.0 
l 1.5099424034312763 -0.10903027401659293 -0.5079052057192879 -3.2156370802923258 -0.07682652161284109 0.0 0.0 
l 1.5081065173780057 -0.11233994505401686 -0.5077559820981195 -3.2269363145615455 -0.11349284030530882 0.0 0.0 
l 1.5055678495629328 -0.11646401837443973 -0.5092173238519805 -3.2400029983452274 -0.15381046459947179 0.0 0.0 
l 1.502400659190783 -0.12121517746344722 -0.5122838366276817 -3.2555707392669415 -0.19807452461395525 0.0 0.0 
l 1.4986670828524666 -0.1264256702323534 -0.5169130909664177 -3.27459064466507 -0.24652001114292765 0.0 0.0 
l 1.4944112077249216 -0.13196430751946095 -0.5230280544086254 -3.2983363565749793 -0.2992739562997194 0.0 0.0 
l 1.4896544725243175 -0.13774751190878523 -0.5305230172289024 -3.328572083592719 -0.3562820831366791 0.0 0.0 
l 1.4843959371469708 -0.1437390644500965 -0.5392689682502664 -0.2262486690161271 -0.4172416709014397 0.0 0.0 
l 1.4786151143707797 -0.14994355756308994 -0.5491182285485299 -0.27835887833856815 -0.4815464741165001 0.0 0.0 
l 1.4722633847721702 -0.15641836906185597 -0.5599041590652877 -0.34913974109685725 -0.5482832869221369 0.0 0.0 
l 1.465278663420894 -0.16324067324114622 -0.571459541644718 -0.4476727671723055 -0.616249472828282 0.0 0.0 
l 1.4575859815630992 -0.17050374262069537 -0.5836185230347455 -0.5876847247503032 -0.6840479700028064 0.0 0.0 
l 1.4491059618731061 -0.17829798767202887 -0.5962299886372144 -0.7869725754539265 -0.7502158402311041 0.0 0.0 
l 1.439760458054432 -0.1866970017801696 -0.6091725333884169 -1.0570198953267922 -0.8133642259608019 0.0 0.0 
l 1.429478224706577 -0.19574438965149346 -0.6223683756841512 -1.3755713904768359 -0.8722968154805046 0.0 0.0 
l 1.4181991966753615 -0.205443002285462 -0.6357955855581395 -1.6790155306584555 -0.9260849031605077 0.0 0.0 
l 1.4058770369906284 -0.21574644484511316 -0.6494981191998379 -1.9169485183391535 2.1675086632855756 0.0 0.0 
l 1.3924789636420043 -0.22655530218500097 -0.663589818828511 -2.0845501826754846 2.12567939692201 0.0 0.0 
l 1.3779844710760534 -0.2377168695355646 -0.6782510147915147 -2.198464509249458 2.09018180127041 0.0 0.0 
l 1.362388495906979 -0.2490200502293029 -0.6937237685219404 -2.2755549827441532 2.061014817094452 0.0 0.0 
l 1.3456965172817112 -0.26021006586445394 -0.710289213737499 -2.327868905652759 2.038053152745291 0.0 0.0 
l 1.327927046284791 -0.2709941601787369 -0.7282507405814596 -2.3633700311025354 2.0210826967055837 0.0 0.0 
l 1.3091141847794152 -0.2810551242833786 -0.7479085700481661 -2.3873336361335404 2.0098200595250493 0.0 0.0 
l 1.289315502471597 -0.29006529128711517 -0.7695299509929685 -2.4033659883291962 2.0039190019542303 0.0 0.0 
l 1.2686177490119044 -0.29770509979333737 -0.7933219920360898 -2.4140296036585327 2.002973858212968 0.0 0.0 
l 1.2471464838787971 -0.30367935459265544 -0.819404955445626 -2.421221060297592 2.0065178061608777 0.0 0.0 
l 1.2250752472641768 -0.3077335358911368 -0.8477884605646405 -2.426386180990977 2.0140224360431125 0.0 0.0 
l 1.2026360310606434 -0.309664532660279 -0.8783560654177351 -2.430655237947636 2.0249009301976013 0.0 0.0 
l 1.1801265002487933 -0.3093310532784219 -0.9108562237260168 -2.4349239177156887 2.0385162568831103 0.0 0.0 
l 1.1579158791247521 -0.30665802904433964 -0.9449066135751429 -2.4399070486566408 2.054197251126556 0.0 0.0 
l 1.1364500873640382 -0.3016374769559912 -0.9800081165809025 -2.4461809297187496 2.0712582118667493 0.0 0.0 
l 1.1162502002998247 -0.2943284236525804 -1.0155720042934688 -2.454217250832688 2.089026579067718 0.0 0.0 
l 1.0979072689100835 -0.28485461146689056 -1.050955607706725 -2.4644237855108297 2.1068717314155045 0.0 0.0 
l 1.0820736146897425 -0.27339949976260075 -1.0855031844975587 -2.4771687692914046 2.124234927886761 0.0 0.0 
l 1.0694522831187387 -0.2601979267753917 -1.1185859422106508 -2.492811121949814 2.140651475769909 0.0 0.0 
l 1.0607721501982743 -0.2455297905895309 -1.1496385163101694 -2.5117232140170485 2.1557645416340394 0.0 0.0 
l 1.056760129167572 -0.22970877807795861 -1.1781844498966583 -2.5342835517558537 2.169330107038972 0.0 0.0 
l 1.0580977781007517 -0.21307011112439256 -1.2038523792814504 -2.5608607659654137 2.1812105624196003 0.0 0.0 
l 1.0653630842615556 -0.19595731685510426 -1.2263795086630433 -2.5917702678693315 2.1913586997575774 0.0 0.0 
l 1.0789629604833886 -0.1787056780068802 -1.2456044999215314 -2.6272165517474915 2.1997952363034092 0.0 0.0 
l 1.0990449027730496 -0.16162887762282135 -1.2614554086253655 -2.667198355178024 2.2065874512931907 0.0 0.0 
l 1.1254145227348062 -0.1450062185864221 -1.2739295421037935 -2.7114233645808263 2.2118260021320437 0.0 0.0 
l 1.1574687091741616 -0.12907206743004707 -1.2830760478336158 -2.75923628840128 2.2156064518094216 0.0 0.0 
l 1.1941838670005667 -0.11400871783255324 -1.288974774359921 -2.8095985856441335 2.218014667492482 0.0 0.0 
l 1.2341742421914406 -0.09994328212310293 -1.291719323370271 -2.861139800540119 2.219118725158795 0.0 0.0 
l 1.2758303830646351 -0.08694850877339251 -1.2914015780368011 -2.9122872092652266 2.218962651325721 0.0 0.0 
l 1.3175163347960863 -0.07504521611857345 -1.2880999542231024 -2.9614589414977956 2.2175652110854536 0.0 0.0 
l 1.3577643418494099 -0.06420912726871132 -1.2818724076763623 -3.007250498052806 2.2149226372483293 0.0 0.0 
l 1.3954249520014115 -0.05437842660580286 -1.2727532641634907 -3.048579098327069 2.2110131148834586 0.0 0.0 
l 1.429740707238627 -0.04546135666527228 -1.2607539704101003 -3.0847501938868254 2.2058003573877705 0.0 0.0 
l 1.4603426002819464 -0.037343089471491196 -1.245867342688462 -3.1154464299547877 2.1992386947869544 0.0 0.0 
l 1.4871853860543163 -0.02989322223608314 -1.2280761344726052 -3.1406558923563237 2.1912774139685243 0.0 0.0 
l 1.5104611514485096 -0.022970920242167528 -1.2073639046457911 -3.1605766607026267 2.181865927293275 0.0 0.0 
l 1.5305127245712016 -0.016428254937881925 -1.183728865058299 -3.1755242997553994 2.1709586368945546 0.0 0.0 
l 1.5477550260026973 -0.010114549203700982 -1.1572013219411073 -3.185845459762601 2.1585212200632102 0.0 0.0 
l 1.5626237106304175 -0.0038769397718658575 -1.1278592477218397 -3.1918615215126263 2.144538871415501 0.0 0.0 
l -1.5660583688006582 0.0024363154686632676 -1.0958460041679428 -0.052238001707792525 2.129025430889123 0.0 0.0 
l -1.5547322140687403 0.008973697225648771 -1.0613861430011462 -0.050334649628896055 2.112035846342784 0.0 0.0 
l -1.5446717612735164 0.01587595825747013 -1.0247963083853997 -0.04464925179625906 2.093674483569048 0.0 0.0 
l -1.5356164561876704 0.023271366856211628 -0.9864883090267467 -0.03520374624772232 2.074105622202808 0.0 0.0 
l -1.5273602994693736 0.03127069253217221 -0.9469662450197671 -0.02198412251260423 2.053560413357203 0.0 0.0 
l -1.5197512099504829 0.03995671451573049 -0.9068119871635856 -0.004975334452364588 2.032335499598955 0.0 0.0 
l -1.512682007746575 0.04937694738076928 -0.8666590123773901 0.015783336602637477 2.0107849426031303 0.0 0.0 
l -1.5060835435120006 0.05953410375111215 -0.8271616686846215 0.04015912860007892 1.9893082541339668 0.0 0.0 
l -1.4999171026141982 0.07037839250540869 -0.7889554865868692 0.06789023673611322 1.9683320236507882 0.0 0.0 
l -1.4941678946137091 0.08180151941814769 -0.7526208515592955 0.09857070446140287 1.9482904541617851 0.0 0.0 
l -1.4888296043720615 0.09364573120215502 -0.7186514726317845 0.1316688821913457 1.9296112395136265 0.0 0.0 
l -1.4839048171374958 0.10570528294476049 -0.6874273154189245 0.16659121059168608 1.912700878330256 0.0 0.0 
l -1.4793904218043115 0.11775150656715387 -0.6592032806246967 0.20276392929712278 1.8979421407645045 0.0 0.0 
l -1.475275667971599 0.12955202699188173 -0.634106716979618 0.23973665841699648 1.885696297552188 0.0 0.0 
l -1.4715352041036895 0.14090078300273606 -0.6121437348766137 0.2772807435202939 1.8763093647002074 0.0 0.0 
l -1.4681253383506856 0.15164481719316306 -0.5932150142046426 0.31547001682670345 1.8701229512110966 0.0 0.0 
l -1.4649830751599233 0.16170370807861592 -0.5771364267937441 0.3547345709981036 1.8674853361946289 0.0 0.0 
l -1.4620269453440107 0.1710794268841254 -0.5636619524635992 0.39590579212355764 1.8687621018711118 0.0 0.0 
l -1.4591604103936306 0.17985372272438088 -0.5525072144799171 0.4402589001274479 1.8743428911543072 0.0 0.0 
l -1.4562785215946126 0.18817177724691764 -0.5433730302719949 0.4895705484224842 1.8846456920479513 0.0 0.0 
l -1.453276359449471 0.19621732435792252 -0.5359651486703404 0.5462178941436515 1.9001145400654473 0.0 0.0 
l -1.450059568202765 0.2041814388797759 -0.5300100239207417 0.6133164360005754 1.9212105403106003 0.0 0.0 
l -1.4465528860083499 0.21223520233764523 -0.5252646905330404 0.6948744657877799 1.9483929661077912 0.0 0.0 
l -1.4427084961734493 0.22050501131809788 -0.5215218947882323 0.7958525016704268 1.9820900750962274 0.0 0.0 
l -1.4385113859954535 0.2290567644754104 -0.5186099307161022 0.9218203625333492 2.0226551224159555 0.0 0.0 
l -1.433980398847177 0.2378918339380118 -0.516387559844698 1.0775705716744537 2.070307249759968 0.0 0.0 
l -1.4291652296310708 0.24695331808524615 -0.514736763409401 1.2639275301970863 -1.0165317113884145 0.0 0.0 
l -1.4241398888227905 0.25614035770426413 -0.5135552993214809 1.4734217059805865 -0.9549429914501395 0.0 0.0 
l -1.418993365517858 0.26532936678959396 -0.5127479098243425 1.6891806341962312 -0.8871349375590859 0.0 0.0 
l -1.4138176823337734 0.2743977546760014 -0.5122221151285078 1.891428289390128 -0.8141094962037916 0.0 0.0 
l -1.4086980846269723 0.2832432747965331 -0.5118849111734362 2.0668630948561884 -0.737242292292749 0.0 0.0 
l -1.4037047444172468 0.2917970675475083 -0.5116444516175231 2.211798704061432 -0.6582012124756886 0.0 0.0 
l -1.3988869891536104 0.3000304524231132 -0.5114132688491131 2.3289347755285537 -0.578805077984982 0.0 0.0 
l -1.3942713235230866 0.30795426740208953 -0.5111119404000823 2.4232421510406503 -0.5008498838203077 0.0 0.0 
l -1.3898642163438952 0.31560774458812646 -0.5106758239818173 2.4996278893256525 -0.4259382014980523 0.0 0.0 
l -1.3856573651731166 0.3230454678049211 -0.5100582857678636 2.562119886339198 -0.35535614215636746 0.0 0.0 
l -1.3816316817020196 0.330327832358583 -0.5092322841920315 2.613781569892362 -0.2900157803371719 0.0 0.0 
l -1.3777660820426207 0.33750402351906056 -0.5081916135908502 -0.48471300255501343 -0.23046305849271753 0.0 0.0 
l -1.3740431825840862 0.3446027104169912 -0.50694892418827 -0.44851825443757315 -0.17692481589341746 0.0 0.0 
l -1.3704548400650398 0.3516245934437222 -0.5055319559276783 -0.41799879668263945 -0.1293822371318477 0.0 0.0 
l -1.3670068242633637 0.35853662048321644 -0.5039798361863983 -0.3922262820473161 -0.08764648019139365 0.0 0.0 
l -1.3637192128366398 0.3652753459354145 -0.5023370981627494 -0.37047867485789604 -0.05142570352607423 0.0 0.0 
l -1.3606262804280997 0.3717493476787631 -0.5006504976712206 -0.3521707611915576 -0.020375296579307034 0.0 0.0 
l -1.3577757656362288 0.3778453473971426 -0.49896290756319944 -0.33680938851368974 0.00586115257838371 0.0 0.0 
l -1.3552255522789567 0.3834357682328105 -0.4973112678161352 -0.3239615115077032 0.02762628300649611 0.0 0.0 
l -1.3530386191134938 0.3883886389789534 -0.4957253488066127 -0.31323838153004163 0.04523644076293171 0.0 0.0 
l -1.3512788969912053 0.39257376697751434 -0.4942291856704621 -0.3042882269726594 0.05897563674637507 0.0 0.0 
l -1.3500065264000602 0.39587025238598667 -0.49284192548863814 -0.2967904447220539 0.06909358498689361 0.0 0.0 
l -1.3492723993856104 0.3981726535325828 -0.49158151483805707 -0.29046057791104024 0.0758090541830782 0.0 0.0 
l -1.3491140426373955 0.3993948816419376 -0.4904683127212714 -0.2850544293150434 0.07931334865781103 0.0 0.0 
l -1.3495534145701684 0.3994705711850399 -0.4895291888035326 -0.2803715767645549 0.07977395360494927 0.0 0.0 
l -1.3505945928266205 0.39835507610180176 -0.488800289067999 -0.2762607175500555 0.07733613007376561 0.0 0.0 
l -1.352222137689392 0.3960273771105052 -0.4883291779065029 -0.2726254611364109 0.07212338559066811 0.0 0.0 
l -1.3544013985138457 0.3924903264224025 -0.4881758209858493 -0.2694259566016676 0.064235568212057 0.0 0.0 
l -1.357079442945677 0.38777277104913044 -0.48841077393679716 -0.2666808545341916 0.05374469144623806 0.0 0.0 
l -1.3601879395537613 0.38192762154341886 -0.48911461315674454 -0.26446258696156305 0.04069143705340239 0.0 0.0 
l -1.363645945680795 0.3750296425996704 -0.49037796077927875 -0.26289615218670254 0.025082818887168623 0.0 0.0 
l -1.3673603272659647 0.36718285770752723 -0.4922943474651321 -0.26216105522492267 0.0068884722013689 0.0 0.0 
l -1.3712302386504955 0.3585152248162165 -0.4949589745752482 -0.26248637956816906 -0.013958067782581018 0.0 0.0 
l -1.3751505109948223 0.34917517662192243 -0.4984660376133121 -0.2641509894164981 -0.03755439901390489 0.0 0.0 
l -1.3790145211813916 0.3393275428340039 -0.5029061355937302 -0.2674856278972157 -0.06402030569620176 0.0 0.0 
l -1.3827204459396207 0.32914195476508007 -0.5083642152561322 -0.2728763774924902 -0.09348677647079162 0.0 0.0 
l -1.3861747910544233 0.31878453090695047 -0.5149178908176667 -0.2807730431103583 -0.12607693512343454 0.0 0.0 
l -1.3892975923655182 0.3084078200559167 -0.522633458249685 -0.291707934865786 -0.1618860343986328 0.0 0.0 
l -1.392028795317285 0.2981379951579098 -0.5315631594933196 -0.30632057908387983 -0.20095639821040434 0.0 0.0 
l -1.3943323628506767 0.28806779946316846 -0.5417408414899756 -0.3254075065287651 -0.24324805760324497 0.0 0.0 
l -1.3962011437220871 0.27824992376815905 -0.5531772793712797 -0.3499967711414977 -0.2886089328874313 0.0 0.0 
l -1.3976613103728872 0.26869395870569196 -0.5658540026262864 -0.3814636205870369 -0.3367479385027139 0.0 0.0 
l -1.3987740293173245 0.25936967212428136 -0.5797168474242567 -0.42171599918747055 -0.3872166880576944 0.0 0.0 
l -1.3996349858238162 0.25021307094516676 -0.5946727615090398 2.6681078143587715 -0.4394010968179177 0.0 0.0 
l -1.4003731631382095 0.2411350195241375 -0.6105853093037739 2.600817910355246 -0.4925386505760656 0.0 0.0 
l -1.4011471484855889 0.23203042225972595 -0.6272755899189651 2.5120895523182507 -0.5457563387267502 0.0 0.0 
l -1.402139355905172 0.22278713538695885 -0.6445278177565721 2.393373716332069 -0.5981295253405778 0.0 0.0 
l -1.4035500092934439 0.21329224030638666 -0.6620981613641876 2.233455845439095 -0.6487540583254527 0.0 0.0 
l -1.405587931885186 0.20343734037580996 -0.6797313963442291 2.0217614354285995 -0.696815863044453 0.0 0.0 
l -1.408470029569303 0.19311148470599102 -0.6971787365667103 1.7595852054482684 -0.7416470997548333 0.0 0.0 
l -1.4124094012939032 0.18220688103445978 -0.7142181334999994 1.4746417842515294 -0.782757316969623 0.0 0.0 
l -1.4176187876223134 0.1706080806710705 -0.7306697964912674 1.2121928358109126 -0.8198426396399219 0.0 0.0 
l -1.4243053770307772 0.15819109782540766 -0.7464170006847921 1.0016848558841056 2.2888283770799167 0.0 0.0 
l -1.432672183725311 0.14482185086361857 -0.7614127906636299 0.8456115064730254 2.26007166347971 0.0 0.0 
l -1.4429183231255576 0.13035914564330467 -0.7756828573327025 0.7335500628723695 2.2353776588608003 0.0 0.0 
l -1.4552396729248647 0.11466155382503015 -0.7893207516554409 0.6539665660226675 2.2145739374425704 0.0 0.0 
l -1.4698281302258882 0.0975989801580235 -0.802476128481354 0.5979087763288646 2.1974432233487686 0.0 0.0 
l -1.4868677226360223 0.07906869646819574 -0.8153374109217906 0.5590961898928672 2.1837412959771267 0.0 0.0 
l -1.5065242121013538 0.05901590045569495 -0.8281137829452349 0.5332222667114632 2.1732099849494575 0.0 0.0 
l -1.5289392020611074 0.03744691475936332 -0.8410103316869412 0.5173132448880131 2.1655781433981303 0.0 0.0 
l -1.5542056014301497 0.014451481378414798 -0.8542143868572756 0.5092636218062072 2.160569656540085 0.0 0.0 
l 1.5592396643546664 -0.009792040255928565 -0.8678739973745999 -2.63405121384893 2.157900506850135 0.0 0.0 
l 1.5282715725076434 -0.03501177506409768 -0.8820879572829042 -2.6306166802224102 2.157279671824705 0.0 0.0 
l 1.494660657848268 -0.06084606893170405 -0.8968970701067207 -2.622978789109993 2.158409875559034 0.0 0.0 
l 1.4587235384197268 -0.08685934696197982 -0.9122830627436512 -2.6119795136302493 2.1609877885105 0.0 0.0 
l 1.4209363177423433 -0.11256039135374041 -0.9281682581405932 -2.598429374835733 2.1647035371012198 0.0 0.0 
l 1.3819390402521834 -0.13742945208223337 -0.9444205826221875 -2.5831639531555406 2.1692435604775553 0.0 0.0 
l 1.3425268868537064 -0.1609447615430631 -0.960862616100222 -2.567067159738982 2.174293351672356 0.0 0.0 
l 1.3036161470688212 -0.1826129002981914 -0.9772824311976689 -2.551072257507947 2.1795448516510065 0.0 0.0 
l 1.2662058673033028 -0.20198875332055213 -0.993440511322459 -2.5361501556814066 2.1846971419066477 0.0 0.0 
l 1.2313160910266685 -0.21869740769798163 -1.0090836287882943 -2.5232656111343026 2.189468617492131 0.0 0.0 
l 1.1999224098611592 -0.23245053257358825 -1.0239569622234632 -2.5133248773023213 2.1936076599530123 0.0 0.0 
l 1.1729001071038156 -0.2430542935344602 -1.037814904971888 -2.5071283373281306 2.196904018532388 0.0 0.0 
l 1.150971421926081 -0.2504171848562248 -1.050431633998622 -2.505324152457884 2.199199794343497 0.0 0.0 
l 1.1346728364254712 -0.254549188834345 -1.0616100633969672 -2.5083774204049325 2.2004008629681735 0.0 0.0 
l 1.1243312730321855 -0.2555595186335193 -1.0711890766087326 -2.516545526772447 2.2004859168155386 0.0 0.0 
l 1.1200558886423315 -0.25364937444780833 -1.079044982507486 -2.5298731403082524 2.1995051689184972 0.0 0.0 
l 1.1217375805707532 -0.24910072939772113 -1.0850915887423371 -2.548191959907373 2.19757938188621 0.0 0.0 
l 1.1290587773586973 -0.24226025062113526 -1.0892765781624583 -2.571127605588538 2.1948890580020555 0.0 0.0 
l 1.1415084783815637 -0.23352245787182574 -1.0915743179538544 -2.5981144267105556 2.191660192318497 0.0 0.0 
l 1.158414455999809 -0.2233064685986974 -1.0919763103426927 -2.6284252825542698 2.1881434220533196 0.0 0.0 
l 1.1789836794902495 -0.21203336897183578 -1.0904812202859937 -2.661208210634201 2.1845906835183415 0.0 0.0 
l 1.202350496831907 -0.2001054190933424 -1.0870859006176978 -2.6955314723282795 2.181231960509553 0.0 0.0 
l 1.2276328093558941 -0.18788695097073943 -1.0817777578073813 -2.730439346606598 2.178251169201726 0.0 0.0 
l 1.2539886939832683 -0.1756884272021349 -1.0745312749374827 -2.764999662335022 2.1757682981209348 0.0 0.0 
l 1.2806604818711975 -0.16375841474193917 -1.065309050523818 -2.7983464698202085 2.1738265066934668 0.0 0.0 
l 1.307016992498381 -0.15227536474786546 -1.0540644612619532 -2.8297116379526455 2.1723844272118873 0.0 0.0 
l 1.3325649291107857 -0.1413507986864985 -1.0407535932681145 -2.858438689512239 2.171320025647237 0.0 0.0 
l 1.3569501388961458 -0.1310342761496079 -1.0253491756472368 -2.8839822741627934 2.170439654457639 0.0 0.0 
l 1.3799510761350715 -0.12131869962496662 -1.0078554024379618 -2.9058998069177173 2.169493836349701 0.0 0.0 
l 1.401460475386336 -0.11214874400583806 -0.9883242478842883 -2.9238405997657315 2.168199660264416 0.0 0.0 
l 1.4214597514905942 -0.10343188249514525 -0.9668710618394711 -2.93753069933324 2.166269470909775 0.0 0.0 
l 1.4399939421717871 -0.09504927061664185 -0.9436861900308235 -2.9467674982436005 2.1634374645452614 0.0 0.0 
l 1.457148823021902 -0.08686651646842643 -0.9190415955188646 -2.9514212185296467 2.1594887486178473 0.0 0.0 
l 1.4730275766779093 -0.07874782109101874 -0.8932898435084878 -2.9514549045694736 2.1542807749600623 0.0 0.0 
l 1.487735984551265 -0.07056767247853848 -0.8668538148793523 -2.946955703284207 2.147756460175249 0.0 0.0 
l 1.5013684553241533 -0.06222538993881167 -0.8402090545808326 -2.938177323070609 2.139949151186163 0.0 0.0 
l 1.5139989042768551 -0.05365929511130689 -0.8138587546249367 -2.9255752237505632 2.130977301594765 0.0 0.0 
l 1.5256766033419715 -0.04485848088726086 -0.7883054748677384 -2.909829652277004 2.121029946200762 0.0 0.0 
l 1.536424904298447 -0.03587198995507505 -0.7640214564430352 -2.8918236425032835 2.1103468026750036 0.0 0.0 
l 1.5462419142322315 -0.026813936582503535 -0.7414205263536834 -2.8725841135148196 2.0991928979763967 0.0 0.0 
l 1.555104790673312 -0.017860186078579428 -0.7208398981905694 -2.853170065361505 2.087840270164795 0.0 0.0 
l 1.5629767677510416 -0.009236173487665077 -0.7025264346477033 -2.834540224057781 2.076547208835098 0.0 0.0 
l 1.569811968971645 -0.0012008910072317997 -0.6866319196830158 -2.817435268320678 2.065544283795203 0.0 0.0 
l -1.5660281708746593 0.005978823093903465 -0.673217127430445 0.33928347403777276 2.055027572693286 0.0 0.0 
l -1.5613995859658676 0.012051006701015792 -0.6622600056871972 0.3522752962206756 2.045153684666844 0.0 0.0 
l -1.5579194499385218 0.01680963832465588 -0.6536699409467892 0.3632198305085999 2.0360403412502874 0.0 0.0 
l -1.5555957227843225 0.02010665173108319 -0.64730150098203 0.3723649935399767 2.0277661092969685 0.0 0.0 
l -1.5544104084040575 0.02187038547814532 -0.6429736665200485 0.3800238262891888 2.020380428276006 0.0 0.0 
l -1.5543194709446078 0.022106419098433007 -0.6404790043465924 0.3864965592087399 2.0139011059638987 0.0 0.0 
l -1.5552521157984125 0.02089352821166593 -0.6396012326985955 0.3920173873465412 2.008324821659207 0.0 0.0 
l -1.5571117921092577 0.018374069196928865 -0.640124259340378 0.3967238318431691 2.003632055057446 0.0 0.0 
l -1.5597793753426799 0.014739713525763972 -0.6418410126197125 0.4006552047194492 1.9997915783336646 0.0 0.0 
l -1.5631182711419849 0.010214721630374122 -0.6445590233970792 0.40376462019905596 1.996765244546875 0.0 0.0 
l -1.5669820070509868 0.00503727270292543 -0.6481036900054314 0.4059413372139364 1.994511519126573 0.0 0.0 
l 1.570369371827288 -0.0005589358507107827 -0.6523196743282185 -2.7345532859257045 1.9929882695347272 0.0 0.0 
l 1.565894210896946 -0.0063545683949272095 -0.6570743006079468 -2.734692632363468 1.9921577485523727 0.0 0.0 
l 1.561309827119876 -0.012166333591353766 -0.6622512922003557 -2.736213970560833 1.9919811894075128 0.0 0.0 
l 1.5567213863646228 -0.017847122461800598 -0.6677556166212658 -2.7392365059786146 1.9924239200587106 0.0 0.0 
l 1.552204246602128 -0.02329740974310696 -0.6735077958903943 -2.743839785734071 1.993451005739586 0.0 0.0 
l 1.5477999991983886 -0.028467236590160275 -0.6794435843229921 -2.7500577971999247 1.9950256286169759 0.0 0.0 
l 1.5435158993258244 -0.03335351482157016 -0.6855110544952363 -2.757873588796442 1.9971077196123004 0.0 0.0 
l 1.5393228741295957 -0.03799899323363989 -0.6916687659186564 -2.7672220551164886 1.9996517988905074 0.0 0.0 
l 1.5351616383703448 -0.04248157116187389 -0.6978838417350192 -2.7779915840071263 2.0026038973120426 0.0 0.0 
l 1.5309438194964566 -0.04691040011024449 -0.7041291894413461 -2.7900275789392013 2.00590213323704 0.0 0.0 
l 1.5265638415476552 -0.051409869906593846 -0.7103813159377913 -2.803133804569333 2.0094751484528777 0.0 0.0 
l 1.5219025203983805 -0.056114386367303946 -0.7166188275834547 -2.8170777067107964 2.013245322633134 0.0 0.0 
l 1.5168396048337607 -0.06115363208494474 -0.722820398744539 -2.8315938655831987 2.0171287618480913 0.0 0.0 
l 1.5112638613524885 -0.06664185773144798 -0.7289630546467806 -2.8463870810023235 2.0210380308527487 0.0 0.0 
l 1.5050817400355514 -0.07266960153394103 -0.7350217194639354 -2.861140023825198 2.0248863144496108 0.0 0.0 
l 1.4982279651297334 -0.07929410982667127 -0.7409686504317663 -2.8755190912922934 2.028590778640142 0.0 0.0 
l 1.4906715791834275 -0.0865354020011335 -0.7467735711250618 -2.8891883975428776 2.0320764044261708 0.0 0.0 
l 1.482421771681949 -0.09437276897876952 -0.7524044870872684 -2.901820273909148 2.035279355867506 0.0 0.0 
l 1.4735303253949872 -0.10274490771178116 -0.7578287548162292 -2.91311695916099 2.0381499676530765 0.0 0.0 
l 1.4640918049073026 -0.11155210924278507 -0.763014176090772 -2.9228251407094072 2.0406544714773656 0.0 0.0 
l 1.4542395547109341 -0.12066216038514668 -0.7679302782054257 -2.9307532605939848 2.042775207422303 0.0 0.0 
l 1.4441406292253152 -0.12991634788554215 -0.7725498654746417 -2.9367905977724913 2.0445104648040235 0.0 0.0 
l 1.4339824690622411 -0.13914277639245587 -0.7768508693945253 -2.9409087986296996 2.045874412619443 0.0 0.0 
l 1.4239658158564348 -0.14816242723918452 -0.78081696290959 -2.9431645648713682 2.046893737196899 0.0 0.0 
l 1.414292377783893 -0.15679991340012844 -0.7844378743585569 -2.943693398807481 2.0476046056501707 0.0 0.0 
l 1.4051521956851538 -0.16489383596876594 -0.7877099467675497 -2.9426992057531445 2.0480497885598625 0.0 0.0 
l 1.3967139858313833 -0.17230415479835307 -0.7906357567720795 -2.9404363421164126 2.0482755276449174 0.0 0.0 
l 1.3891176862791879 -0.17891746884973395 -0.7932237326900067 -2.937192274752222 2.0483268739705567 0.0 0.0 
l 1.3824665103364258 -0.1846533119176345 -0.7954871349838178 -2.933266460114819 2.048246293679269 0.0 0.0 
l 1.3768281626421983 -0.18946217642101268 -0.79744228910399 -2.9289544599162456 2.048069587527143 0.0 0.0 
l 1.3722321751671953 -0.19332738180525894 -0.7991083161473466 -2.924531560859343 2.0478254683544748 0.0 0.0 
l 1.3686722365560802 -0.19626332537533592 -0.8005046181632383 -2.920240955953402 2.047533638018755 0.0 0.0 
l 1.3661089289083082 -0.19831278476302588 -0.8016509291745321 -2.916285525164268 2.047204682477702 0.0 0.0 
l 1.364478271695755 -0.19953973337759484 -0.802565041801923 -2.9128190164570915 2.046839594920214 0.0 0.0 
l 1.3636960193582581 -0.20002580086509578 -0.8032622935868078 -2.909948404580674 2.04643154259986 0.0 0.0 
l 1.3636642505835004 -0.19986472306630187 -0.8037546456015606 -2.9077346201119063 2.0459652526313525 0.0 0.0 
l 1.364279950755928 -0.19915490491856236 -0.8040496740608394 -2.9061968382065144 2.045419310430395 0.0 0.0 
l 1.365438468315133 -0.19799634874240865 -0.8041509678506653 -2.905318582470362 2.04476713338063 0.0 0.0 
l 1.367041197943181 -0.1964839217248098 -0.804057251192162 -2.905056190608491 2.043977300282698 0.0 0.0 
l 1.3689994946904127 -0.19470374172704427 -0.8037626535485908 -2.9053549703096135 2.0430155691669905 0.0 0.0 
l 1.371238146886239 -0.19272983564353158 -0.8032571759770232 -2.906152162689846 2.04184683488835 0.0 0.0 
l 1.3736992257500646 -0.19062004978209707 -0.8025279798166657 -2.907394179797992 2.040436953919927 0.0 0.0 
l 1.3763390811260914 -0.1884182285274167 -0.8015615138735762 -2.90903754572373 2.0387558188737316 0.0 0.0 
l 1.3791308776171243 -0.18615175830814903 -0.8003435806365522 -2.911060189620491 2.036778374785191 0.0 0.0 
l 1.3820603199880905 -0.18383443391658907 -0.7988627584990817 -2.913464005628186 2.03448845886109 0.0 0.0 
l 1.3851227426782278 -0.1814689239827592 -0.7971113750118533 -2.9162707122800047 2.031880329979395 0.0 0.0 
l 1.388320123615402 -0.17904904374505645 -0.7950872584370506 -2.9195199746432854 2.028960118906899 0.0 0.0 
l 1.3916563801319406 -0.17656413426950307 -0.7927944568278176 -2.9232619095438155 2.0257472168840627 0.0 0.0 
l 1.3951339972843697 -0.17400242628457607 -0.7902433837071117 -2.927547051426675 2.022273362249391 0.0 0.0 
l 1.398749380488484 -0.17135584270298895 -0.7874507818629419 -2.9324192795032946 2.0185837169052228 0.0 0.0 
l 1.4024917609714982 -0.16862219471838247 -0.7844373644901346 -2.9379025494495212 2.01473079618181 0.0 0.0 
l 1.4063410488015173 -0.16580830674454058 -0.7812259392777914 -2.9439958751152195 2.0107740680859205 0.0 0.0 
l 1.4102677283670788 -0.1629312209790371 -0.777839305006538 -2.950668563131166 2.0067755214039966 0.0 0.0 
l 1.4142324641559811 -0.1600198451169684 -0.7742976464461662 -2.9578565426932526 2.0027952173572654 0.0 0.0 
l 1.418189806003432 -0.1571123936354503 -0.7706158032980414 -2.9654721079320767 1.998886975824146 0.0 0.0 
l 1.4220869845462172 -0.15425819845708746 -0.7668021668936668 -2.973402231286582 1.9950958567990185 0.0 0.0 
l 1.4258676422915044 -0.15151421546141777 -0.7628582296773929 -2.9815244705473023 1.9914549915344064 0.0 0.0 
l 1.4294747016290954 -0.14894179831613694 -0.7587797981823108 -2.9897105167368494 1.9879846615550345 0.0 0.0 
l 1.4328514943930724 -0.14660491096109166 -0.7545593898549285 -2.9978381579509885 1.9846933894142411 0.0 0.0 
l 1.4359467290869554 -0.14456434947914037 -0.7501884000483325 -3.0058008112030663 1.9815787246955077 0.0 0.0 
l 1.4387144200726494 -0.14287635669138682 -0.7456622899349474 -3.0135121615455214 1.9786298116595311 0.0 0.0 
l 1.4411186500680324 -0.14158660278093743 -0.7409838083548302 -3.020910352056596 1.9758307130669444 0.0 0.0 
l 1.4431362577558873 -0.14072597145615864 -0.7361667370256141 -3.027954765071777 1.9731630866079324 0.0 0.0 
l 1.4447562877104523 -0.14030952198826888 -0.7312400200045308 -3.0346268340468368 1.9706109159516214 0.0 0.0 
l 1.4459832619588096 -0.1403318538119159 -0.726248703352689 -3.0409199748833995 1.9681632178209822 0.0 0.0 
l 1.4468367369076165 -0.14076613464094412 -0.7212550402443832 -3.0468318618662904 1.9658170725854003 0.0 0.0 
l 1.4473525901418718 -0.14156158717499165 -0.7163372507699141 -3.052358399477317 1.9635778328519504 0.0 0.0 
l 1.447577512581324 -0.14264875863863608 -0.7115877423168164 -3.0574839658546216 1.961461705786665 0.0 0.0 
l 1.447569525999237 -0.14393890869281728 -0.7071087949244361 -3.062178521603712 1.959492993174252 0.0 0.0 
l 1.447392932308948 -0.14533032595034887 -0.7030077683087215 -3.0663949712702534 1.9577043337759956 0.0 0.0 
l 1.4471142548889178 -0.14671453083411218 -0.6993912977670473 -3.070072267458219 1.9561326792834868 0.0 0.0 
l 1.4467986129543804 -0.14798269967672692 -0.6963596240819101 -3.0731375189644856 1.9548161402175925 0.0 0.0 
l 1.4465050906665473 -0.14903395966304922 -0.6940009716846413 -3.075517415599298 1.9537910752000047 0.0 0.0 
l 1.4462804525886754 -0.14978588537254492 -0.6923868896087628 -3.0771460219777387 1.95308891754036 0.0 0.0 
