l -0.9063716235844888 -0.4470415514193752 1.0215244816395226 1.8396666416115302 -0.1547784677378501 0.0 0.0 
l -0.90741194164077 -0.4472145155193186 1.0203717713631761 1.8413140350165385 -0.151545744903558 0.0 0.0 
l -0.9089521549380373 -0.44744530299745733 1.0186908192425141 1.8436958731559623 -0.14686522006348346 0.0 0.0 
l -0.9109657088752626 -0.44770474277931316 1.0165359345866447 1.846697471934273 -0.1409255059808412 0.0 0.0 
l -0.9134181736382374 -0.44795807793879155 1.0139746390871005 1.8501894519909674 -0.1339575992444152 0.0 0.0 
l -0.9162648405582206 -0.44817085060741085 1.0110836530548064 1.8540227233917974 -0.12622571671223448 0.0 0.0 
l -0.9194518434930836 -0.4483111764345333 1.0079457626710093 1.8580364215940521 -0.11800701491099819 0.0 0.0 
l -0.9229155832176732 -0.44835407354679185 1.0046458358198886 1.8620764721376435 -0.10958136009973396 0.0 0.0 
l -0.9265836842268602 -0.4482845176591893 1.0012667586582034 1.866000955980147 -0.10121651566193646 0.0 0.0 
l -0.9303743421048506 -0.44810047245411555 0.9978867636647595 1.8696898602718577 -0.0931539565488606 0.0 0.0 
l -0.9341980982213323 -0.4478145982555431 0.9945758417941756 1.873053869017226 -0.08560530957850221 0.0 0.0 
l -0.9379578990294916 -0.44745517795265555 0.9913945303061507 1.8760368550182507 -0.07874443956937016 0.0 0.0 
l -0.9415515843075476 -0.4470655023117184 0.9883920595752087 1.8786087852162814 -0.07270395141238417 0.0 0.0 
l -0.9448741010341951 -0.44670267941419073 0.9856053271612562 1.8807674345100376 -0.06757568232986322 0.0 0.0 
l -0.9478205986989405 -0.4464348539957692 0.9830588406286086 1.8825260228463427 -0.06341188802012643 0.0 0.0 
l -0.9502907126787628 -0.446338003838554 0.9807640024901765 1.8839112956793025 -0.060227528476378134 0.0 0.0 
l -0.9521930465113742 -0.4464902850592535 0.9787211487123947 1.8849489932233758 -0.058008950540605286 0.0 0.0 
l -0.9534507464940234 -0.44696753313742094 0.9769192373513119 1.8856594266044715 -0.05671234531172187 0.0 0.0 
l -0.9540085950092246 -0.4478354887302463 0.975338026021692 1.8860548668916037 -0.056271989524214416 0.0 0.0 
l -0.9538372655139071 -0.4491447332130573 0.9739498889948031 1.8861325063965213 -0.05660224921851276 0.0 0.0 
l -0.9529390245021195 -0.45092397620659685 0.9727221983356068 1.8858816050286287 -0.05760456785959389 0.0 0.0 
l -0.9513503081374545 -0.4531758021580355 0.9716198010558521 1.885281065171901 -0.05916792697336393 0.0 0.0 
l -0.9491430879909604 -0.45587314064018547 0.9706077007229728 1.8842982407451487 -0.06117077471814292 0.0 0.0 
l -0.9464222634603233 -0.45895903406838545 0.9696535701278506 1.882899443462146 -0.06348785173980931 0.0 0.0 
l -0.9433207192224219 -0.46234877144783987 0.9687296137822566 1.8810541269596104 -0.06599288991031693 0.0 0.0 
l -0.9399916424596556 -0.46593379601505486 0.9678149537158465 1.878726190240742 -0.06855880064997588 0.0 0.0 
l -0.9365975878481562 -0.46959020066694623 0.9668958925307288 1.875882260707425 -0.07106410567817345 0.0 0.0 
l -0.933299833453408 -0.47318564149098613 0.9659679381773725 1.8724927052656601 -0.0733991218969634 0.0 0.0 
l -0.930246686167916 -0.47659013276295353 0.9650346506920081 1.868528139053361 -0.0754664809985961 0.0 0.0 
l -0.9275630913470303 -0.4796852015708347 0.9641074826449506 1.8639786815348065 -0.07719034000562286 0.0 0.0 
l -0.9253432015277083 -0.48237103162541034 0.9632053367541985 1.8588114319405367 -0.07852022298656436 0.0 0.0 
l -0.9236466775750193 -0.4845722666422269 0.9623521974458568 1.8530335957561788 -0.07943380414234391 0.0 0.0 
l -0.922496814403213 -0.4862405433926907 0.9615767566613522 1.8466619372720332 -0.07993744441032002 0.0 0.0 
l -0.9218834835320062 -0.4873551736722551 0.9609093513929071 1.8397404428275281 -0.08007174480896306 0.0 0.0 
l -0.9217673937566155 -0.4879206772674899 0.9603810080653201 1.8323414453598474 -0.07990772755878006 0.0 0.0 
l -0.9220875516135115 -0.4879622616399084 0.9600214710410097 1.8245725276272637 -0.07954694535849927 0.0 0.0 
l -0.9227717849107182 -0.48751940009767514 0.9598561946433553 1.8165818205153783 -0.07911533905634849 0.0 0.0 
l -0.9237459389866887 -0.48663826320721404 0.9599057877072467 1.8085544273725753 -0.07875956884703517 0.0 0.0 
l -0.9249468254014764 -0.4853620006316425 0.9601841841441288 1.8007088909205973 -0.07863758517189956 0.0 0.0 
l -0.9263202971359977 -0.48373540988872143 0.9606949982072919 1.7932688141492374 -0.07890763148111901 0.0 0.0 
l -0.9278369547173024 -0.48178998553681335 0.961433027601291 1.7864608841297434 -0.0797193193373874 0.0 0.0 
l -0.9294980833533374 -0.4795409489452805 0.9623818226610718 1.7804995252275717 -0.08120496387268261 0.0 0.0 
l -0.9313358301398589 -0.4769869194612336 0.9635140038497796 1.7755555586942708 -0.08346652575540692 0.0 0.0 
l -0.9334111406938805 -0.47411151573890026 0.9647916602309207 1.7717390374012154 -0.086570364205937 0.0 0.0 
l -0.9358167205376118 -0.47087995811949385 0.9661676622808965 1.769082489878303 -0.0905401699552072 0.0 0.0 
l -0.9386656864870834 -0.46724588699482883 0.9675892702507556 1.7675296246408594 -0.09535791949616357 0.0 0.0 
l -0.9420891694775058 -0.463151617384581 0.9690005028909908 1.7669367247351204 -0.10096342546103043 0.0 0.0 
l -0.9462305190396786 -0.45853012693917294 0.9703458091089625 1.7670763788029273 -0.10726231959160848 0.0 0.0 
l -0.9512336462401748 -0.4533107744594106 0.9715750573815043 1.7676570675223935 -0.11413486544880869 0.0 0.0 
l -0.9572377389967702 -0.44742125644014547 0.9726465751123958 1.7683459417425962 -0.12144279108729594 0.0 0.0 
l -0.9643711431394428 -0.44078933431371276 0.9735312789882474 1.7687861430534377 -0.12904184223601045 0.0 0.0 
l -0.9727466245712094 -0.43334561479623335 0.9742142366406349 1.7686452838780033 -0.13678878106977765 0.0 0.0 
l -0.9824500857666151 -0.4250327569969975 0.9746949266285282 1.7676096933087815 -0.1445466692498345 0.0 0.0 
l -0.9935509607317183 -0.4157949178781903 0.9749900392005972 1.765425227809876 -0.15219581691684625 0.0 0.0 
l -1.0060858175483967 -0.4055953438308689 0.975128717425587 1.761873911275767 -0.15962978496323632 0.0 0.0 
l -1.0200714860077063 -0.3944061521110144 0.9751524218488545 1.7568056915372583 -0.16675943618754863 0.0 0.0 
l -1.0355031720961214 -0.3822128424988502 0.9751118224262096 1.7501168700849739 -0.17351322065799202 0.0 0.0 
l -1.0523541801800842 -0.3690170109292788 0.9750641671232969 1.7417259781361982 -0.17983160133763676 0.0 0.0 
l -1.0705788283737585 -0.35483630935033367 0.9750708162620371 1.7315735000028167 -0.18567363940124426 0.0 0.0 
l -1.0901167818238373 -0.33970208587959916 0.975196476465468 1.7196046948111559 -0.19101131897180912 0.0 0.0 
l -1.110903948595326 -0.3236515270952219 0.9755095181254844 1.705776385689158 -0.19583137897954783 0.0 0.0 
l -1.1328701197257294 -0.3067318084654131 0.9760800672416728 1.6900565342556877 -0.2001366869250253 0.0 0.0 
l -1.1559481578274182 -0.28899232862845464 0.976983181209539 1.6724497991716578 -0.20394119620518936 0.0 0.0 
l -1.1800967559021087 -0.27046839334217065 0.9783016206440014 1.6530597489825503 -0.20727751949903261 0.0 0.0 
l -1.2053070248577173 -0.25118020052460904 0.9801255387951394 1.632111355510985 -0.21018784566913595 0.0 0.0 
l -1.2316303305984033 -0.2311163759568115 0.9825542489182074 1.610023062718899 -0.21272097665336953 0.0 0.0 
l -1.259194114300078 -0.21022977775696824 0.9856952896411236 1.58743727957882 -0.21492649211974701 0.0 0.0 
l -1.2882252360459494 -0.18843037279354516 0.9896621771482635 1.5652333358007866 -0.21683659244880193 0.0 0.0 
l -1.319068353155823 -0.16558480220718136 0.9945694169747814 1.544517835318757 -0.21845135825886364 0.0 0.0 
l -1.3521958123779991 -0.1415234871644707 1.000526626605625 1.5265628524738448 -0.21971616697998197 0.0 0.0 
l -1.388208486137939 -0.11605488865150143 1.0076299859063211 1.5127467635704062 -0.22049358413461262 0.0 0.0 
l -1.4278336018083844 -0.08897965636570841 1.0159536677191092 1.5044790445145215 -0.22053187016440368 0.0 0.0 
l -1.4719067943131672 -0.06010974190748534 1.0255413597939464 1.503131478574296 -0.2194310469328018 0.0 0.0 
l -1.5213065935097234 -0.029305686478352896 1.036396354256019 1.5099497562931066 -0.21659326207835794 0.0 0.0 
l 1.5647018240336794 0.0035082955318429575 1.048477885352825 -1.6155971445237227 -0.21118923993356842 0.0 0.0 
l 1.5022079349740725 0.03832585595110516 1.0616966335969364 -1.5895376463509776 -0.20210656025500373 0.0 0.0 
l 1.432377884912316 0.07504047335572601 1.0759152528394862 -1.5530883276650624 -0.18790078828083756 0.0 0.0 
l 1.3552668666335577 0.11344470578001109 1.0909524274568685 -1.5064257348503058 -0.1667646160661126 0.0 0.0 
l 1.2715909285648261 0.15323664805793966 1.10659253099841 -1.4504357659448783 -0.13651971757139314 0.0 0.0 
l 1.1828312610231269 0.19403575236205645 1.1225951801305876 -1.3867838476104724 -0.09470419135317365 0.0 0.0 
l 1.0911865596170984 0.23540425528830436 1.1387085778664927 -1.317858287348919 -0.03877405693062208 0.0 0.0 
l 0.9993284690559026 0.2768733396608738 1.1546829273632022 -1.2465062634529473 0.033359333136232294 0.0 0.0 
l 0.910013286495216 0.3179657456147682 1.170282887483844 -1.1756430415903254 0.12246436965330676 0.0 0.0 
l 0.825673962118843 0.35821404364080983 1.1852963842920339 -1.1078456735046394 0.2268936722286956 0.0 0.0 
l 0.7481135071973875 0.3971802200327595 1.1995441959518058 -1.0450427644488074 0.34177478198586364 0.0 0.0 
l 0.6784113388646358 0.4344598664303492 1.212880301720401 -0.9884276804085446 -2.682080210928726 0.0 0.0 
l 0.6169810778749127 0.4696904586785289 1.225191948177952 -0.9385192080361537 -2.5697875098299656 0.0 0.0 
l 0.5637282825710715 0.502554827484304 1.236396724559907 -0.8953206343564408 -2.469512382616898 0.0 0.0 
l 0.5182279993521426 0.5327858554765037 1.2464375717144809 -0.8585011126818183 -2.384742498175367 0.0 0.0 
l 0.47987884533640013 0.5601694887577641 1.2552778346884599 -0.8275531664084168 -2.316061341810816 0.0 0.0 
l 0.4480144919708764 0.5845506136569626 1.262895207306991 -0.8019018618565523 -2.262211890178011 0.0 0.0 
l 0.42197419790838886 0.6058395885422132 1.2692765088299256 -0.7809803851082673 -2.2210652114403 0.0 0.0 
l 0.4011413544903557 0.6240187074885574 1.2744134153710551 -0.7642652324164922 -2.190348537535545 0.0 0.0 
l 0.3849618704675223 0.6391410894340493 1.2783013973231812 -0.751294056829702 -2.167971407679209 0.0 0.0 
l 0.37294679458581736 0.6513340298280406 1.2809367774315075 -0.741669056281195 -2.152146648617274 0.0 0.0 
l 0.36466763454165024 0.6607968404320368 1.2823156271121627 -0.7350487221129451 -2.1414440633741427 0.0 0.0 
l 0.3597458994461626 0.6677950658552742 1.2824346506329447 -0.7311375128078312 -2.134715134972527 0.0 0.0 
l 0.3578411434771664 0.6726518547708126 1.2812919752660894 -0.7296721250145848 -2.1311116173255744 0.0 0.0 
l 0.35863915136743135 0.6757337158599943 1.2788893254737923 -0.7304082315646263 -2.129964865393515 0.0 0.0 
l 0.36183778652582715 0.6774370518903086 1.2752352658167558 -0.7331050826944547 -2.130814327076825 0.0 0.0 
l 0.3671390902908202 0.678166068700426 1.2703488744950904 -0.737517881303509 -2.1333152088145417 0.0 0.0 
l 0.37423626148443984 0.6783198261981039 1.2642645773585657 -0.7433848541800794 -2.137248481474038 0.0 0.0 
l 0.3828108840589 0.6782703175641747 1.257036697948731 -0.7504257533377205 -2.1424208863170904 0.0 0.0 
l 0.3925228996018264 0.678351551909201 1.2487478886374417 -0.7583319922792203 -2.148694042228513 0.0 0.0 
l 0.4030132925315984 0.6788467104842983 1.2395124199336567 -0.7667743212692021 -2.1559077879933484 0.0 0.0 
l 0.413895558314224 0.6799939613916736 1.2294816732931029 -0.7753947862630386 -2.1638742619711255 0.0 0.0 
l 0.4247616045738247 0.6819859563976368 1.218844220541655 -0.783815636938689 -2.1723333315924505 0.0 0.0 
l 0.4351853898085283 0.6849837349518447 1.2078204655894451 -0.7916476551649245 -2.180926973912391 0.0 0.0 
l 0.4447293658787804 0.6891307402780051 1.1966548941904367 -0.798497847779573 -2.189178448003242 0.0 0.0 
l 0.45295500707970504 0.6945707802066241 1.185601176368804 -0.8039839301233633 -2.1964166478176836 0.0 0.0 
l 0.45944627797418836 0.7014545483381346 1.1749022208836621 -0.8077582756355313 -2.2017453064197623 0.0 0.0 
l 0.4638245868959944 0.7099521624961813 1.1647717875216093 -0.8095233018737518 -2.203956700773007 0.0 0.0 
l 0.46577784827578067 0.720246672636701 1.1553755082657864 -0.809056360288916 -2.2014533085409997 0.0 0.0 
l 0.46507960133193726 0.7325328657501337 1.146815427700384 -0.8062286665085339 -2.1920602740800383 0.0 0.0 
l 0.46161654883233566 0.7469944249184457 1.1391208426386246 -0.8010257368889693 -2.1727860470716718 0.0 0.0 
l 0.4553979803794008 0.7637902551370789 1.1322462245591802 -0.7935511781979289 -2.1394463838997106 0.0 0.0 
l 0.446563932312695 0.7830310336215274 1.126073743889738 -0.784027930685487 -2.0860853037941656 0.0 0.0 
l 0.43537284222539735 0.8047667502712866 1.1204222489520546 -0.772779887475975 -2.004203153138642 0.0 0.0 
l 0.4221836621602143 0.8289706780795989 1.1150599218966688 -0.76020936597072 -1.882252509827134 0.0 0.0 
l 0.4074317091067019 0.85552663928897 1.1097171289827124 -0.746768556534198 -1.707380877500968 0.0 0.0 
l 0.3915922094272354 0.8842292803794594 1.104101197813036 -0.7329214632218517 -1.4740327852560313 0.0 0.0 
l 0.3751428521364539 0.9147848342361595 1.0979161342873076 -0.7191062902460048 -1.200459472187213 0.0 0.0 
l 0.3585372450275917 0.9468223644892965 1.0908698015843388 -0.7057134738708662 -0.9309271074130662 0.0 0.0 
l 0.34217666713433953 0.9799080184035563 1.082692028228199 -0.6930606528928884 -0.7038765461832266 0.0 0.0 
l 0.326396477254801 1.013562101371005 1.073146937720156 -0.6813858039703713 -0.5287296210910832 0.0 0.0 
l 0.3114584686305173 1.0472809907589595 1.0620471872577182 -0.6708434351641868 -0.3963557624297346 0.0 0.0 
l 0.2975522232398484 1.080562501861819 1.0492643427274908 -0.6615130359521435 -0.29421639118518816 0.0 0.0 
l 0.2848033008709364 1.1129227610724342 1.034744826693637 -0.6534122900032564 -0.21220031043257692 0.0 0.0 
l 0.2732854684307512 1.1439134704330376 1.0185219559043903 -0.6465101094380865 -0.14330204867279317 0.0 0.0 
l 0.263030369978918 1.1731382433748756 1.0007296597469517 -0.6407434242773007 -0.0829675845050507 0.0 0.0 
l 0.2540381400211057 1.2002597317835082 0.981617155491318 -0.6360210809402642 -0.028352207086623893 0.0 0.0 
l 0.24629015571619484 1.224998809267048 0.961557361300205 -0.6322393435419598 0.0222064289500854 0.0 0.0 
l 0.23975615505472084 1.2471324772659966 0.9410512950892809 -0.6292891254531736 0.06952453449131002 0.0 0.0 
l 0.23439922500401458 1.2664886613190145 0.9207218006376049 -0.6270577861948732 0.11382884454234532 0.0 0.0 
l 0.2301807291116596 1.2829360473895015 0.9012940740524855 -0.6254368241495118 0.15491305539436184 0.0 0.0 
l 0.22706294091164528 1.296376163391827 0.8835566372484945 -0.6243203063493237 0.19231136245960634 0.0 0.0 
l 0.22501025508116698 1.306732719391482 0.8683126080488863 -0.6236128381970462 0.22539507857906171 0.0 0.0 
l 0.22399127192779142 1.3139439325183155 0.8563131379156445 -0.6232327307851604 0.25349802034662894 0.0 0.0 
l 0.2239797636753194 1.317956649393164 0.8481884822229044 -0.6231227595830957 0.27598839398823216 0.0 0.0 
l 0.2249557976425075 1.3187211875615494 0.8443874600141894 -0.623248373431341 0.2923780649361494 0.0 0.0 
l 0.22690783240154874 1.3161885043764217 0.84513067200057 -0.6236057217919236 0.30236176274632465 0.0 0.0 
l 0.229837147737475 1.310307071977371 0.8503870098577465 -0.6242283567824092 0.3058323094471628 0.0 0.0 
l 0.23375794195299887 1.3010217006611013 0.8598864261467711 -0.6251813386886562 0.30287767500698726 0.0 0.0 
l 0.23870264929339266 1.2882710273536464 0.8731509913944654 -0.626567493624137 0.29370440279264287 0.0 0.0 
l 0.2447240925171324 1.271988265206478 0.8895472977864887 -0.6285224737084543 0.27856312256615645 0.0 0.0 
l 0.2519002239630128 1.2520982861796162 0.9083514629954224 -0.63121333213936 0.25762029965157374 0.0 0.0 
l 0.26033792106811543 1.2285161370939635 0.9288146379339476 -0.6348354484766476 0.23078316597238946 0.0 0.0 
l 0.27017484898835176 1.201150954187318 0.9502176907856211 -0.6396145807299611 0.197435144175638 0.0 0.0 
l 0.2815814070202307 1.1699094613762067 0.971916719046622 -0.6458010663700537 0.15601753482682867 0.0 0.0 
l 0.29476215783239335 1.1347057447010127 0.9933692955630621 -0.6536747913328196 0.10319781514831605 0.0 0.0 
l 0.3099551114305037 1.0954791928277041 1.014145300942525 -0.6635440296577149 0.03202079976973371 0.0 0.0 
l 0.32742766337198104 1.0522214285101765 1.0339268714795486 -0.6757433766078813 -0.07274318619646158 0.0 0.0 
l 0.34747234235055635 1.0050074909357534 1.0524995910929749 -0.6906348077275462 -0.24799568058343313 0.0 0.0 
l 0.370396774124147 0.9540383056757455 1.0697356773671047 -0.7085955436654043 -0.5899327386156379 0.0 0.0 
l 0.3965075319191159 0.8996810090539744 1.085578742980596 -0.7300055091052824 -1.245531964118318 0.0 0.0 
l 0.4260840132548064 0.8425054423323104 1.1000271325116509 -0.7552231473530716 -1.9115488365834752 0.0 0.0 
l 0.45935244989615837 0.7832858805302936 1.1131206054927907 -0.7845518298274081 -2.2591355073142747 0.0 0.0 
l 0.49643591368449835 0.7229935736605733 1.1249276126363574 -0.8181911019700947 -2.430605487730605 0.0 0.0 
l 0.5373048354829651 0.6627393805130459 1.135536843946916 -0.8561797369757511 -2.5261979222465087 0.0 0.0 
l 0.581724083320787 0.6036895746204297 1.1450491742456994 -0.8983389863059281 -2.584715280004149 0.0 0.0 
l 0.629209886031132 0.5469644646827392 1.1535715327901606 -0.9442252789899352 -2.622464593740798 0.0 0.0 
l 0.6790002217472773 0.4935509520316628 1.1612120414370684 -0.993092117493213 -2.6473030600233347 0.0 0.0 
l 0.7300539055026766 0.4442402716423075 1.168078143744652 -1.0438901260105151 -2.6634595237595766 0.0 0.0 
l 0.7810881022674359 0.399604624431377 1.174271927819364 -1.095304215845372 -2.673427580664164 0.0 0.0 
l 0.8306406036432148 0.3600131430628779 1.1798876876684485 -1.1458187245191163 -2.6787816456487965 0.0 0.0 
l 0.8771551569591659 0.3256697969751694 1.1850100551550826 -1.193806466344325 -2.6805680316097966 0.0 0.0 
l 0.9190491192141715 0.29667639072917606 1.189711203252233 -1.2376055452326118 -2.6794839337456544 0.0 0.0 
l 0.9547704146529576 0.2730913659447087 1.1940479296713336 -1.275585505047243 -2.675966969757706 0.0 0.0 
l 0.9828276247062653 0.2549833630209354 1.198060226398062 -1.3061869121362009 -2.67023516432711 0.0 0.0 
l 1.00180740135846 0.2424731884311754 1.2017692732401044 -1.327946387670428 -2.662301610799408 0.0 0.0 
l 1.0104284882967038 0.23574607347913754 1.2051768148000277 -1.3395563086297169 -2.6519677067216065 0.0 0.0 
l 1.0076009199921196 0.23506454015512343 1.2082636663709727 -1.3399279402981406 -2.6388003233739505 0.0 0.0 
l 0.9925834612288845 0.24074183563072582 1.2109894212039758 -1.3283474743989 -2.6221014554608244 0.0 0.0 
l 0.9651774223401162 0.2531093703578473 1.2132923011488452 -1.3046678778455818 -2.6008538926829425 0.0 0.0 
l 0.925954106739886 0.2724631217489889 1.2150889385856087 -1.2695298456963695 -2.573653744831331 0.0 0.0 
l 0.8764046657456268 0.2990072591944888 1.2162761872485746 -1.2245053743855099 -2.53860869571432 0.0 0.0 
l 0.8189563516731065 0.3327768426314995 1.2167306778360805 -1.1721059075519433 -2.4932022961436195 0.0 0.0 
l 0.7567153420679481 0.37357593304723835 1.2163129758109987 -1.1155180516657481 -2.4341365759005615 0.0 0.0 
l 0.6930331281816634 0.4209096862497586 1.2148676285289688 -1.058164177105027 -2.357186000988784 0.0 0.0 
l 0.6309699699952198 0.4739562854590108 1.212232376928387 -1.003159651784752 -2.257251827051137 0.0 0.0 
l 0.5728948536010173 0.5315817503876084 1.2082404175565167 -0.9529100269666693 -2.1289972022158272 0.0 0.0 
l 0.5203215776797269 0.5924013542575008 1.2027267699677358 -0.9089453217441781 -1.9688322183865048 0.0 0.0 
l 0.4739592389331626 0.654889361783999 1.195538603711896 -0.8719717346351199 -1.7786352318176617 0.0 0.0 
l 0.4339004626771611 0.7174947532056657 1.186553769209163 -0.8420534506404131 -1.5694183130825639 0.0 0.0 
l 0.3998180837638947 0.7788175204907564 1.1756757270082179 -0.8188206219234289 -1.3597963334176555 0.0 0.0 
l 0.371165069110914 0.8376677408797855 1.162862885441647 -0.8016636347901303 -1.167659455841836 0.0 0.0 
l 0.3473054115150948 0.8931246455014787 1.1481388625386846 -0.7898607963606301 -1.0026270475777703 0.0 0.0 
l 0.3275991872763132 0.9445432470879767 1.1316046508015283 -0.7826719745322515 -0.8656723467199323 0.0 0.0 
l 0.31144432536165334 0.991525224363828 1.1134581593779789 -0.779370927443561 -0.7531292705529302 0.0 0.0 
l 0.2983030229389421 1.0338727875084655 1.0939983067585712 -0.7792712269252391 -0.6601701670441994 0.0 0.0 
l 0.28770921242724035 1.0715346140511957 1.073629700868122 -0.7817369124196749 -0.5824804620762043 0.0 0.0 
l 0.2792677652626046 1.1045594363344826 1.0528561142932582 -0.7861756959528723 -0.5167366864264873 0.0 0.0 
l 0.27264935673939844 1.1330571789259696 1.0322648639393586 -0.7920393974382527 -0.460638669189234 0.0 0.0 
l 0.2675838909409542 1.1571706838786335 1.0124987623396264 -0.7988169893510404 -0.41268670461262924 0.0 0.0 
l 0.2638533239122585 1.177054326434626 0.9942207036101396 -0.8060337760562069 -0.37193802761973505 0.0 0.0 
l 0.26128564397980925 1.1928590366143323 0.9780714371452346 -0.8132554255624618 -0.3378784810968798 0.0 0.0 
l 0.25974945665334426 1.204720678556856 0.9646286160103559 -0.8200898803870089 -0.3102453503411078 0.0 0.0 
l 0.2591495323669959 1.212750712750259 0.9543717305797699 -0.8262055798591019 -0.28892385791477515 0.0 0.0 
l 0.2594245359668262 1.217028373700013 0.9476543102528862 -0.8313358178224493 -0.27386523676749086 0.0 0.0 
l 0.2605462497030004 1.2175928691274427 0.9446878556587123 -0.8352937662846969 -0.26502778958354534 0.0 0.0 
l 0.2625201467549349 1.2144367933330564 0.9455355681728478 -0.837978547475003 -0.2623566321065621 0.0 0.0 
l 0.26538935981752776 1.2074976421883559 0.9501148973737203 -0.8393919595664276 -0.26578151618725654 0.0 0.0 
l 0.2692375031163106 1.1966543848691817 0.9582057501522964 -0.8396429773312555 -0.2752361771016695 0.0 0.0 
l 0.274193401302559 1.1817242812892144 0.9694649299015908 -0.8389513516335387 -0.2906871657711514 0.0 0.0 
l 0.2804396939407931 1.1624642465501693 0.9834383160137053 -0.8376543914347758 -0.31219614343792834 0.0 0.0 
l 0.288220033412857 1.1385730285386317 0.9995878738379654 -0.8362008778779806 -0.3399880479415588 0.0 0.0 
l 0.29784841751010827 1.1097083793810663 1.0173118715062892 -0.8351520283949927 -0.374581503523729 0.0 0.0 
l 0.30971775135546403 1.0755093534410252 1.0359800990085442 -0.8351724376743528 -0.41694605040543187 0.0 0.0 
l 0.32431030272065825 1.0356389639217112 1.0549632118438506 -0.8370234781601726 -0.468741670520182 0.0 0.0 
l 0.3422029636190661 0.9898464939479312 1.073668751700943 -0.8415480292225141 -0.5326727873789984 0.0 0.0 
l 0.36407115246325217 0.9380482096480448 1.0915720471178225 -0.8496584936084992 -0.6130233857979035 0.0 0.0 
l 0.39068349142718944 0.8804236406128851 1.1082411857480552 -0.8623130851441265 -0.7163373096089789 0.0 0.0 
l 0.4228815240812318 0.8175101738159517 1.1233530273927201 -0.8804849661331151 -0.8520559987393932 0.0 0.0 
l 0.4615273627714189 0.7502781862234965 1.136698337783096 -0.9051070980460636 -1.0320680947903587 0.0 0.0 
l 0.5074272854515967 0.6801215679541441 1.1481785043104578 -0.9369861854196759 -1.2656699329541492 0.0 0.0 
l 0.5612010720441791 0.6087687214678238 1.1577934339520506 -0.9766739305404848 -1.546066538215192 0.0 0.0 
l 0.6231067515595143 0.5381059064345366 1.1656204017456226 -1.0242947761956018 -1.8389467239092552 0.0 0.0 
l 0.6928535695008469 0.4699365841774249 1.1717928769421782 -1.0793623396488103 -2.1006391769105326 0.0 0.0 
l 0.76946163815245 0.40575407281912823 1.1764764555429874 -1.1406462888483107 -2.3098154722974096 0.0 0.0 
l 0.8512492530913552 0.34659007288096094 1.179844668251233 -1.2061619854368026 -2.469490785504137 0.0 0.0 
l 0.936008225567278 0.29296293687440833 1.1820616966335227 -1.2733512798158906 -2.591521280837728 0.0 0.0 
l 1.0213641893472967 0.24491507374093918 1.1832666315386753 -1.3394474689436109 -2.687196503009466 0.0 0.0 
l 1.1051975744104432 0.20211302909587556 1.1835578916344516 -1.4019045017034368 0.3766765922514286 0.0 0.0 
l 1.1859904546820383 0.16395432472723634 1.182987082078285 -1.4587426892542865 0.3111037860586767 0.0 0.0 
l 1.2629545095319028 0.1296806508162951 1.181555796499441 -1.5086834225707533 0.2537579138193462 0.0 0.0 
l 1.3359649248093404 0.09846621162660442 1.1792145524914617 -1.5510837439521816 0.20201313015229871 0.0 0.0 
l 1.405357834788786 0.06948384292144828 1.1758657867514786 -1.5857387062136483 0.15413735562558895 0.0 0.0 
l 1.4716841967373437 0.0419498437852622 1.1713699477750805 -1.612638012766513 0.10902515442629479 0.0 0.0 
l 1.5354986225144396 0.01514735950775151 1.1655542252521827 -1.6317644697043705 0.06602371166437293 0.0 0.0 
l -1.5443854035323235 -0.011562069135368514 1.158223281363189 1.4986301162371114 0.024818443896813758 0.0 0.0 
l -1.4846089789818677 -0.03873351507091585 1.1491724523236488 1.4957077410172568 -0.014656750846699929 0.0 0.0 
l -1.4268361614456397 -0.06683896149322147 1.1382027114570314 1.50155274885193 -0.05228421677997974 0.0 0.0 
l -1.3713446562927052 -0.0962659566406775 1.125137192512938 1.5166810635726082 -0.08781880535194353 0.0 0.0 
l -1.318545495429874 -0.12731290920297286 1.1098377856833177 1.541447865825394 -0.1209360339682305 0.0 0.0 
l -1.26887321683119 -0.16019298447357525 1.0922220836028103 1.5758084937939438 -0.15127925441537082 0.0 0.0 
l -1.2227352681555095 -0.19500795140015942 1.0722798843990549 1.6191778664585563 -0.17850074254002002 0.0 0.0 
l -1.1804373728450552 -0.2317437723001949 1.0500849212527184 1.6703199393345296 -0.2023030367612122 0.0 0.0 
l -1.1421503698379614 -0.27026289938169873 1.0258017000662663 1.7273739743305205 -0.22246308175410112 0.0 0.0 
l -1.1079171878414296 -0.3102915613040026 0.9996889676076721 1.7880803211290457 -0.23886442470700708 0.0 0.0 
l -1.0776574989905994 -0.35143317666711893 0.9720902228347517 1.8500483080338614 -0.2514994941389467 0.0 0.0 
l -1.0512125558786254 -0.3931708227263085 0.943419818720687 1.9110937444367655 -0.26047170498757266 0.0 0.0 
l -1.0283237319432663 -0.43493084535123117 0.9141492167445877 1.9693866503124606 -0.2660011886160216 0.0 0.0 
l -1.0087253830890242 -0.4760736911167736 0.8847736619204712 2.0236346285904743 -0.2683910025744167 0.0 0.0 
l -0.9921339673965577 -0.5159588691085017 0.855787535886758 2.0730307497816582 -0.26800771378332466 0.0 0.0 
l -0.9782648769472618 -0.5539833258112585 0.827661043022661 2.117146925169222 -0.26526252691862884 0.0 0.0 
l -0.9668402067424381 -0.5896204439414361 0.8008162208491116 2.1558284014154125 -0.26057759295843275 0.0 0.0 
l -0.9575964641318097 -0.6224382161158021 0.7756159359824486 2.189048559512072 -0.2543779684275871 0.0 0.0 
l -0.9502874456423533 -0.652116942248255 0.7523485772686869 2.216835349690627 -0.24706497410932982 0.0 0.0 
l -0.9446891996623138 -0.6784425021001206 0.7312292213607913 -0.9023938714168205 -0.2390054456243968 0.0 0.0 
l -0.9405990300861898 -0.701300227916602 0.7124012695467362 -0.8855015877228747 -0.23053657253532 0.0 0.0 
l -0.9378347909098883 -0.7206602820970135 0.6959442793423617 -0.8742271532023702 -0.22195561780061995 0.0 0.0 
l -0.9362373101871775 -0.7365555499649159 0.6818854876333704 -0.8688145569262617 -0.21351130764267034 0.0 0.0 
l -0.9356710974373679 -0.7490654962945754 0.6702078331697665 -0.8696317313435418 -0.2054256955315807 0.0 0.0 
l -0.9360276076643258 -0.7582920866613964 0.6608644415255048 -0.8771540009723209 -0.19788317453036258 0.0 0.0 
l -0.9372254912663955 -0.7643437737899765 0.6537895245579949 -0.8919592524003925 -0.1910426141609043 0.0 0.0 
l -0.9392116816636054 -0.767323886821489 0.6489053781615451 -0.9147145537572436 -0.18503489240603116 0.0 0.0 
l -0.9419643469546373 -0.7673176535798858 0.6461298048620143 2.1954567325850816 -0.17996823494465347 0.0 0.0 
l -0.9454924480843583 -0.764389564590866 0.6453777487966168 2.1546730134936465 -0.17592729990339256 0.0 0.0 
l -0.9498352123865939 -0.7585823545815258 0.6465620921661295 2.1039607040100528 -0.17297244590462513 0.0 0.0 
l -0.9550657004530971 -0.7499141645302343 0.6495925665249349 2.0430518655317247 -0.171138724769426 0.0 0.0 
l -0.9612855679611749 -0.7383862227054375 0.6543739794629495 1.9721869568529955 -0.17043124719439717 0.0 0.0 
l -0.9686243391821387 -0.7239907909547875 0.6608001609717037 1.892360645439336 -0.1708219599460396 0.0 0.0 
l -0.9772422883405345 -0.7067127405409789 0.6687508913697378 1.8054936242734698 -0.17224748984788657 0.0 0.0 
l -0.9873289967074339 -0.686530519009358 0.67809458910185 1.7144223424901568 -0.17461066513881762 0.0 0.0 
l -0.9990957347675794 -0.6634326822352373 0.6886829929859414 1.622646371894931 -0.17777257600949903 0.0 0.0 
l -1.0127730800689847 -0.6374171460581731 0.7003582036738314 1.5338385862864725 -0.18156003054783287 0.0 0.0 
l -1.0286011420349968 -0.6085036091953034 0.7129553024113473 1.4512999508541287 -0.18577280798068796 0.0 0.0 
l -1.046825634575021 -0.5767356771475924 0.7263095691212 1.3775509875605758 -0.19017992127437577 0.0 0.0 
l -1.067676277938665 -0.5422013290098848 0.7402641446785787 1.3141757873128486 -0.19453233935823333 0.0 0.0 
l -1.0913534571775956 -0.5050431637508628 0.7546780925025733 1.2619093008099478 -0.19857068262094701 0.0 0.0 
l -1.1180020518064733 -0.46548147560673303 0.7694322848603669 1.2208144581085902 -0.20202759197992426 0.0 0.0 
l -1.1476928753698687 -0.4238253994032202 0.7844346028610127 1.1905000987611347 -0.20463876354265453 0.0 0.0 
l -1.180390831389745 -0.3804927790103241 0.7996234392580266 1.1702821335285953 -0.20614906404925848 0.0 0.0 
l -1.2159369588437676 -0.33601246777090543 0.8149650439771362 1.1592983134430048 -0.20630970462926101 0.0 0.0 
l -1.2540333515128665 -0.29101729725405623 0.8304477518966518 1.1565760378661623 -0.20489695909606687 0.0 0.0 
l -1.2942334299594231 -0.24622527509667586 0.8460748416854242 1.1610560519949185 -0.20169873106560587 0.0 0.0 
l -1.335953640974399 -0.2023995789955417 0.861852858229852 1.1716249769615223 -0.19655181790526988 0.0 0.0 
l -1.3785042671985268 -0.16029411127572515 0.8777787640407042 1.18713427075439 -0.18933099535364062 0.0 0.0 
l -1.421116827160044 -0.12060976757096273 0.8938271318142277 1.2064214858859081 -0.1800323932638025 0.0 0.0 
l -1.4630070593628717 -0.08393170321499385 0.9099429171188865 1.228355391783312 -0.1688282756873426 0.0 0.0 
l -1.5034328072471579 -0.050689070019190596 0.9260316261267405 1.2518786139874982 -0.15638571077778174 0.0 0.0 
l -1.5417543271732752 -0.021126274992166322 0.9419544702043904 1.2760505663107475 -0.14419003721831047 0.0 0.0 
l 1.5641072996665668 0.004707695204349648 0.9575323277361982 -1.841505136225609 -0.1361161595128113 0.0 0.0 
l 1.5312462293517524 0.026963516517433072 0.9725498233860174 -1.818184898842651 -0.14506804225465497 0.0 0.0 
l 1.5013082196970666 0.04596953402758439 0.9867647441968411 -1.7959486846385622 -0.2605759669657367 0.0 0.0 
l 1.4740661348176392 0.062234749415693125 0.9999194566014303 -1.774893846065701 0.3766547168051727 0.0 0.0 
l 1.4490712432111332 0.0763824446853651 1.0117552561503862 -1.7549027610489132 0.13340018674234067 0.0 0.0 
l 1.425638692674291 0.0891436333505677 1.0220241617932402 -1.7356251846300437 0.11181357107479228 0.0 0.0 
l 1.4028210602840196 0.10136572804348347 1.0305049720094461 -1.716435395889544 0.11361784633759342 0.0 0.0 
l 1.3795385867844479 0.11393979254782623 1.037007727316062 -1.696557265830637 0.12002491430268103 0.0 0.0 
l 1.3546162208754264 0.12780147431161804 1.0413812763601398 -1.6750900876231385 0.12625730567897397 0.0 0.0 
l 1.326904890973314 0.1438939647706593 1.0435146109602818 -1.6511240339036135 0.1309119282478981 0.0 0.0 
l 1.2953809321183514 0.16315191790030661 1.0433378082239124 -1.6238296731012796 0.13398706182147047 0.0 0.0 
l 1.2592590886109964 0.1864784140379061 1.0408159383161681 -1.592572582064921 0.13602363223721414 0.0 0.0 
l 1.2180969146465692 0.21471555914808454 1.0359428907403376 -1.557016099447351 0.13782195657660323 0.0 0.0 
l 1.1718681356543692 0.24860921303695202 1.0287339758172658 -1.5171991810693197 0.1401825020246419 0.0 0.0 
l 1.1209872865007524 0.28876494872803427 1.019218693406868 -1.4735659217161854 0.14380202109231877 0.0 0.0 
l 1.066289700985783 0.3355839686519359 1.007430956612 -1.4269515633003969 0.14920287440635138 0.0 0.0 
l 1.0089496802536184 0.389179832865717 0.9934109068028052 -1.3785048698741305 0.15676756146723747 0.0 0.0 
l 0.9503503828622004 0.44930071690456175 0.9771911232270295 -1.329568460534742 0.16670727086581116 0.0 0.0 
l 0.8919247966606769 0.5152560586178327 0.958805354003278 -1.281523324213729 0.17911116318023013 0.0 0.0 
l 0.8350186431051752 0.5858795365670579 0.9382906737294193 -1.2356573175406258 0.19396726028283007 0.0 0.0 
l 0.7807640444706533 0.6595817773177196 0.9156975563129833 -1.1930408157961954 0.21118535937875527 0.0 0.0 
l 0.7300386942248869 0.7344484473147188 0.8911126741301548 -1.154486012453238 0.2306001731666908 0.0 0.0 
l 0.6834345169365269 0.8084543799221264 0.8646772790761968 -1.1205115525565943 0.25197601484368126 0.0 0.0 
l 0.6412905856881594 0.879672973714773 0.8366150981392083 -1.0913753699207447 0.27497734558908105 0.0 0.0 
l 0.6037327853459973 0.9464708979189252 0.8072574515123051 -1.0671041822089469 0.2991683274900415 0.0 0.0 
l 0.570723421082854 1.0076187943571262 0.7770702800957144 -1.0475377977900602 0.32398334695504405 0.0 0.0 
l 0.5421113735683935 1.0623176105721706 0.7466648996568381 -1.0323735307270394 0.3487211733118998 0.0 0.0 
l 0.5176720057699168 1.1101521814209332 0.7167983772457169 -1.0211985061320568 0.37254997543635526 0.0 0.0 
l 0.4971349300639114 1.151018756508439 0.6883403882140825 -1.0135161009195892 0.3945331757998146 0.0 0.0 
l 0.4802111176582958 1.1850264401355044 0.6622267175137689 -1.0087755924687982 0.4136836932422535 0.0 0.0 
l 0.4666053251433617 1.2124164807240543 0.6393937944660663 -1.0063943275540843 0.4290224853869654 0.0 0.0 
l 0.4560336757730183 1.2334940834580421 0.6207003282016806 -1.0057839860326634 0.43966059591587003 0.0 0.0 
l 0.44822678296919144 1.2485813549252893 0.6068641443189898 -1.0063746257601816 0.4448620006229914 0.0 0.0 
l 0.442939263157103 1.2579851005088671 0.5984068947452463 -1.0076409354357085 0.44409833840299173 0.0 0.0 
l 0.43995628278638843 1.2619757593150271 0.5956251775338608 -1.0091289845894729 0.4370722970886416 0.0 0.0 
l 0.43909880437354365 1.2607752198948647 0.5985851070630674 -1.010472727870276 0.42374397967717825 0.0 0.0 
l 0.4402306615742139 1.2545468970896256 0.60713870442122 -1.0114160356218411 0.404292509457822 0.0 0.0 
l 0.4432638335468687 1.2433956774626447 0.6209449834903482 -1.0118219574297778 0.37910106652665165 0.0 0.0 
l 0.4481624614424987 1.227366669098275 0.6395055163246486 -1.0116753427121614 0.34872992990784035 0.0 0.0 
l 0.4549493891317026 1.2064466402302585 0.6621990326684304 -1.011087428398453 0.31385963034820574 0.0 0.0 
l 0.4637087186257508 1.1805745356477209 0.688312316135916 -1.0102921789171004 0.275262978064739 0.0 0.0 
l 0.4745883343318194 1.1496564621624001 0.7170719193566805 -1.0096400571909518 0.23374862661870377 0.0 0.0 
l 0.4878015790867525 1.113585167263019 0.7476794996633201 -1.0095892448104506 0.1901221248230801 0.0 0.0 
l 0.5036281572142607 1.0722723027351424 0.7793408935643155 -1.010696046385239 0.1451131051497958 0.0 0.0 
l 0.522413424726542 1.025685995387896 0.8112995923245635 -1.0136059894753557 0.09930280542926584 0.0 0.0 
l 0.5445680766873513 0.9738966631116365 0.8428635204818671 -1.0190358636011931 0.053049195112416125 0.0 0.0 
l 0.5705671723577824 0.917122618277464 0.8734280619795308 -1.0277637613847157 0.006361240165729254 0.0 0.0 
l 0.600941498877706 0.855777104182362 0.902489414879191 -1.040607431701167 -0.04126773921307092 0.0 0.0 
l 0.6362701818657535 0.7904929519147965 0.9296489838217641 -1.0584052851860464 -0.09114817861648605 0.0 0.0 
l 0.6771480352701449 0.722125551855764 0.954619897635626 -1.0819750479366794 -0.14600338334093776 0.0 0.0 
l 0.7241524995233822 0.6517246335971167 0.9772071560227625 -1.1120695682854664 -0.21126237531739311 0.0 0.0 
l 0.777774551286132 0.5804673000182011 0.9973000649510417 -1.1493037237950086 -0.2985969958226188 0.0 0.0 
l 0.8383272955947116 0.5095653506831401 1.014856283447763 -1.194056033095464 -0.4367683096711027 0.0 0.0 
l 0.9058147640498853 0.44017455368383335 1.0298866121405463 -1.2463347138648762 -0.7126434865150401 0.0 0.0 
l 0.9798120873332111 0.3732961489384021 1.0424396621637861 -1.3056527649609797 -1.3830765064300095 0.0 0.0 
l 1.059355042532243 0.309716821482076 1.0525914669810423 -1.370918368750262 -2.2677774055693716 0.0 0.0 
l 1.1429073147136253 0.24998092415517198 1.0604361310651182 -1.4403981701795467 0.46280577186760175 0.0 0.0 
l 1.228448770132569 0.19439510307755756 1.0660761194471122 -1.5118102449807598 0.2836656536810376 0.0 0.0 
l 1.3137083857588447 0.14304545489410075 1.0696163288955716 -1.5825584123285295 0.184930231375793 0.0 0.0 
l 1.3964514222045064 0.09584480012996426 1.0711575526829353 -1.6500209503995453 0.1197853392885797 0.0 0.0 
l 1.474800616190214 0.05255674445934747 1.0707898672388032 -1.711879098974119 0.07071265710117558 0.0 0.0 
l 1.5473663071844599 0.012868812116499857 1.068587177573483 -1.766252184150457 0.029883033905339085 0.0 0.0 
l -1.5282292454504405 -0.023607973258450914 1.0646009159076255 1.3297771156844345 -0.006665439648351423 0.0 0.0 
l -1.469010394492542 -0.057330288090473615 1.058852885401468 1.2938065753562726 -0.04098349545254698 0.0 0.0 
l -1.4164109893242203 -0.08875843664812061 1.0513382636402724 1.267882815630778 -0.07409669183376955 0.0 0.0 
l -1.3699869471834443 -0.11837356127991415 1.042024139463228 1.25221101390122 -0.10640577849528243 0.0 0.0 
l -1.3291418176423109 -0.14666210165051224 1.0308537489514404 1.2468803723310815 -0.13791356800580779 0.0 0.0 
l -1.2932001848743264 -0.1741200552381959 1.0177544943910537 1.2519237401815226 -0.16834705990237941 0.0 0.0 
l -1.2614664185867417 -0.2012488584307978 1.0026522858928004 1.2673737156306228 -0.19729981738483848 0.0 0.0 
l -1.2332604451662796 -0.2285507562483013 0.9854865780375631 1.2932595458816885 -0.22429115584243264 0.0 0.0 
l -1.207936432222944 -0.2565230852856235 0.9662270896789034 1.3295737894929534 -0.2488487559059659 0.0 0.0 
l -1.184895655800744 -0.28564624346817313 0.9448915958000936 1.3761925073267318 -0.27055668804871735 0.0 0.0 
l -1.163599993862206 -0.31636206975347075 0.9215620919290322 1.4327406698625127 -0.28909773789305593 0.0 0.0 
l -1.1435855050094508 -0.3490442291465845 0.8963954742018869 1.498444157314397 -0.30426658765277925 0.0 0.0 
l -1.124459519611189 -0.3839744602950947 0.8696292796290277 1.5719461003894792 -0.3160024163168538 0.0 0.0 
l -1.1059169520908783 -0.4212969660849995 0.841581255532691 1.6512133629676629 -0.3243806684118081 0.0 0.0 
l -1.0877459740266597 -0.46098033924396975 0.8126385374625231 1.7335771198048782 -0.32959750065400983 0.0 0.0 
l -1.0698166211380247 -0.5027968150367004 0.783243932401435 1.8159517811034547 -0.3319533307000959 0.0 0.0 
l -1.0520897340757764 -0.5463033902555554 0.7538659895767957 1.895228169543005 -0.3318128071056629 0.0 0.0 
l -1.0345881103764205 -0.5908667631330774 0.7249827000320886 1.968679875229938 -0.32958488163565663 0.0 0.0 
l -1.017397217631183 -0.6356949385897964 0.6970509981512298 2.034283980747569 -0.325694810008941 0.0 0.0 
l -1.0006468491379272 -0.6799013352359135 0.6704887173010325 2.09081798363841 -0.3205523212792486 0.0 0.0 
l -0.9844944543527243 -0.7225866109369166 0.6456548957878765 2.1377965273894324 -0.314538002546394 0.0 0.0 
l -0.9691160575456365 -0.762906530945012 0.6228420319211905 2.1752895923478683 -0.30798527539812603 0.0 0.0 
l -0.9546900197838282 -0.8001390846727007 0.602269917406706 2.203704005170795 -0.30117947638712456 0.0 0.0 
l -0.941385364662509 -0.8337221310870062 0.5840880823523249 -0.9179767409482693 -0.2943606785031624 0.0 0.0 
l -0.9293612239295297 -0.8632564429662657 0.568382172329847 -0.9059772709667462 -0.28771974821596147 0.0 0.0 
l -0.918761469336001 -0.8884956933566922 0.5551825990890177 -0.901380808923328 -0.28141517204161043 0.0 0.0 
l -0.9097117161157868 -0.9093211831735368 0.5444753629914156 -0.9038171533345503 -0.2755765720116788 0.0 0.0 
l -0.9023188122152166 -0.9257123001501834 0.5362103819241445 -0.9131019664932796 -0.27030877328863456 0.0 0.0 
l -0.8966777470969363 -0.9377021534704797 0.5303170264773928 -0.929236676373933 -0.2657065190581044 0.0 0.0 
l -0.8928680660428824 -0.945366058953277 0.5267021449552862 -0.9524292715389469 -0.2618444664458074 0.0 0.0 
l -0.8909585699325612 -0.9487927911780243 0.5252602683640206 2.1585091961070537 -0.25877924918188266 0.0 0.0 
l -0.8910084083823893 -0.9480681630085654 0.52587997987665 2.119849967088106 -0.2565575028056645 0.0 0.0 
l -0.8930647801316244 -0.9432788238773362 0.5284385539654675 2.0725598515398462 -0.25520041551226724 0.0 0.0 
l -0.8971640303289661 -0.9345082583593431 0.5328041225481613 2.0160586749262883 -0.2547026337469341 0.0 0.0 
l -0.9033322691123062 -0.9218412057438834 0.5388335340608278 1.9500256100854203 -0.2550310483544545 0.0 0.0 
l -0.9115838336248906 -0.9053720541197459 0.5463710522801329 1.8746511597319235 -0.2561158323706198 0.0 0.0 
l -0.9219164449938012 -0.8852195984848602 0.5552464342056156 1.7909328441446897 -0.25785407931836335 0.0 0.0 
l -0.9343128797147668 -0.8615367761561806 0.5652732192386721 1.7008924203577773 -0.2601015137497939 0.0 0.0 
l -0.948742405489297 -0.8345171653059953 0.5762504933619412 1.6075738603447447 -0.26267994514368875 0.0 0.0 
l -0.9651664492559193 -0.8043928014771605 0.5879675207469065 1.5147072906707308 -0.26537728698813406 0.0 0.0 
l -0.9835436163280757 -0.7714314641710138 0.600206936777963 1.4261105642003302 -0.26795087002399703 0.0 0.0 
l -1.0038428487980304 -0.7359177805399307 0.6127511446214108 1.3450522900810111 -0.27012940067852426 0.0 0.0 
l -1.0260657172417023 -0.6981187689694563 0.6253893727561954 1.2738452081094815 -0.2716100678400805 0.0 0.0 
l -1.05026819203 -0.6582443815122103 0.6379258864655665 1.2137655411157153 -0.27205564086671247 0.0 0.0 
l -1.0765926628581917 -0.6164005255102352 0.6501820499278693 1.1652478595339164 -0.2710770568681777 0.0 0.0 
l -1.1052872260634257 -0.5725484128053981 0.6620061367130079 1.1281834583918229 -0.26821272152392567 0.0 0.0 
l -1.1367337993372377 -0.5264674307384591 0.6732725298574332 1.1022195745574992 -0.2628774780633563 0.0 0.0 
l -1.1714593721578965 -0.4777416201035047 0.6838794703070618 1.0869846380931587 -0.2542645543005435 0.0 0.0 
l -1.2101412593532266 -0.42575621376386374 0.6937468132952606 1.0822240039806714 -0.24118254781046317 0.0 0.0 
l -1.253588768992883 -0.36972735440906884 0.7028079751442565 1.0878599512244842 -0.2217062962033821 0.0 0.0 
l -1.302698094889037 -0.30875984062529405 0.7110015916059521 1.1039826647862472 -0.19240397739941162 0.0 0.0 
l -1.358366467560465 -0.24194560122693712 0.7182598192356763 1.1307743133283246 -0.14636744063450258 0.0 0.0 
l -1.421361528913681 -0.16849773084511468 0.7244960519303877 1.1683745341636727 -0.06700350966541646 0.0 0.0 
l -1.4921415439497372 -0.08791679190904272 0.729595211980955 1.2166914398990103 0.09751183629929061 0.0 0.0 
l -1.5706288762744798 -0.00018583637487762445 0.7334027928741813 1.2751623252643758 0.5849587252559623 0.0 0.0 
l 1.4855969475248956 0.09406532067578512 0.73571657970021 -1.7990639472331496 -1.3124203388026316 0.0 0.0 
l 1.3950523503938113 0.1934857653634446 0.7362800511552829 -1.7248912116887762 -0.7374221087762574 0.0 0.0 
l 1.3018382502029862 0.2960885471674177 0.7347796054765411 -1.6467723028345187 -0.5411201113909634 0.0 0.0 
l 1.2089680668486427 0.3995108090891467 0.7308442890909232 -1.5680412085501663 -0.4352012857525329 0.0 0.0 
l 1.1194826133274045 0.5013967442098083 0.7240485450883417 -1.4920300670946793 -0.35915723701476193 0.0 0.0 
l 1.0359715767011834 0.5997672064849051 0.7139187063959003 -1.4215902431931804 -0.29450994498175337 0.0 0.0 
l 0.9602623144393736 0.693257319339139 0.6999423175982469 -1.3587781778216443 -0.23388579684471322 0.0 0.0 
l 0.893346004473635 0.7811720774741694 0.681582040927564 -1.304774722317143 -0.17379063739337763 0.0 0.0 
l 0.8354905355906557 0.863394453127151 0.6582985731821374 -1.2599947921725354 -0.11235085696226299 0.0 0.0 
l 0.786446170776167 0.9402153179499816 0.6295831580090433 -1.224289596949089 -0.0484344739895235 0.0 0.0 
l 0.7456584646477402 1.012150372937387 0.5950050923246194 -1.19715903407055 0.01869285234998752 0.0 0.0 
l 0.7124387924025952 1.079789105598253 0.5542763835688859 -1.1779227813785769 0.08949613597712958 0.0 0.0 
l 0.6860853363571162 1.143681445852365 0.5073393616825417 -1.1658578754103075 0.16419005578863033 0.0 0.0 
l 0.6659560355892881 1.204270949067408 0.4544672035054736 -1.1602619438293296 0.2426416270775344 0.0 0.0 
l 0.6514936940737063 1.2618697094482925 0.39636490582485634 -1.1605023608732696 0.32429419913396623 0.0 0.0 
l 0.6422416817258153 1.3166567222502268 0.33422439606307003 -1.166035870662133 0.4080927671482228 0.0 0.0 
l 0.6378287715452524 1.3686975828435535 0.2697116121089376 -1.1763971359083183 0.4924922390633512 0.0 0.0 
l 0.6379536567774832 1.4179660219232961 0.2048520712001095 -1.1911879470032305 0.5755666516392219 0.0 0.0 
l 0.6423405941529847 1.4643719325793196 0.1418236731848994 -1.2100311310273473 0.6552209390515907 0.0 0.0 
l 0.650721586861434 1.5077834388173614 0.08268613092405105 -1.2325551899340221 0.7294536856098319 0.0 0.0 
l 0.6627900847428757 1.5480355049925663 0.02915543344160445 -1.2583432602351403 0.796589075870495 0.0 0.0 
l 0.6781675934597376 -1.5566609663312272 -0.017544977978874873 -1.2868962726923079 0.8554362856008193 0.0 0.0 
l 0.6963688518518097 -1.523360775075071 -0.05671600346955787 -1.3175972676994592 0.9053190895356346 0.0 0.0 
l 0.7167846083073661 -1.4939532187588127 -0.08812912037788581 -1.3496924453671582 0.9460343067716795 0.0 0.0 
l 0.7386603818200007 -1.4688122527070018 -0.11191246072601567 -1.3822719279311315 0.9777305644824815 0.0 0.0 
l 0.7611104996954088 -1.4483982501855621 -0.1284275909990352 -1.4142868672118352 1.00078638757321 0.0 0.0 
l 0.783148950562406 -1.4332546644057682 -0.1381539359289652 -1.4445893626687285 1.0156919054582367 0.0 0.0 
l 0.8037334670561962 -1.4239836922307267 -0.14159695519033733 -1.471982465084548 1.0229512816432758 0.0 0.0 
l 0.8218308950656862 -1.4211912567027623 -0.13922318363249211 -1.4952967230067244 1.0230078044541873 0.0 0.0 
l 0.8364895265452335 -1.4254027803516198 -0.1314181645867172 -1.5134719075734802 1.0162002992235417 0.0 0.0 
l 0.8469164988685324 -1.4369458136743616 -0.11847221619979532 -1.525640315255221 1.0027373261382335 0.0 0.0 
l 0.8525199876358176 -1.4558469500023017 -0.10057277766686955 -1.5311824267064673 0.9826911343420565 0.0 0.0 
l 0.8529740199787345 -1.4817310063659548 -0.07782264527843168 -1.5297963718137557 0.9560010982956301 0.0 0.0 
l 0.8482372065003956 -1.5137831972811218 -0.05027523595629826 -1.521517920073189 0.9225095526360579 0.0 0.0 
l 0.838563570544928 -1.5508015172224379 -0.017974723851122254 -1.506729681085719 0.8820019735077915 0.0 0.0 
l 0.824490204734604 1.5502639180032107 0.018987123836043163 -1.486145726468956 0.8342613627492069 0.0 0.0 
l 0.8067975570108724 1.507757497078659 0.060403536273087394 -1.4607647420295227 0.7791361359600645 0.0 0.0 
l 0.786454986704544 1.4646868925674317 0.10588706570848995 -1.4318035220480836 0.7166168887066754 0.0 0.0 
l 0.7645346367817598 1.4222142544081138 0.1548163108290131 -1.4005988149230022 0.6468979134613069 0.0 0.0 
l 0.7421363862335066 1.3811831470089835 0.20630866040500226 -1.3685182733144827 0.5704298179251234 0.0 0.0 
l 0.7203075660003584 1.3421182890893288 0.25923962327497607 -1.336866523826761 0.48792955780252645 0.0 0.0 
l 0.6999645036616605 1.305281452795553 0.31230995306473264 -1.3067906279750432 0.40036259655816275 0.0 0.0 
l 0.6818563143118653 1.2707314015495974 0.36416671930077493 -1.2792416118302754 0.30887910559377496 0.0 0.0 
l 0.6665266671601008 1.238405338042364 0.413534502409222 -1.2549210059215896 0.21476330183140363 0.0 0.0 
l 0.6543288225461358 1.2081617012241468 0.45934667748710634 -1.2342979665192357 0.11937743520350985 0.0 0.0 
l 0.6454274209895424 1.1798281068407501 0.5008317767908541 -1.2176076994178953 0.02413281617584928 0.0 0.0 
l 0.639822920619924 1.1532289494264445 0.5375463549365164 -1.2048786040704027 -0.06952934537512395 0.0 0.0 
l 0.637380649235568 1.1281945136097804 0.5693663281876882 -1.1959644692072358 -0.16017017134937028 0.0 0.0 
l 0.6378668298687568 1.1045643504420453 0.5964345171424299 -1.1905866401877303 -0.2464245142485909 0.0 0.0 
l 0.6409839786721527 1.082178158755078 0.6190984900051898 -1.1883753080392212 -0.3271036589675685 0.0 0.0 
l 0.646408766575985 1.0608686519703305 0.6378358393974044 -1.1889113588705897 -0.4013198128051957 0.0 0.0 
l 0.6538294951926361 1.0404504328372528 0.6531879924555196 -1.1917676466429754 -0.4685761214643491 0.0 0.0 
l 0.6629827043862204 1.0207038789190004 0.6657093313537291 -1.196550204128412 -0.528810118079277 0.0 0.0 
l 0.6736825706592785 1.0013700438512003 0.6759213774430303 -1.202926104944801 -0.582376746254936 0.0 0.0 
l 0.6858452720367684 0.9821465730175044 0.6842801609500976 -1.2106479254317737 -0.6299919379197145 0.0 0.0 
l 0.699503057004565 0.9626900686135331 0.6911536991674875 -1.2195657621123224 -0.6726631350441988 0.0 0.0 
l 0.7148093876498132 0.9426212848391247 0.6968097498933221 -1.2296292223187875 -0.7116227044199981 0.0 0.0 
l 0.7320310035099313 0.9215370620394204 0.7014118172791638 -1.2408759529284226 -0.7482938437088263 0.0 0.0 
l 0.7515279302245945 0.899022838028798 0.7050272201612967 -1.2534076327173107 -0.7843141440486973 0.0 0.0 
l 0.7737244225797397 0.8746683241561956 0.707640059307816 -1.2673571368072425 -0.8216204500732105 0.0 0.0 
l 0.7990736287956797 0.8480801502771163 0.7091711794102138 -1.2828499113057565 -0.862641152995161 0.0 0.0 
l 0.8280181410763972 0.8188888010193554 0.7095038926420971 -1.2999610777203765 -0.9106547349457871 0.0 0.0 
l 0.8609503151044463 0.7867505558054644 0.7085093012882344 -1.318672549781492 -0.9704539588858925 0.0 0.0 
l 0.8981686447443602 0.7513472595391826 0.7060714116172778 -1.3388248485614398 -1.0495476473624024 0.0 0.0 
l 0.939841822360064 0.7123802795478114 0.7021050522186915 -1.3600757158542511 -1.1603351156564419 0.0 0.0 
l 0.9859812621717525 0.6695588526821863 0.6965685465867925 -1.3818646650442246 -1.3234308380324324 0.0 0.0 
l 1.0364242119483469 0.6225901306168323 0.6894670070590083 -1.4033844962064848 -1.568865811680133 0.0 0.0 
l 1.0908252868029167 0.5711731999480166 0.6808537307141193 -1.4235602224655515 -1.915903363106433 0.0 0.0 
l 1.1486663618607293 0.5149989321881073 0.6708258586128554 -1.4410429676658223 0.8297107636524447 0.0 0.0 
l 1.2092738177400368 0.4537735624693178 0.659516098620153 -1.4542166207955773 0.495231712037146 0.0 0.0 
l 1.2718482508568063 0.3872625294341849 0.6470851073423471 -1.4612257615079267 0.2646779169329264 0.0 0.0 
l 1.335511793564046 0.3153496650652586 0.6337141662525794 -1.4600453115919252 0.11521543549588042 0.0 0.0 
l 1.3993467501887555 0.23813448781160906 0.6196040619669235 -1.4485928455909578 0.017585220680573554 0.0 0.0 
l 1.46244760343029 0.1560339139149053 0.6049683527841085 -1.4249451012360252 -0.047695596889519076 0.0 0.0 
l 1.523957015199365 0.0698886055970732 0.5900290802496846 -1.3876551730422257 -0.0922328638891875 0.0 0.0 
l -1.5584901008545864 -0.018987734970441913 0.5750167664896394 1.8053846585136906 -0.12299032732802145 0.0 0.0 
l -1.5023725932522711 -0.10883571353155849 0.5601676123020215 1.8700794776183345 -0.14432044668972233 0.0 0.0 
l -1.4498221179098747 -0.19759012962524225 0.54571488338762 1.9453515934797776 -0.15906636901445187 0.0 0.0 
l -1.4012507819127882 -0.28309945210489973 0.5318866728302211 2.026898905260554 -0.16917604487281068 0.0 0.0 
l -1.356946792073456 -0.3633814652575826 0.5188962871150515 2.1095125143734776 -0.17603516567350114 0.0 0.0 
l -1.3170872013679582 -0.43682961316281765 0.5069354886161156 2.188173563712569 -0.18065940938685854 0.0 0.0 
l -1.2817570144542159 -0.5023228409457821 0.4961654451435917 2.2589938220053494 -0.18380313036417167 0.0 0.0 
l -1.2509684038123514 -0.5592368430938781 0.48670770727189766 2.3196057425316794 -0.18602271176236046 0.0 0.0 
l -1.2246899237380133 -0.6073606963898243 0.4786395673018039 2.3690161533043765 -0.18771825436437112 0.0 0.0 
l -1.202865323609259 -0.646792697666947 0.47198890928503895 2.407172193302853 -0.189160187302985 0.0 0.0 
l -1.1854354015057866 -0.6778209017385729 0.46673372917121814 2.434508404219332 -0.19050624467574323 0.0 0.0 
l -1.1723572632961619 -0.7008181191270368 0.46280384298349003 -0.6899848802818314 -0.1918171724946215 0.0 0.0 
l -1.1636134559028355 -0.7161611925940004 0.4600899450438264 -0.6826176326929754 -0.19307984040243448 0.0 0.0 
l -1.1592264650037034 -0.7241624796452055 0.4584506380870714 -0.6846789172919299 -0.19421577363306997 0.0 0.0 
l -1.1592606861059622 -0.7250238330863368 0.4577252384051029 -0.6961323201712359 -0.1951034179006757 0.0 0.0 
l -1.1638226029447272 -0.7187961184280831 0.4577491319410382 2.4243585236536047 -0.19559872120836552 0.0 0.0 
l -1.1730524375228375 -0.7053525441718856 0.45836899210097504 2.3930699829032784 -0.19555454671815686 0.0 0.0 
l -1.187116586450494 -0.6843655022119833 0.45945423440101857 2.3508530710774265 -0.19483449091701388 0.0 0.0 
l -1.2061905414625005 -0.6552957995709674 0.46090960654822255 2.2969488793976036 -0.19332878072238774 0.0 0.0 
l -1.2304413624403074 -0.6173963979192719 0.4626819959826999 2.230947250496 -0.19096415563396613 0.0 0.0 
l -1.2599971354499144 -0.5697593354766555 0.4647638806749452 2.1533547119204215 -0.1877117198878211 0.0 0.0 
l -1.2949247335503986 -0.5114010783913397 0.4671908744573544 2.0662816730495885 -0.1835915639816469 0.0 0.0 
l -1.3351934252275883 -0.4414505487054492 0.47003373168729246 1.9738972339839498 -0.17867688338936633 0.0 0.0 
l -1.3806303934569502 -0.3594621908950199 0.4733868950249176 1.8821517677353279 -0.17311083464038335 0.0 0.0 
l -1.430888667285223 -0.265818643804322 0.4773532412898459 1.7975818495141735 -0.16713500203286907 0.0 0.0 
l -1.4854040472217853 -0.16217626489988166 0.48202538697685055 1.7256454393350713 -0.16115796517789105 0.0 0.0 
l -1.5433736043612682 -0.05169433481896596 0.48746675525495864 1.6695357014184786 -0.1559141653853348 0.0 0.0 
l 1.5378444799490854 0.06117834668091636 0.49369368441196704 -1.5116537350082113 -0.1528304533306985 0.0 0.0 
l 1.476335067528669 0.1714547370349174 0.50065947427752 -1.5360495633395912 -0.1549488062457075 0.0 0.0 
l 1.4151266722243794 0.2746150305543795 0.5082398187481438 -1.5477953479041977 -0.16966702707746195 0.0 0.0 
l 1.3557384883634325 0.367393355524416 0.5162258670847354 -1.5500107720605232 -0.21945325362554707 0.0 0.0 
l 1.2996811593652042 0.44803691897454884 0.5243219646052866 -1.5459209243734293 -0.40976555132417675 0.0 0.0 
l 1.2483684349690947 0.5160959132258536 0.5321529416303787 -1.5385762049465395 -1.6499988866170545 0.0 0.0 
l 1.2030498406213317 0.5719929560787947 0.5392794971563958 -1.5307049258691283 0.5012034116708582 0.0 0.0 
l 1.1647740971001697 0.6165959198370735 0.545219881323111 -1.5246565481617647 0.3549409875646111 0.0 0.0 
l 1.1343743562544861 0.6508993761808706 0.549485351269166 -1.5223936920363366 0.32623461464695114 0.0 0.0 
l 1.1124780172328872 0.675819032240923 0.5516182014040463 -1.525515355956982 0.3319927420656499 0.0 0.0 
l 1.0995178882619374 0.6920830669500092 0.5512324766789819 -1.5352826607687986 0.352405936419967 0.0 0.0 
l 1.0957378310462351 0.7001790046679119 0.5480543504953141 -1.5526333201369686 0.3801718227777142 0.0 0.0 
l 1.101187723106683 0.7003324665108622 0.5419530293866661 -1.5781840305627006 0.4118337759877617 0.0 0.0 
l 1.115696472886253 0.6925093244584726 0.532960834733771 -1.6122075557197546 0.44546952480449464 0.0 0.0 
l 1.1388324983812925 0.6764279249615932 0.5212790309206827 -1.654597127266647 0.47987382457954797 0.0 0.0 
l 1.1698542929563875 0.6515997202874617 0.5072630546637428 -1.7048199561541795 0.5142122321363193 0.0 0.0 
l 1.2076821210617927 0.6173888100623967 0.49139219830480074 -1.7618938468407157 0.5478539481356196 0.0 0.0 
l 1.2508981891084225 0.5731298231952813 0.4742260886364995 -1.8243957727032958 0.5802905012557922 0.0 0.0 
l 1.2978121729275913 0.5182979928408966 0.45635705931743287 -1.89053847784608 0.6111011338909411 0.0 0.0 
l 1.3465725871903778 0.452785859228031 0.43835976222164996 -1.9582976388690088 0.6399440084656101 0.0 0.0 
l 1.3953265069151923 0.37723439318270197 0.42075076861099714 -2.025589775079814 0.6665589484758855 0.0 0.0 
l 1.4423821288877658 0.29334817161761156 0.4039664121869299 -2.0904568434060544 0.6907639516917601 0.0 0.0 
l 1.4863438623136003 0.20403254493660983 0.38835227200943734 -2.151225053244168 0.7124532478544353 0.0 0.0 
l 1.52616918101277 0.11324285334591545 0.37416130006683845 -2.2065820260668065 0.7315867003009056 0.0 0.0 
l 1.5611845203383348 0.02541028239540793 0.36156853872218153 -2.255610575653283 0.7481713255230668 0.0 0.0 
l -1.5505541109769347 -0.05528717188003019 0.35068543941040237 0.843837530453537 0.7622461770629481 0.0 0.0 
l -1.5259687111018252 -0.12551343312767407 0.3415791626773097 0.8088413313351464 0.7738616474512157 0.0 0.0 
l -1.5065885898977598 -0.18305100574259 0.3342808888141225 0.7810404026749587 0.7830745616412267 0.0 0.0 
l -1.4922683331182163 -0.22666972225465304 0.32880503683123513 0.7603611088026978 0.7899360996546234 0.0 0.0 
l -1.4828401177378958 -0.25584602381282806 0.32515602395830484 0.7466771834438743 0.7944864798596583 0.0 0.0 
