r -0.8432885891997154 0.8627938139246663 -0.6513081972516851 0.26295243694148357 2.1488009374249972 0.0 0.0 
r -0.8443614017582556 0.8635409310890912 -0.6495382801796661 0.25286783407208685 2.1462793408444387 0.0 0.0 
r -0.8459380196067066 0.8646692539068139 -0.646910002769389 0.23684811877128792 2.1424995260077484 0.0 0.0 
r -0.8479836655252468 0.8661854262269623 -0.6434534717531389 0.21377808172432206 2.1374663485406478 0.0 0.0 
r -0.8504609313288549 0.8680923861337296 -0.6392058073292739 0.18209497770725536 2.131185584270357 0.0 0.0 
r -0.8533312635474658 0.8703880276587125 -0.6342109247727078 0.13978950447078553 2.1236673380784743 0.0 0.0 
r -0.8565608560150416 0.8730617110149065 -0.6285171318272764 0.08445733487280449 2.1149223102814387 0.0 0.0 
r -0.8601240140824447 0.8760933126640317 -0.6221747091144264 0.01365780769009256 2.1049651800137905 0.0 0.0 
r -0.8640028012353976 0.8794531969087115 -0.6152361761716636 -0.07442785612038622 2.093805686587385 0.0 0.0 
r -0.8681898584679141 0.8831013568453447 -0.6077543080545381 -0.17958122613267907 2.0814530818222012 0.0 0.0 
r -0.8726850449105926 0.8869914318026724 -0.5997813830230564 -0.297920442872241 2.067912844993528 0.0 0.0 
r -0.8774917006095811 0.8910755093172265 -0.59136804199137 -0.4211486673213885 2.0531837332499965 0.0 0.0 
r -0.8826115875148548 0.8953078015890986 -0.5825644605735514 -0.5381785262706003 2.0372590040081393 0.0 0.0 
r -0.8880408624416516 0.8996496975016138 -0.5734192194345048 -0.638761264703807 2.020125519188529 0.0 0.0 
r -0.893765023362824 0.9040764238903529 -0.563977660125178 -0.7168835507163442 2.0017797010737124 0.0 0.0 
r -0.8997541254014882 0.9085810479679302 -0.5542825315991587 -0.7711181274795891 1.9822169727570156 0.0 0.0 
r -0.905960143939018 0.9131782302126139 -0.5443729246139654 -0.8034620317917502 1.9614543870007553 0.0 0.0 
r -0.9123178104082035 0.9179041688237748 -0.5342836220200198 -0.8175869065342032 1.9395385305378647 0.0 0.0 
r -0.9187456454967267 0.9228164053517749 -0.5240444685992531 -0.8176253738486485 1.9165622381899197 0.0 0.0 
r -0.9251496477810851 0.9279908939208665 -0.513679862413124 -0.8074434936915733 1.8926796552425604 0.0 0.0 
r -0.9314287096457918 0.9335160926431896 -0.5032093379553572 -0.7903334812308753 1.8681197651559405 0.0 0.0 
r -0.9374775884820328 0.9394873757915921 -0.49264987028990725 -0.768908334033539 1.8432019350949829 0.0 0.0 
r -0.9431919290567219 0.946001047187693 -0.4820164635067553 -0.7451181986234243 1.8183400448423819 0.0 0.0 
r -0.9484712349334281 0.9531479875540538 -0.471324585588963 -0.7202294725494693 1.7940412101428267 0.0 0.0 
r -0.9532207776505386 0.9610064443518566 -0.46059389102122505 -0.6950355379110562 1.7709015911007246 0.0 0.0 
r -0.9573503902885536 0.9696382446660984 -0.44985126384020857 -0.6698961116340874 1.7495867098454743 0.0 0.0 
r -0.9607727283478223 0.9790849173235886 -0.4391340103871625 -0.6449345467779704 1.7308132319959921 0.0 0.0 
r -0.9633982742017901 0.9893665703247567 -0.42849307189640806 -0.6199758471079955 1.7153140673797522 0.0 0.0 
r -0.965132717465171 1.000482167727846 -0.4179928259103886 -0.5946552737551287 1.7038094860334307 0.0 0.0 
r -0.9658778971655632 1.012400324983995 -0.40771573287823987 -0.5684107984135078 1.6969729387728787 0.0 0.0 
r -0.9655257814823056 1.0250660737022317 -0.3977595152844763 -0.5404466731615234 1.6953992330431849 0.0 0.0 
r -0.9639657886933807 1.0383961835777498 -0.3882337626158814 -0.5096493061131162 1.699564643213771 0.0 0.0 
r -0.9610876953167279 1.052279215761189 -0.3792573304092664 -0.47426211095617493 1.7097857943776527 0.0 0.0 
r -0.9567899461871685 1.0665758508947625 -0.37095302831734533 -0.4315323226152616 1.7261835148000104 0.0 0.0 
r -0.9509900442796644 1.0811209805435273 -0.3634415373311081 -0.3768515161459451 1.74863239633509 0.0 0.0 
r -0.9436396534255077 1.0957264529909438 -0.35683388403788663 -0.3019729523335754 1.7767298893257355 0.0 0.0 
r -0.9347357825929768 1.1101891675331133 -0.35122468178278654 -0.1908619042295982 1.8097647641601302 0.0 0.0 
r -0.9243330968364597 1.1243011040531643 -0.3466843007501995 -0.010638828371196507 1.84671710406396 0.0 0.0 
r -0.9125517424064447 1.1378598330872933 -0.34325366161500864 0.30214296444143746 1.886291273936473 0.0 0.0 
r -0.8995837765534492 1.15067871811656 -0.34093855238125514 0.7991053162647417 -1.214610711955761 0.0 0.0 
r -0.8856932882147129 1.1625976797162716 -0.3397044517028044 1.3169492417003654 -1.1744260083825537 0.0 0.0 
r -0.8712098875843858 1.1734897213272095 -0.3394748789181655 1.6535165631083115 -1.1363752353046972 0.0 0.0 
r -0.8565193602375347 1.1832638865926117 -0.34013020673299865 1.839815489456839 -1.1019960008815457 0.0 0.0 
r -0.842047035262227 1.191865187847129 -0.34151018781721376 1.9437787134049602 -1.0726596573344982 0.0 0.0 
r -0.8282379271039307 1.199272277989774 -0.34341851808563295 2.0017110737649384 -1.0495249920872851 0.0 0.0 
r -0.8155360530015099 1.2054912243076576 -0.3456315830446024 2.0301747643678834 -1.033523343582647 0.0 0.0 
r -0.8043641535958986 1.210549196895426 -0.3479092032271773 2.035762800376443 -1.0253562602936677 0.0 0.0 
r -0.7951037854776253 1.2144883355163718 -0.3500084547622119 2.0188814243271307 -1.0255033510959208 0.0 0.0 
r -0.7880779823285036 1.217359775825631 -0.35169965463684655 1.9740877139573862 -1.0342238445543708 0.0 0.0 
r -0.7835374667993089 1.2192193175497088 -0.352781896508983 1.887490305882899 -1.0515571512185509 0.0 0.0 
r -0.7816535370573293 1.220122049403202 -0.3530974307790156 1.7311090445245407 -1.0773046657902994 0.0 0.0 
r -0.7825100044707632 1.2201210472310249 -0.3525429883675056 1.4601895992558436 -1.1110240913936065 0.0 0.0 
r -0.7861015249331978 1.2192657363964092 -0.3510760716256144 1.0589055606902382 -1.1520142661091772 0.0 0.0 
r -0.7923351813473243 1.217601631501147 -0.34871553182901127 0.6480798213853636 -1.1993219918358018 0.0 0.0 
r -0.8010338699477442 1.2151721665893347 -0.345536495032812 0.36392784482966783 1.8898361255692686 0.0 0.0 
r -0.8119450825760506 1.2120205329919294 -0.3416600938532859 0.2018073841245474 1.8336578166589206 0.0 0.0 
r -0.8247533247704971 1.2081925109475646 -0.3372394289304777 0.11505971640156587 1.7752562531109732 0.0 0.0 
r -0.8390921086483661 1.2037412510077863 -0.3324448573663998 0.07183264804928075 1.7162176652256145 0.0 0.0 
r -0.8545607677433074 1.1987320958231782 -0.3274483099670256 0.05444627670368013 1.6581211536783986 0.0 0.0 
r -0.8707410239971463 1.193246192794926 -0.3224114623941799 0.052979204640228594 1.602479875400174 0.0 0.0 
r -0.8872164049459732 1.1873841574560258 -0.31747441954482825 0.06153500071176393 1.5506897160618591 0.0 0.0 
r -0.9035863848078205 1.181269599180193 -0.3127493573598576 0.07638944416465371 1.5039995279983394 0.0 0.0 
r -0.9194834330091063 1.1750472879152198 -0.30831734303762065 0.09507360344918686 1.4634950215250733 0.0 0.0 
r -0.9345833690988963 1.1688804218213196 -0.30422890239078 0.11590915390968975 1.4300952777195475 0.0 0.0 
r -0.9486128526866526 1.1629440443762387 -0.3005075105047933 0.13774230976550467 1.404549982782056 0.0 0.0 
r -0.9613546930194964 1.1574164017168902 -0.297153582368917 0.15981912210654142 1.387440755645304 0.0 0.0 
r -0.9726484294831786 1.152467299141243 -0.29415125214435794 0.18168754756870337 1.3791744767994536 0.0 0.0 
r -0.9823854440474648 1.1482465678045242 -0.29147645557289426 0.2031502887494177 1.379972150724507 0.0 0.0 
r -0.9905065304770763 1.1448714980429155 -0.2891032947551564 0.22424449987333767 1.3898505156922463 0.0 0.0 
r -0.9969946046294736 1.1424198613617136 -0.2870090699915562 0.2452267343225653 1.4086000917989319 0.0 0.0 
r -1.0018649685813708 1.1409246922352818 -0.2851802425264835 0.26657762943091873 1.435768663510774 0.0 0.0 
r -1.0051663413481025 1.1403647248815019 -0.2836162051147422 0.2890370146009161 1.4706321572667693 0.0 0.0 
r -1.0069660652566865 1.1406750806453454 -0.28232941264035094 0.31364641824739353 1.5122324892638939 0.0 0.0 
r -1.007348140004213 1.1417497559382432 -0.28134519190305296 0.3418367979811235 1.5593811719269193 0.0 0.0 
r -1.0064095393004666 1.1434499694330345 -0.2806994923058697 0.3755707114214056 1.6107307732220217 0.0 0.0 
r -1.004255097790896 1.1456162549106381 -0.28043555747939514 0.4175405054728473 1.6648524449316022 0.0 0.0 
r -1.0009963117100933 1.148080762871489 -0.2805983905921657 0.471452594324174 1.7203240164960978 0.0 0.0 
r -0.9967499982280812 1.1506791572811492 -0.28122939679113607 0.5423686768928728 1.7758112348513084 0.0 0.0 
r -0.9916349901072371 1.1532629067620253 -0.2823612967556151 0.6369310702939457 1.8301256364693375 0.0 0.0 
r -0.9857731424725136 1.1557069959597135 -0.2840129202227385 0.7628813736856923 -1.2593419468763667 0.0 0.0 
r -0.9792882260390265 1.157916927991722 -0.28618478994624114 0.9264676391422095 -1.210249710542134 0.0 0.0 
r -0.9723030361423561 1.1598335027881768 -0.28885638815962705 1.1260948329805074 -1.1648834504843057 0.0 0.0 
r -0.9649377763938697 1.1614330516060969 -0.2919852385448913 1.3450743704909385 -1.1238139219937566 0.0 0.0 
r -0.9573103847022173 1.1627242483895561 -0.29550697860162967 1.5546785779109467 -1.0875222727626106 0.0 0.0 
r -0.949534004046452 1.1637434761524093 -0.29933815091791716 1.7306203332293941 -1.0564279084056312 0.0 0.0 
r -0.9417163639598767 1.164547664800276 -0.3033801004243197 1.8639889322966405 -1.0309056882314827 0.0 0.0 
r -0.9339581987404201 1.1652102688014154 -0.30752153296761603 1.9575994982776355 -1.011293380796005 0.0 0.0 
r -0.9263582936076629 1.1658058472729234 -0.3116467683381733 2.0180672902454004 -0.997889154509573 0.0 0.0 
r -0.9190099999169967 1.1664067798376048 -0.31564042528305397 2.0513921930124743 -0.9909455711850923 0.0 0.0 
r -0.912006721020699 1.1670752614795357 -0.3193910409445305 2.0614232553895997 -0.9906572833769268 0.0 0.0 
r -0.905443924016692 1.167857495804991 -0.3227955614236227 2.0494491035922495 -0.9971451980462507 0.0 0.0 
r -0.8994209709658051 1.1687798825064752 -0.32576267825312166 2.0137900894519425 -1.0104291111124994 0.0 0.0 
r -0.8940413401839481 1.1698477548378836 -0.328215210374871 1.9489412363545038 -1.0304154457412418 0.0 0.0 
r -0.8894140049065965 1.1710457112110155 -0.33009040520902944 1.8437364353810983 -1.0568699337315242 0.0 0.0 
r -0.8856507246492672 1.1723397288370292 -0.33134111521909837 1.6790845453318275 -1.089399281778178 0.0 0.0 
r -0.8828610886297457 1.1736817263388009 -0.33193601372383663 1.4305384569381685 -1.1274371699269183 0.0 0.0 
r -0.8811468575934902 1.1750145698031949 -0.3318594823767314 1.0943349716923925 -1.1702393808484395 0.0 0.0 
r -0.8805957048379166 1.1762772032958568 -0.33111133498574435 0.7336101645291615 -1.2168937113769138 0.0 0.0 
r -0.8812725675839624 1.1774108597090664 -0.3297066552661921 0.4382923695347822 1.8752450024443896 0.0 0.0 
r -0.8832127747614128 1.1783637100383153 -0.3276754512557239 0.23434093005920503 1.8241465052925967 0.0 0.0 
r -0.886416562504702 1.1790954552313573 -0.32506116896268916 0.1013767339224409 1.7726076758680627 0.0 0.0 
r -0.890843615924543 1.1795812588395642 -0.32191957872687327 0.015413371995162517 1.7218277865240688 0.0 0.0 
r -0.8964136782867888 1.1798128152027565 -0.3183163644652142 -0.03995033742144555 1.6729497062248613 0.0 0.0 
r -0.9030079665031377 1.1797991196461908 -0.31432465647051266 -0.07484034552815216 1.6270202461562666 0.0 0.0 
r -0.9104731521916056 1.179565747675604 -0.3100225719636063 -0.09553379732348549 1.5849678059499732 0.0 0.0 
r -0.9186288005464024 1.1791531680572773 -0.30548986180562265 -0.10607071668901619 1.5475837584068706 0.0 0.0 
r -0.9272766478410972 1.1786130440217855 -0.30080550067931067 -0.10917987323214834 1.5155312552633002 0.0 0.0 
r -0.9362105867624033 1.1780045255223555 -0.29604512859264726 -0.10677284700775097 1.4893391663935358 0.0 0.0 
r -0.9452266775862228 1.1773891050737806 -0.2912797526808415 -0.10022856743404956 1.4694156973863384 0.0 0.0 
r -0.9541303534750075 1.1768268899607515 -0.2865749153309404 -0.0905476791372139 1.4560495173378245 0.0 0.0 
r -0.9627433819959396 1.1763718347291396 -0.2819906582836457 -0.07844129767291946 1.4494146211259362 0.0 0.0 
r -0.970907535902006 1.1760678794237767 -0.2775824397865039 -0.06436891715191856 1.4495656017517342 0.0 0.0 
r -0.9784853516358982 1.1759465326448226 -0.2734023936895613 -0.048556586841990323 1.4564326309153817 0.0 0.0 
r -0.9853598573374389 1.1760251641301152 -0.2695005007621764 -0.030986647379000753 1.4698150348941081 0.0 0.0 
r -0.9914314637555198 1.1763066311351678 -0.26592632847938813 -0.011371511480589402 1.4893729474278699 0.0 0.0 
r -0.9966164846434223 1.1767793296416507 -0.26272961116940324 0.010911661016540675 1.5146236714880215 0.0 0.0 
r -1.0008443180804114 1.1774184386328261 -0.25996088199854006 0.03692460954414084 1.5449425447124567 0.0 0.0 
r -1.004057028994464 1.178187915597715 -0.2576704886214908 0.06835561356064951 1.5795714792160718 0.0 0.0 
r -1.0062091080774667 1.1790421783675877 -0.2559080089255834 0.10782594378488236 1.6176356299750305 0.0 0.0 
r -1.0072687835876046 1.1799300631966227 -0.2547194907707061 0.15943845110827531 1.6581701941903906 0.0 0.0 
r -1.0072203910333264 1.1807980888791112 -0.2541448081518734 0.22968427119733453 1.70015163570071 0.0 0.0 
r -1.0060694250021134 1.181594447472817 -0.25421313085765906 0.32889854055416273 1.742531993980736 0.0 0.0 
r -1.0038446257575655 1.1822728470387796 -0.2549399737146949 0.47291824803021437 1.7842744637279377 0.0 0.0 
r -1.0006007527111864 1.18279665264351 -0.2563233252451774 0.6819000566134721 1.8243824605506616 0.0 0.0 
r -0.996422070155617 1.1831417684445544 -0.25833973352511586 0.9654901227165698 -1.2796675103684498 0.0 0.0 
r -0.9914194725802389 1.183299871315806 -0.2609429207351403 1.2887409322639545 -1.2455365211915541 0.0 0.0 
r -0.9857295709303245 1.183279513050773 -0.2640621890988193 1.5765798032611162 -1.2155721100800054 0.0 0.0 
r -0.9795137164267269 1.183104318213286 -0.26760243563328334 1.7845950281418712 -1.1904281236548733 0.0 0.0 
r -0.9729467912889718 1.1828151300613843 -0.271446707107802 1.916882585149654 -1.1706524625890151 0.0 0.0 
r -0.9662200566355508 1.182460487620721 -0.27545967345979055 1.992007529470014 -1.1566874402503895 0.0 0.0 
r -0.9595311497330257 1.1820953249698094 -0.2794927618185519 2.024246176533958 -1.1488584666298338 0.0 0.0 
r -0.9530774713126491 1.1817767167580202 -0.28339036339238327 2.0204841008593855 -1.1473688276156937 0.0 0.0 
r -0.9470530027001696 1.1815567200735957 -0.28699726054342445 1.9804811282423402 -1.1522856294167325 0.0 0.0 
r -0.9416405664416602 1.1814794842807177 -0.29016633299206557 1.8959367847514408 -1.1635273505364143 0.0 0.0 
r -0.9370076554454031 1.1815771950418057 -0.29276584506136294 1.7475347502401546 -1.18084826357149 0.0 0.0 
r -0.9333021076013891 1.1818674372324338 -0.2946861442297954 1.5036902187764323 -1.2038316223253718 0.0 0.0 
r -0.9306449038709101 1.1823537212224404 -0.29584558651161325 1.1453184708556348 -1.2318814284771862 0.0 0.0 
r -0.9291266456971681 1.1830255170150061 -0.29619438413457694 0.7396976513400075 -1.264234532848819 0.0 0.0 
r -0.9288033300988103 1.1838601961239903 -0.29571671224223517 0.4101673059751941 1.8416163710823765 0.0 0.0 
r -0.9296922561262554 1.1848258567335797 -0.2944312015765766 0.19126564134776086 1.8035161170481653 0.0 0.0 
r -0.9317674901742594 1.1858859005778055 -0.29238939713652645 0.05289921881626708 1.7641634647045086 0.0 0.0 
r -0.9349606125864316 1.1870017644250122 -0.28967183738507246 -0.03554933024159074 1.7246909740926415 0.0 0.0 
r -0.9391593912995597 1.1881370091000876 -0.2863837106654151 -0.09311426222272184 1.6862084593788729 0.0 0.0 
r -0.9442110108719342 1.1892606246609638 -0.2826482993856119 -0.13073659761809658 1.649758268250015 0.0 0.0 
r -0.9499273715764495 1.1903488978824779 -0.27860053939875945 -0.15487483927038687 1.6162814167591353 0.0 0.0 
r -0.9560921758387335 1.1913871019705435 -0.2743801837889823 -0.16947421469844431 1.5865947682494574 0.0 0.0 
r -0.962470812639382 1.1923691893415007 -0.27012562876732593 -0.1770714559492909 1.5613733067745041 0.0 0.0 
r -0.9688213633125271 1.1932971334039313 -0.26596814388439083 -0.17936442425125693 1.5411461490654357 0.0 0.0 
r -0.9749063006739704 1.194179018559527 -0.26202736156606965 -0.17751764627714056 1.526294919145902 0.0 0.0 
r -0.9805041265879346 1.1950256385162052 -0.2584084102373361 -0.17232207471171695 1.5170573621654313 0.0 0.0 
r -0.9854194549601996 1.1958474659834606 -0.25519988951201306 -0.16430144800791174 1.513531224803841 0.0 0.0 
r -0.9894914776099941 1.1966521448110414 -0.25247243568415245 -0.15374256767066935 1.5156771255008628 0.0 0.0 
r -0.9925998056259535 1.197441308731226 -0.25027911642743195 -0.14071861909173583 1.5233240086087294 0.0 0.0 
r -0.9946671666858528 1.1982093043960664 -0.24865597503110756 -0.1250913592239153 1.5361735410047839 0.0 0.0 
r -0.9956582632534117 1.1989442936118524 -0.2476227335365565 -0.10648310008975231 1.5538050236784855 0.0 0.0 
r -0.9955800710160092 1.199625221052146 -0.24718544795276354 -0.08422404284234081 1.5756852944649353 0.0 0.0 
r -0.9944747768539399 1.2002288482759131 -0.2473357061282198 -0.05728374266306174 1.6011779183217512 0.0 0.0 
r -0.9924149791220872 1.2007295716995319 -0.24805345710732168 -0.02413667632054356 1.629559996386795 0.0 0.0 
r -0.9894976948861088 1.201103427051657 -0.24930723505693875 0.017419457687897266 1.6600423187171887 0.0 0.0 
r -0.9858369905592557 1.2013306381941145 -0.2510558290402421 0.07053541282510328 1.6917915929111627 0.0 0.0 
r -0.9815581801302237 1.2013970080428211 -0.2532497091741651 0.13968206969353986 1.7239568293403051 0.0 0.0 
r -0.9767930690050631 1.2012951266750895 -0.255831863408893 0.23097384955149752 1.7556919539382256 0.0 0.0 
r -0.9716748859685533 1.2010244657729117 -0.2587395178830167 0.35202615663412357 1.7861839428947586 0.0 0.0 
r -0.966334645309131 1.2005913805488337 -0.26190520293483466 0.509939671661509 1.8146685799408475 0.0 0.0 
r -0.9608982918952942 1.2000084716186596 -0.2652579836013606 0.7052498937163574 -1.3011427806533808 0.0 0.0 
r -0.9554841840500881 1.1992939450864473 -0.26872469668443116 0.9227442324057213 -1.2786828623737385 0.0 0.0 
r -0.9502020038367717 1.198470568714407 -0.2722309466476778 1.1306535629031764 -1.260076079198114 0.0 0.0 
r -0.9451500586644325 1.197566138879179 -0.27570206369039657 1.297149962161616 -1.2457579435799753 0.0 0.0 
r -0.9404143707863576 1.196613325362273 -0.27906377529017734 1.4054030738640562 -1.23606584821927 0.0 0.0 
r -0.9360664737384113 1.195650566719523 -0.2822429757076718 1.4506642722269336 -1.2312329131371205 0.0 0.0 
r -0.9321626944818556 1.1947226240233084 -0.2851680977022702 1.4297962788574485 -1.2313804153559123 0.0 0.0 
r -0.9287444237106021 1.193878521890561 -0.2877711215205855 1.3346179135124847 -1.2365098501023728 0.0 0.0 
r -0.9258361975492868 1.1931717811197857 -0.2899891343518061 1.1536373732556744 -1.2464959807041882 0.0 0.0 
r -0.9234497759738824 1.1926576504020407 -0.2917649088080116 0.8906204242261002 -1.2610795795555818 0.0 0.0 
r -0.9215828253535957 1.1923887987223805 -0.29305178222296324 0.5931575765051653 1.8617306788870094 0.0 0.0 
r -0.9202230330834859 1.1924115505303141 -0.2938149480279494 0.3311362042680131 1.8392861172322137 0.0 0.0 
r -0.9193487777227624 1.1927596710771657 -0.2940365490654248 0.13624486475139236 1.813846733086889 0.0 0.0 
r -0.9189341693046446 1.1934513608024067 -0.2937154787077216 0.0008249724311042983 1.7861884623584912 0.0 0.0 
r -0.9189469867638138 1.1944848305541278 -0.29287217325213816 -0.09253845306867409 1.7571738785698006 0.0 0.0 
r -0.9193516727662391 1.1958378851418754 -0.2915470035394702 -0.1578621698073704 1.7277130063343453 0.0 0.0 
r -0.9201098548665398 1.1974692953771529 -0.2897984209090211 -0.20439611813808706 1.6987268636320123 0.0 0.0 
r -0.9211783633930202 1.1993212597189753 -0.28770148576070775 -0.23798612275846004 1.67110934002161 0.0 0.0 
r -0.9225080325578484 1.201324914697424 -0.28534338874293275 -0.26233222640271586 1.6456925596208842 0.0 0.0 
r -0.9240422443839554 1.2034060983012054 -0.28281892454571544 -0.2798147746850494 1.6232242332681026 0.0 0.0 
r -0.9257143371500189 1.2054938523622447 -0.28022451680056615 -0.29200803762254585 1.6043460630803155 0.0 0.0 
r -0.9274459256708382 1.2075258700001381 -0.27765437458036224 -0.2999801870117306 1.5895877735436303 0.0 0.0 
r -0.9291482177948363 1.2094534612967847 -0.2751956334800715 -0.3044466487021094 1.5793644088140777 0.0 0.0 
r -0.9307213967192984 1.2112450443400231 -0.2729260233112044 -0.3058944246039655 1.5739754847160254 0.0 0.0 
r -0.9320582143733781 1.2128868306671223 -0.2709116919468972 -0.3046275188065806 1.5736106229355176 0.0 0.0 
r -0.9330467307419514 1.214382480466832 -0.26920648794827856 -0.3007791709815438 1.578350250216842 0.0 0.0 
r -0.933577673739774 1.215747396458816 -0.2678530401504863 -0.2942927785599991 1.588167901357854 0.0 0.0 
r -0.9335494267123216 1.2170059781145002 -0.2668827813773395 -0.2848606735105282 1.6029279535346486 0.0 0.0 
r -0.932875991221635 1.2181858325894674 -0.26631669544747244 -0.2718049058384237 1.6223781703825233 0.0 0.0 
r -0.9314944625509837 1.2193119808146569 -0.2661662379885547 -0.2538418603377553 1.6461438236267383 0.0 0.0 
r -0.9293697021674266 1.220402750563245 -0.2664343372749881 -0.2286166635983818 1.673720148455783 0.0 0.0 
r -0.9265005881927438 1.22146485519182 -0.26711614244739024 -0.19169336069647397 1.7044668594998607 0.0 0.0 
r -0.9229194230693015 1.2224958394155632 -0.26819754466449225 -0.13419742383049577 1.737613461265289 0.0 0.0 
r -0.9186961691289256 1.2234800577246852 -0.26965616488617417 -0.036360451940026406 1.772269470794634 0.0 0.0 
r -0.9139305587073518 1.2243925033537224 -0.2714624706888923 0.15204267179203296 1.8074510725114874 0.0 0.0 
r -0.9087514399176458 1.225201942176247 -0.27357740441884015 0.5649123267600864 1.8421189851130606 0.0 0.0 
r -0.9033073498159851 1.2258706964701207 -0.2759572320210568 1.3030511022560745 -1.2663723830666003 0.0 0.0 
r -0.8977608027173903 1.226361459558372 -0.2785505418760975 1.8627599150711813 -1.2358540252049872 0.0 0.0 
r -0.892277589217396 1.2266400020240846 -0.28130108397452613 2.113895257930324 -1.208852311638339 0.0 0.0 
r -0.8870196931669599 1.2266766422921676 -0.2841496955092049 -0.9127908905610822 -1.1861794821553746 0.0 0.0 
r -0.8821392304874761 1.2264484633294859 -0.2870351386343062 -0.85859678552205 -1.1684992649260975 0.0 0.0 
r -0.8777729011024047 1.225939793936508 -0.2898962967893422 -0.838075260582561 -1.156308365358226 0.0 0.0 
r -0.8740395662420688 1.2251440704153347 -0.29267170246093266 -0.8417136962543075 -1.1499298003845835 0.0 0.0 
r -0.8710396768352566 1.2240629209585963 -0.29530064286598356 -0.8684822701779586 -1.149512352628208 0.0 0.0 
r -0.8688556255107557 1.2227057487081012 -0.2977235672392523 -0.9242111342117874 -1.1550302371338121 0.0 0.0 
r -0.8675519581811627 1.2210903609846453 -0.29988185953728236 2.1165936275230335 -1.166295693535578 0.0 0.0 
r -0.8671879910178943 1.21923780039333 -0.30171572768153354 1.935290848944988 -1.1829655093707463 0.0 0.0 
r -0.8678109179009302 1.2171751078600805 -0.3031663427052755 1.6088265701663091 -1.204559978381388 0.0 0.0 
r -0.8694630375335605 1.2149361143061932 -0.30417172523164754 1.1128051826658247 -1.2304889245936106 0.0 0.0 
r -0.8721816214694034 1.212557053565034 -0.3046714462753782 0.6424386568588887 -1.2600606930382403 0.0 0.0 
r -0.8759956700171936 1.2100798834930608 -0.3046064511276496 0.352267146281871 1.849059613203975 0.0 0.0 
r -0.8809239313588951 1.207553407411253 -0.3039201725194025 0.19529977661932918 1.8144556233521272 0.0 0.0 
r -0.8869669000923649 1.2050344528731438 -0.3025631571037619 0.11088105202074783 1.778483381682475 0.0 0.0 
r -0.8940992084787063 1.2025900268667078 -0.3004966288017526 0.06675944920440274 1.7418751664817593 0.0 0.0 
r -0.9022617264581143 1.2002970717770878 -0.2976981397401396 0.04685489831939843 1.7053181030905504 0.0 0.0 
r -0.9113539564751222 1.1982422284633014 -0.294166681795047 0.04259270874646631 1.6694481447812608 0.0 0.0 
r -0.9212275409813089 1.196520215362735 -0.2899277396637431 0.048954022812383424 1.634859344273313 0.0 0.0 
r -0.931684485327608 1.1952289475657913 -0.2850374682789084 0.06271370591865616 1.602118049699341 0.0 0.0 
r -0.9424783225547988 1.1944632064959837 -0.2795852716921418 0.08160408345599551 1.571782541130357 0.0 0.0 
r -0.9533207556482983 1.194306503071275 -0.27369356009435053 0.10391650162693805 1.5444202964282256 0.0 0.0 
r -0.9638947320912497 1.1948189959291682 -0.26751589591694414 0.12830440425173745 1.5206188324661332 0.0 0.0 
r -0.973869349067172 1.1960270766131593 -0.2612320949149294 0.15369588549154195 1.50099172722936 0.0 0.0 
r -0.9829184224844674 1.1979126460119578 -0.2550415379524311 0.17925171876555007 1.4861707247240092 0.0 0.0 
r -0.9907402508121621 1.2004057145848441 -0.2491543128191109 0.20435440399541976 1.4767779687628808 0.0 0.0 
r -0.9970752825799651 1.2033830947970992 -0.24378109609315113 0.2286129866128977 1.4733942018873933 0.0 0.0 
r -1.0017227485053444 1.2066714800040803 -0.23912334134639657 0.25187789081998063 1.476510202149253 0.0 0.0 
r -1.004547371887475 1.210060628070678 -0.23536463158560117 0.27425256656429203 1.4864757329969924 0.0 0.0 
r -1.0054887787117228 1.2133206628626634 -0.23266046559972922 0.29612598858463396 1.5034450270525923 0.0 0.0 
r -1.0045593175688028 1.216222830584309 -0.23113287814456218 0.31820945478654733 1.5273317907640362 0.0 0.0 
r -1.0018402478075914 1.218561461708509 -0.23086453252534708 0.3416043019766442 1.5577797883925188 0.0 0.0 
r -0.9974719001072947 1.2201696756676177 -0.23189784398232316 0.3679083477131822 1.5941624589698289 0.0 0.0 
r -0.9916456264563169 1.2209319279385447 -0.23423199065184513 0.399390212775165 1.6356014820647353 0.0 0.0 
r -0.9845882681340524 1.2207884890438572 -0.23782546028763885 0.43928415157236517 1.6810227410044694 0.0 0.0 
r -0.9765492071120786 1.219733452326612 -0.24259877401533061 0.49224881353724254 1.7292215296835882 0.0 0.0 
r -0.9677903702317315 1.2178083673978957 -0.24843697901412548 0.565058153659455 1.7789343877509678 0.0 0.0 
r -0.9585730685105602 1.2150930773660715 -0.2551952960517929 0.6674251697881042 -1.3126807181436024 0.0 0.0 
r -0.9491486044188966 1.2116950076635016 -0.2627049569455762 0.8121245196734941 -1.263619512546902 0.0 0.0 
r -0.9397507861792129 1.2077385326335741 -0.270779919883472 1.0113417480911209 -1.216552296183744 0.0 0.0 
r -0.9305913074536485 1.2033567628506128 -0.2792225964414094 1.2637283357817763 -1.1724354790732543 0.0 0.0 
r -0.9218543388368169 1.1986843263765463 -0.2878316176931422 1.5378718491691996 -1.1321010877199995 0.0 0.0 
r -0.913696611710798 1.1938506713871764 -0.2964083391919449 1.784537847016291 -1.0962581251569101 0.0 0.0 
r -0.9062454423692753 1.1889767262735649 -0.3047633987615992 1.9748379240987222 -1.0655003531126248 0.0 0.0 
r -0.8995995357871363 1.1841710652307105 -0.31272313380395855 2.10892343402622 -1.0403085038920823 0.0 0.0 
r -0.893829278390131 1.1795288221362112 -0.3201344917504792 -0.9428121205824114 -1.0210483310073664 0.0 0.0 
r -0.8889781928228754 1.1751285491396692 -0.3268709439898214 -0.8854817708805167 -1.0079654538316598 0.0 0.0 
r -0.8850636512594959 1.171031449783491 -0.3328364754785909 -0.852430980670658 -1.0011698096120893 0.0 0.0 
r -0.8820766243888015 1.1672821433914748 -0.3379681867389262 -0.8387335025155591 -1.0006201431518207 0.0 0.0 
r -0.8799835341714285 1.1639079664741392 -0.3422379894454061 -0.8421677847355922 -1.006104057237729 0.0 0.0 
r -0.8787277815902816 1.1609207112769926 -0.3456514733599956 -0.8629108855908836 -1.01721966266191 0.0 0.0 
r -0.8782314905027707 1.158316108936977 -0.34824772474176985 -0.903699640785832 -1.0333605106978614 0.0 0.0 
r -0.8783948620056405 1.156079823054809 -0.35009430420175464 -0.9706108929566084 -1.0537135352458622 0.0 0.0 
r -0.8791037185903423 1.1541875396388748 -0.35128148058286707 2.0671551720452754 -1.0772682524578334 0.0 0.0 
r -0.8802277495600908 1.1526094703974108 -0.3519183672650923 1.9098097080235685 -1.1028496110141603 0.0 0.0 
r -0.8816289338413583 1.1513147320236115 -0.3521224166292406 1.6805019125428011 -1.1291631902164485 0.0 0.0 
r -0.8831658437933332 1.1502713543528824 -0.35201552061338054 1.381229543723219 -1.1548666873864495 0.0 0.0 
r -0.8847001065967722 1.1494485843832503 -0.35171691379511516 1.0650396148799193 -1.178647356187509 0.0 0.0 
r -0.8861029649915448 1.148820896088859 -0.35133483348363714 0.804840652506289 -1.199284629064452 0.0 0.0 
r -0.887262522611018 1.1483680150524895 -0.3509614858325947 0.6277370051772462 -1.2157364779107696 0.0 0.0 
r -0.8880867225539981 1.1480757074190835 -0.3506703812626374 0.5231268166681191 1.9144134757875264 0.0 0.0 
