r -2.252828701734591 -3.64542110218716 0.9743739799855168 1.7406259150946002 0.7892560472968347 0.0 0.0 
r -2.2531234512221157 -3.645959680667776 0.9740620537609544 1.745503334245657 0.7886257049919582 0.0 0.0 
r -2.253486563869397 -3.646676546483194 0.9736195728691823 1.7526313832451086 0.7877246379398968 0.0 0.0 
r -2.25382713571027 -3.6474678147412014 0.9730745222182897 1.7617876817319758 0.7866017416846475 0.0 0.0 
r -2.2540373009255408 -3.6482077828213058 0.9724623652765731 1.772691350837078 0.7853159535107895 0.0 0.0 
r -2.253990851352981 -3.6487513340593924 0.9718219932068792 1.7850057861081343 0.7839331494799506 0.0 0.0 
r -2.2535591722541977 -3.6489488433730726 0.9711946385202906 1.7983600150393881 0.7825188888137012 0.0 0.0 
r -2.252611810235198 -3.6486507549949656 0.9706197741356142 1.812354541604468 0.7811393140919072 0.0 0.0 
r -2.251024898054899 -3.6477177560895395 0.9701325604135846 1.826585420208343 0.7798532055361302 0.0 0.0 
r -2.2486884827012883 -3.6460299305567436 0.9697614883403702 1.8406590427092953 0.7787172274309274 0.0 0.0 
r -2.2455106039414563 -3.6434933385999306 0.9695257164092792 1.8542052376042788 0.7777819573558589 0.0 0.0 
r -2.241425565446995 -3.640047614512528 0.9694350728339626 1.866894078636688 0.7770934395123753 0.0 0.0 
r -2.2363968255165134 -3.635669567019556 0.9694889478428714 1.8784475464820276 0.7766940442075434 0.0 0.0 
r -2.230423458341307 -3.630376360898053 0.9696785701336536 1.8886441548324444 0.7766238922407662 0.0 0.0 
r -2.223545363233344 -3.6242277935092795 0.9699885256798394 1.8973284990653987 0.7769180309479653 0.0 0.0 
r -2.2158462700055717 -3.617324661090269 0.9704000093338638 1.904405656190944 0.777608143582469 0.0 0.0 
r -2.2074548433951016 -3.609805942557831 0.9708932158490658 1.9098448741237881 0.7787186297057038 0.0 0.0 
r -2.198541832183592 -3.601841432747479 0.9714509978674146 1.913666632676133 0.7802650393821896 0.0 0.0 
r -2.1893167381159016 -3.5936260026481204 0.9720604142432884 1.9159464614492032 0.7822514446693767 0.0 0.0 
r -2.180017769742821 -3.5853684637386545 0.9727145067757165 1.9167943411594113 0.7846671372404026 0.0 0.0 
r -2.1709004211031777 -3.5772804003111838 0.9734136228833913 1.916355383756017 0.7874823819757759 0.0 0.0 
r -2.1622236191968636 -3.569566373716642 0.9741635829071791 1.914793172562735 0.7906527916748379 0.0 0.0 
r -2.15423334760084 -3.5624118817441737 0.9749748552835729 1.9122809990868959 0.7941150642437047 0.0 0.0 
r -2.1471492909530534 -3.5559752157251654 0.9758606467614979 1.9089921756807708 0.7977939689187774 0.0 0.0 
r -2.1411509703844085 -3.5503794168901215 0.9768346831725702 1.9050894403810834 0.8016016231624049 0.0 0.0 
r -2.1363682363266747 -3.545707735023713 0.9779090803249556 1.9007202087376158 0.8054453831768759 0.0 0.0 
r -2.1328788097601876 -3.5420042727804706 0.9790925984673621 1.8960146477224462 0.8092317291995631 0.0 0.0 
r -2.1307049076240983 -3.539273596048925 0.9803889197527077 1.891083793028756 0.8128724054793598 0.0 0.0 
r -2.1298186170858715 -3.5374858614614184 0.9817964307303503 1.8860176538957378 0.8162911411355205 0.0 0.0 
r -2.1301492485615428 -3.536583311613021 0.983307876408303 1.880902293633509 0.8194257399671123 0.0 0.0 
r -2.1315925921698597 -3.536487469381162 0.9849107492925467 1.8758108682165195 0.8222306546779333 0.0 0.0 
r -2.134021547987403 -3.537106505826534 0.9865886296436618 1.870829308997777 0.8246789605271903 0.0 0.0 
r -2.1372910102104274 -3.5383386529378957 0.9883216235975009 1.8660532574736124 0.8267623773678536 0.0 0.0 
r -2.141249664608372 -3.5400800498425498 0.9900880116342443 1.8615978489337845 0.8284879639462946 0.0 0.0 
r -2.1457457859183293 -3.542227957247484 0.9918656881690909 1.8576070354469743 0.8298780698411786 0.0 0.0 
r -2.1506297408286117 -3.544681754630333 0.9936330775393781 1.8542494001112257 0.8309617632199393 0.0 0.0 
r -2.1557585744453975 -3.547345280763124 0.9953704059782122 1.851718936390577 0.831774362317908 0.0 0.0 
r -2.1609960179029506 -3.5501259450895026 0.9970604883937733 1.8502330981163368 0.832350726335235 0.0 0.0 
r -2.1662137460610253 -3.5529358053568028 0.998688307960014 1.8500209849191984 0.8327244694772936 0.0 0.0 
r -2.1712910647274843 -3.5556902118459486 1.0002421463614224 1.8513264392387074 0.8329220084989997 0.0 0.0 
r -2.176115503650513 -3.558307803572034 1.0017139580705698 1.8543874696190377 0.8329594832727726 0.0 0.0 
r -2.1805822726358017 -3.56071087381171 1.0030982680398037 1.8594350489014417 0.8328429542800829 0.0 0.0 
r -2.1845950041388575 -3.5628255832189475 1.0043926124404519 1.8666827455860622 0.8325672179218706 0.0 0.0 
r -2.1880684249314912 -3.564585097879145 1.0055963689841647 1.876316351938469 0.8321167701545291 0.0 0.0 
r -2.190925358215165 -3.5659271791185234 1.0067109636132725 1.888476274482542 0.8314689868732937 0.0 0.0 
r -2.1930998205666983 -3.5667975464626562 1.0077389912110113 1.9032593977300916 0.8305948405798029 0.0 0.0 
r -2.194534350774779 -3.56714757609533 1.0086846895535917 1.920696398659371 0.8294619161312711 0.0 0.0 
r -2.195177339079499 -3.5669339864503793 1.0095520384160954 1.9407474477806115 0.8280411077646868 0.0 0.0 
r -2.1949874181221873 -3.5661214749479417 1.010346036516379 1.9632975015236787 0.8263125090901143 0.0 0.0 
r -2.1939279180106217 -3.564679531977383 1.0110714841424062 1.9881517585993493 0.8242639124649083 0.0 0.0 
r -2.191964951894941 -3.5625806074251556 1.0117335851050273 2.0150418482200623 0.8218976646773875 0.0 0.0 
r -2.1890664179414934 -3.5597995348814857 1.0123379027291672 2.0436456216500494 0.8192310622174783 0.0 0.0 
r -2.1851941670447985 -3.556308265728923 1.0128895068701347 2.0736041961566656 0.8162975761135196 0.0 0.0 
r -2.1803126577119945 -3.5520813545077057 1.013394832315506 2.104558918661664 0.81314297303185 0.0 0.0 
r -2.174373637308241 -3.547085471085454 1.0138601703942691 2.136154525036838 0.8098195751481037 0.0 0.0 
r -2.167321085480781 -3.541282973031102 1.0142925152212037 2.168089707023954 0.8063866408254855 0.0 0.0 
r -2.159086908825883 -3.534629963672048 1.0146983939682432 2.200121040940541 0.8029013751997982 0.0 0.0 
r -2.149588613722689 -3.527073867134565 1.0150854021382503 2.2320799324855702 0.7994126460067416 0.0 0.0 
r -2.1387270671367133 -3.5185541182039555 1.0154600982768733 2.2638773161823575 0.7959583941630322 0.0 0.0 
r -2.126383771151094 -3.5090007991740344 1.0158281655352177 2.2954963405065625 0.7925643425868786 0.0 0.0 
r -2.112410592994003 -3.4983278437616017 1.016194626730734 2.326985033337187 0.7892374148744461 0.0 0.0 
r -2.096633879648955 -3.48643818675583 1.0165628913234501 2.3584407094456665 0.7859684800103587 0.0 0.0 
r -2.0788468716793513 -3.473220006030208 1.0169341083437562 2.389996369924277 0.7827365878569735 0.0 0.0 
r -2.0588085023160154 -3.4585469201775476 1.0173078715579202 2.4217970393626578 0.7795135194928781 0.0 0.0 
r -2.036240529237308 -3.4422775056783834 1.0176822628353255 2.453989311695693 0.7762686528113775 0.0 0.0 
r -2.010825235327827 -3.424254735109681 1.0180545629985116 2.486699828883741 0.7729803585289624 0.0 0.0 
r -1.9822080997476463 -3.404308306230236 1.018422522948041 2.520022790574351 0.7696422024377706 0.0 0.0 
r -1.9500031921139067 -3.3822579926865877 1.018785898558792 2.5540084607046687 0.7662769312517705 0.0 0.0 
r -1.9138026032616908 -3.357918347801835 1.0191483178453264 2.588655985379322 0.7629450756594017 0.0 0.0 
r -1.8732026905452404 -3.3311124827697687 1.0195193909251812 2.6239095538551593 0.7597575847659472 0.0 0.0 
r -1.8278240600310185 -3.301678882623224 1.0199161565056611 2.6596547095813214 0.7568883016531358 0.0 0.0 
r -1.7773540924237845 -3.269489323341027 1.0203642799054298 2.6957263342433295 0.7545835420280864 0.0 0.0 
r -1.721598779749718 -3.234468439165629 1.0208983101330242 2.7319135901021436 0.753178498960875 0.0 0.0 
r -1.6605437612893055 -3.196615193207946 1.0215615129088462 2.767969846051956 0.7531123400060256 0.0 0.0 
r -1.5944147879497879 -3.1560227574974884 1.0224036010928386 2.803626711492298 0.7549451724139747 0.0 0.0 
r 1.6178618410317884 -3.1128965858715847 1.0234778367531838 2.8386050010198383 0.7593806289678882 0.0 0.0 
r 1.6922610531052917 -3.0675660500125095 1.0248369515405615 2.8726251617265293 0.7672896426710901 0.0 0.0 
r 1.7692303995792675 -3.020485278537968 1.0265286570609455 2.905427094214715 0.7797477155810405 0.0 0.0 
r 1.8473867466247365 -2.972220840858004 1.0285905594861975 2.9367740882644875 0.7980497034802926 0.0 0.0 
r 1.9252235316666226 -2.9234251608876276 1.03104510442049 2.9664577627987447 0.823755762777654 0.0 0.0 
r 2.0012520605024617 -2.874797336621398 1.0338953368423975 2.99430598047882 0.8586754590141377 0.0 0.0 
r 2.074135572773747 -2.827038577537152 1.037122645589599 3.020184327251903 0.9048079150764716 0.0 0.0 
r 2.1427915229285457 -2.7808052436007626 1.0406849847444273 3.043993765884101 0.9641558390253918 0.0 0.0 
r 2.2064410965895176 -2.736670270729298 1.044517177135361 3.0656710707466344 1.0383294735407342 0.0 0.0 
r 2.264612895501238 -2.6950936549354725 1.048532911784289 3.085186597116425 1.1278785702511271 0.0 0.0 
r 2.3171099334811247 -2.6564075723991243 1.0526293506959994 3.1025421689504844 1.231431334054668 0.0 0.0 
r 2.3639544241415322 -2.6208155943108604 1.0566914582313072 3.1177685923240124 1.3450455337791514 0.0 0.0 
r 2.4053311452246624 -2.588402568426668 1.0605998175790627 3.1309241495714715 1.4623964894317225 0.0 0.0 
r 2.4415335891559122 -2.559150213379871 1.0642353782868774 0.0005012812679531312 -1.5654233591324236 0.0 0.0 
r 2.472921364298173 -2.5329575700119418 1.067486632458844 0.009795713844679532 -1.4615680007721248 0.0 0.0 
r 2.4998874217834697 -2.509661819848155 1.0702549472970944 0.017347483214232386 -1.3716143810607246 0.0 0.0 
r 2.522832376792592 -2.489058442900271 1.0724570944470002 0.02331483074560029 -1.2968952136567262 0.0 0.0 
r 2.542148412331889 -2.4709189329503194 1.0740279112282725 0.027864131664641856 -1.2369320287975913 0.0 0.0 
r 2.5582109179221266 -2.4550036552211467 1.0749216941106463 0.03117487359348506 -1.1901519840642316 0.0 0.0 
r 2.5713631361888316 -2.4410781682945237 1.075107795026619 0.03342584173819592 -1.1546352449091084 0.0 0.0 
r 2.5819214834473145 -2.4289164196617965 1.0745724297911239 0.034804807088673645 -1.1282946133769367 0.0 0.0 
r 2.590170955904272 -2.4183080002173907 1.073314904085509 0.03548904612809335 -1.109225178303612 0.0 0.0 
r 2.5963672446852497 -2.409060264026021 1.0713458416963 0.03565082948931635 -1.0956262355932094 0.0 0.0 
r 2.600739745103524 -2.4009975682891223 1.0686844630096666 0.03545211197764085 -1.0857979154308945 0.0 0.0 
r 2.603495011944478 -2.393961772235978 1.0653580786734451 0.03504605054844046 -1.0780189568184717 0.0 0.0 
r 2.6048202587578526 -2.3878128076380603 1.0614024236265875 0.034577038088560275 -1.0704936957430862 0.0 0.0 
r 2.604890385457451 -2.3824229729706055 1.056860760393731 0.034183251949087896 -1.0612242184064253 0.0 0.0 
r 2.60387233357514 -2.377674294038368 1.0517835938939202 0.033994858460690267 -1.0479857452890435 0.0 0.0 
r 2.601931076172728 -2.37345407474142 1.0462288632687962 0.03413751689279106 -1.0282221383893941 0.0 0.0 
r 2.599233397251724 -2.369652786940258 1.0402623304556817 0.03472981523271605 -0.9990030917515326 0.0 0.0 
r 2.595952134272198 -2.366160469445213 1.0339574052356377 0.03587890443162681 -0.9570416825583464 0.0 0.0 
r 2.5922685415337416 -2.3628607134080517 1.0273911822554713 0.037682614590238736 -0.8986636917462816 0.0 0.0 
r 2.5883768873318735 -2.3596261496212825 1.0206441226799554 0.04022091756966496 -0.8200578566813184 0.0 0.0 
r 2.584479300035607 -2.3563196690663664 1.0137953238590725 0.043549055180789435 -0.7178584415473754 0.0 0.0 
r 2.580792966489016 -2.3527815290503145 1.006917692173658 0.04769095007550777 -0.5903441024910808 0.0 0.0 
r 2.577546481130619 -2.3488269490796054 1.0000717692801966 0.05263091816186823 -0.43923342019323475 0.0 0.0 
r 2.5749758385189905 -2.3442435046045684 0.993299274261825 0.05830269964133844 -0.27122641878168746 0.0 0.0 
r 2.573321977254654 -2.3387860630985897 0.986616207545052 0.06457645602159111 -0.09735543386274213 0.0 0.0 
r 2.5728216576714784 -2.332180151276008 0.9800071186146592 0.07125035113960428 -3.07103170741567 0.0 0.0 
r 2.5736961145414927 -2.3241272636274357 0.9734189531554737 0.07804241960143664 -2.917555519212042 0.0 0.0 
r 2.576138304904406 -2.314316016489657 0.9667585257452405 0.08459164973049016 -2.7820033359180725 0.0 0.0 
r 2.5802952013939198 -2.3024423786895065 0.9598924321179382 0.09047335778656909 -2.663860692998425 0.0 0.0 
r 2.586250688841381 -2.2882311792974264 0.952646953939101 0.09523426862224572 -2.5605782249789972 0.0 0.0 
r 2.5940118171733824 -2.2714637201243697 0.9448144917081187 0.09844633092013504 -2.4690477162946403 0.0 0.0 
r 2.603498044596185 -2.2520071322806325 0.936161647204793 0.09976933023929968 -2.3863290869072467 0.0 0.0 
r 2.6145368257480244 -2.2298430127478195 0.9264405694148758 0.09901636016178074 -2.310065173599858 0.0 0.0 
r 2.6268705428145034 -2.205084265482049 0.9154000633088079 0.09619936308382139 -2.2385665558054333 0.0 0.0 
r 2.6401761136449684 -2.1779825747511445 0.9028038632567957 0.09153609510704357 -2.1707954729991528 0.0 0.0 
r 2.6540852047711714 -2.1489265058495937 0.8884474301645698 0.08541703201015437 -2.1063471020055076 0.0 0.0 
r 2.6682152149930256 -2.1184184974179274 0.8721769362040326 0.07834400464105089 -2.045353498940125 0.0 0.0 
r 2.6821981428774864 -2.0870386432596426 0.8539056871666416 0.07085482106600571 -1.9883968211816654 0.0 0.0 
r 2.695705204875106 -2.055405132771354 0.8336346717915163 0.06344972560750638 -1.9362787001605573 0.0 0.0 
r 2.708462594937489 -2.02413263308033 0.8114683486082366 0.056546583601152174 -1.889870348049723 0.0 0.0 
r 2.7202608767144154 -1.9937921883115153 0.7876242853950712 0.05045631031095769 -1.849901179251871 0.0 0.0 
r 2.7309557716463457 -1.964884087012051 0.7624387606904462 0.045373976459726226 -1.816795368583781 0.0 0.0 
r 2.7404621623795506 -1.937822327849133 0.736362431530136 0.04139093426791743 -1.7906150624324273 0.0 0.0 
r 2.7487441457927724 -1.9129322935141038 0.7099486841771683 0.03850915374960463 -1.7710582562194812 0.0 0.0 
r 2.755805399084154 -1.8904547950700246 0.6838313269931117 0.03665950116578692 -1.757518466765541 0.0 0.0 
r 2.7616758421128407 -1.8705605195263355 0.6586961412724853 0.03572067041167011 -1.749203669162605 0.0 0.0 
r 2.7664020794139983 -1.8533649089024469 0.6352480847326538 0.035530320861781844 -1.745213731416873 0.0 0.0 
r 2.7700375804234834 -1.838944369197889 0.6141763013257111 0.03590186390883165 -1.7446572902218074 0.0 0.0 
r 2.7726357511612894 -1.8273506381065403 0.5961220786170562 0.03663872269680903 -1.746717461822699 0.0 0.0 
r 2.7742438439558272 -1.8186233656853688 0.5816511164047863 0.037543763073170235 -1.75069528642317 0.0 0.0 
r 2.774898525720508 -1.812798847736958 0.5712294723495204 0.03842754000942837 -1.7560219001280042 0.0 0.0 
r 2.7746230605665896 -1.8099170040151367 0.565207231503086 0.039120820113689496 -1.7622774024018626 0.0 0.0 
r 2.7734253180145467 -1.81002486066398 0.5638046640524412 0.03947968593590891 -1.7691795434705462 0.0 0.0 
r 2.771296458921052 -1.8131788841983352 0.5671041492465162 0.03939195763561844 -1.7765862029272805 0.0 0.0 
r 2.7682101595502786 -1.819444951792112 0.5750446967410403 0.0387797041140056 -1.784500159159182 0.0 0.0 
r 2.764123943469306 -1.8288969344451436 0.587423323407932 0.03759919989641854 -1.793088770025104 0.0 0.0 
r 2.758976587547976 -1.8416140084444155 0.603896489013969 0.03584146698593979 -1.8027569019461414 0.0 0.0 
r 2.7526919362367486 -1.8576770702544847 0.6239976083211659 0.03352695299492795 -1.8142692733011503 0.0 0.0 
r 2.745178804674514 -1.87716246495039 0.6471547171523994 0.030702841803979086 -1.8290704400857298 0.0 0.0 
r 2.7363330182024996 -1.9001334662281657 0.6727178061568972 0.027443835935205507 -1.8500877258016029 0.0 0.0 
r 2.726039886935657 -1.9266319880073561 0.6999961037852653 0.02383923499150958 -1.8839695597310482 0.0 0.0 
r 2.714178803934378 -1.9566644837260205 0.7282943112675891 0.020001085339522693 -1.9494638973096483 0.0 0.0 
r 2.700626746552331 -1.990186877729586 0.7569473389979168 0.01604954024103626 -2.124566535322817 0.0 0.0 
r 2.685271049444857 -2.027084714272758 0.7853561756026791 0.01211266630324163 -3.059026993349241 0.0 0.0 
r 2.668014366709811 -2.0671577279644184 0.8130096187981779 0.008311325761555159 -1.240575257403127 0.0 0.0 
r 2.648792462993025 -2.110100084176458 0.8395017382987956 0.004766235913949805 -1.474645149366042 0.0 0.0 
r 2.6275908971038953 -2.155483806904651 0.8645340578296553 0.0015871780362957172 -1.5493874745087721 0.0 0.0 
r 2.604470032846092 -2.20274948320995 0.8879161722854223 3.1404621431362094 1.5592597874987248 0.0 0.0 
r 2.5795883726773314 -2.251208184317594 0.9095558647085452 3.1382814500110454 1.5433581189005245 0.0 0.0 
r 2.553230222912574 -2.3000520728852862 0.9294452221308831 3.1366922682587286 1.5362446152994305 0.0 0.0 
r 2.5258180250688147 -2.348389300342534 0.9476421776553378 3.135726537737678 1.534394378998707 0.0 0.0 
r 2.4979276191546327 -2.3952835426311294 0.9642561636132205 3.135397551383262 1.5360743537291175 0.0 0.0 
r 2.4702816856823406 -2.4398054251041605 0.9794300039990617 3.1357011313169485 1.540348516799415 0.0 0.0 
r 2.4437279161509076 -2.4810838984460255 0.9933250274689789 3.1366197349229465 1.546691442788419 0.0 0.0 
r 2.419194834264694 -2.518351606839852 1.006105187449 3.1381282166463187 1.5548194357969587 0.0 0.0 
r 2.3976286911839555 -2.5509837967483473 1.0179264873554772 3.1401949114835372 1.5645887392476632 0.0 0.0 
r 2.3799204403250913 -2.578516129148878 1.0289231206718965 0.0011968690899455457 -1.5656237255702503 0.0 0.0 
r 2.3668499859709757 -2.600636348421801 1.0392005447782424 0.004291816111530061 -1.552582644086789 0.0 0.0 
r 2.3590115760133665 -2.6171863442894456 1.048828533557803 0.007864488758670383 -1.537761655295649 0.0 0.0 
r 2.3567707705815053 -2.6281405205394526 1.0578371705364362 0.011898030143939297 -1.5209774041472963 0.0 0.0 
r 2.360239272664116 -2.6335791972552705 1.0662137197635606 0.016380570642344276 -1.5019823547029725 0.0 0.0 
r 2.369260980896265 -2.633670105771796 1.0739035708714801 0.021302530278680492 -1.4804638643303702 0.0 0.0 
r 2.3834249682165884 -2.6286433670967044 1.0808114622178866 0.02665367029759945 -1.4560353634910632 0.0 0.0 
r 2.4020913536177733 -2.618776069102043 1.086805548570646 0.03241880568347476 -1.42822730246578 0.0 0.0 
r 2.4244374484703837 -2.6043806486519916 1.0917245460653506 0.038573228283547915 -1.396474998232185 0.0 0.0 
r 2.449520790917347 -2.585794739775072 1.0953848208740442 0.045079494460702696 -1.3601021854705633 0.0 0.0 
r 2.4763580849148648 -2.56337208844778 1.097591499325702 0.051884978683743095 -1.3183078969785573 0.0 0.0 
r 2.5039930187187265 -2.537483355781249 1.0981467974051913 0.058923898956077275 -1.2701463248169957 0.0 0.0 
r 2.5315683600144205 -2.508512701198908 1.0968638459842293 0.06612179598484458 -1.2145307785375414 0.0 0.0 
r 2.5583786566732183 -2.476851889225511 1.0935763184208975 0.07340426256138868 -1.1502409420836026 0.0 0.0 
r 2.5838953581186836 -2.442904586312116 1.088151647521465 0.08070567732055335 -1.0760023276264477 0.0 0.0 
r 2.6077667841712224 -2.407087892938608 1.0804979371150607 0.0879821375145749 -0.9906281087444629 0.0 0.0 
r 2.629808508352993 -2.3698278931521077 1.0705728889553483 0.09521921280765144 -0.8932862875542708 0.0 0.0 
r 2.64997389443916 -2.3315588703025667 1.0583882738057773 0.10243470862106277 -0.7839801454636284 0.0 0.0 
r 2.668316008476627 -2.2927280366073077 1.0440151724622913 0.1096786061756003 -0.6639852050929379 0.0 0.0 
r 2.6849563768158453 -2.253781646352449 1.0275801209631767 0.11702872870104207 -0.536272457004308 0.0 0.0 
r 2.7000522892132737 -2.215159400825864 1.009262878911266 0.12457531282343422 -0.40540380589944297 0.0 0.0 
r 2.7137711131864086 -2.1772847496619465 0.9892914130266257 0.13241210191805336 -0.2767869736887155 0.0 0.0 
r 2.7262737435706206 -2.140551543120328 0.967935649437233 0.1406281182495859 -0.15548821174034 0.0 0.0 
r 2.7377006342123877 -2.1053101830030547 0.9454939907535397 0.14929258091489658 -0.045241448211548047 0.0 0.0 
r 2.7481664165609887 -2.071859733963705 0.9222862199663624 0.1584488892757914 -3.0896076403026385 0.0 0.0 
r 2.757757893391974 -2.0404434214822715 0.8986456566987983 0.16810878122295067 -3.0058485454704478 0.0 0.0 
r 2.7665373651407696 -2.0112446985393024 0.8749112281827516 0.17824212684165602 -2.9349011509772964 0.0 0.0 
r 2.7745434628785945 -1.9843929908256508 0.8514213268792852 0.18878263691362163 -2.8755488502617785 0.0 0.0 
r 2.781796944025622 -1.9599695664393666 0.8285113861952761 0.19962422235041866 -2.826406589508186 0.0 0.0 
r 2.7883038083147755 -1.9380188397483096 0.8065133498605341 0.2106263617918021 -2.7861160903614746 0.0 0.0 
r 2.7940595348284942 -1.9185573558167353 0.785753933327153 0.2216164883015383 -2.7535019050780427 0.0 0.0 
r 2.7990523554651143 -1.901585785373657 0.7665570466150282 0.23240268184262478 -2.727560073342814 0.0 0.0 
r 2.803265353172119 -1.8870999149758751 0.7492451852005013 0.24277756089609934 -2.707501166805337 0.0 0.0 
r 2.8066785144869484 -1.8750982851814564 0.7341371781556381 0.2525252519672435 -2.6927512278692194 0.0 0.0 
r 2.8092692322652493 -1.8655903653076482 0.7215455249601321 0.26143266640748863 -2.6828946540936967 0.0 0.0 
r 2.811013585745223 -1.8586000190090637 0.7117675121045275 0.2692956477338491 -2.677700008602055 0.0 0.0 
r 2.811883575543824 -1.8541731826035042 0.7050775560838222 0.2759232079901229 -2.6771186863240457 0.0 0.0 
r 2.811850860526844 -1.85237526663231 0.7017117214677281 0.2811421654813119 -2.681270155599636 0.0 0.0 
r 2.8108816085392947 -1.8532948960589963 0.7018499302929804 0.2848023918283695 -2.6904779668585546 0.0 0.0 
r 2.808938340778295 -1.8570421501951477 0.7056013022314819 0.28677640318450404 -2.70530104771758 0.0 0.0 
r 2.805977777988801 -1.863746525430288 0.7129861415897787 0.2869661506066493 -2.726585076944227 0.0 0.0 
r 2.8019491506094427 -1.8735549083019283 0.7239245541912713 0.2853069477756149 -2.755521941159528 0.0 0.0 
r 2.7967927086167768 -1.8866266237189948 0.738228312145671 0.28176796623768063 -2.7937745528844493 0.0 0.0 
r 2.7904390156066405 -1.9031272971994584 0.7556024015829516 0.27635786010055025 -2.843562295854187 0.0 0.0 
r 2.782805624681369 -1.9232228449143116 0.7756544153347366 0.2691297835177585 -2.9077388828842854 0.0 0.0 
r 2.7737981396224196 -1.9470634656587928 0.7979071106477288 0.260179316517813 -2.989800078155664 0.0 0.0 
r 2.763308762794891 -1.9747701140299292 0.821823672615534 0.24963870370091293 -3.0935422732219298 0.0 0.0 
r 2.7512192047873922 -2.0064155329055136 0.8468400846901608 0.23766997386806588 -0.08042281021366206 0.0 0.0 
r 2.7373989647683437 -2.042000711150851 0.8723891573828281 0.2244584937292844 -0.23397527392961529 0.0 0.0 
r 2.7217113819208727 -2.081428298482 0.8979312805109232 0.2101989735059575 -0.4076131463742345 0.0 0.0 
r 2.7040168290613105 -2.124480614668512 0.9229786545990235 0.19507935528647471 -0.5900285004645152 0.0 0.0 
r 2.684181015040943 -2.1708004116533997 0.9471138013404818 0.17926683264676674 -0.7667139611111121 0.0 0.0 
r 2.662076855606393 -2.219885221213979 0.9699936339432975 0.16288513758366086 -0.9258132214031427 0.0 0.0 
r 2.63759775652394 -2.2710975143664496 0.9913586897842731 0.14599955470348372 -1.061754747317708 0.0 0.0 
r 2.6106586802953373 -2.3236948683806573 1.011022532362919 0.12860082991863767 -1.174631578769523 0.0 0.0 
r 2.5812009072413202 -2.3768793383277695 1.0288645017342766 0.11058224803303743 -1.2676766075397734 0.0 0.0 
r 2.5491977249663313 -2.429855170763171 1.0448199565598024 0.09173406428545504 -1.3450883205776563 0.0 0.0 
r 2.514649649365201 -2.4818932061812276 1.0588665880354708 0.07172558445197107 -1.410944056206193 0.0 0.0 
r 2.477577736970459 -2.5323847166064053 1.071011864443572 0.050097731298618345 -1.4687880166790426 0.0 0.0 
r 2.4380176348171103 -2.5808734822512367 1.081280989413019 0.026266772941941435 -1.5215540901054503 0.0 0.0 
r 2.396015362512568 -2.627066141898042 1.0897071745869797 3.14112285526212 1.5699801696364362 0.0 0.0 
r 2.351620938529836 -2.6708277995240315 1.09632395337551 3.1106740060364855 1.5207642550266185 0.0 0.0 
r 2.304892119582175 -2.7121581710384564 1.1011588325765975 3.0756274552938017 1.4709915193495977 0.0 0.0 
r 2.255903840721079 -2.7511621915107765 1.1042294310085459 3.0350551547046165 1.4197073761879104 0.0 0.0 
r 2.204765683668681 -2.7880187456226713 1.1055418051730201 2.988037430004418 1.3663851842783077 0.0 0.0 
r 2.1516463275846656 -2.822951229030852 1.105090684234815 2.9337373564965312 1.3109004764557495 0.0 0.0 
r 2.096796458471013 -2.8562053152494347 1.1028614263188554 2.8715083981815943 1.2534842458830133 0.0 0.0 
r 2.040563902661786 -2.888034293938743 1.0988334115950864 2.8010420540238505 1.1946501080400416 0.0 0.0 
r 1.9834104537286064 -2.918683373262726 1.0929868903443625 2.7225384032004203 1.135091833947497 0.0 0.0 
r 1.9258983508989533 -2.9483854250942914 1.0853080148595433 2.6368785405303776 1.07558418339779 0.0 0.0 
r 1.868663371060987 -2.9773585637596613 1.0757981927927738 2.5457246237789493 1.0168838124321842 0.0 0.0 
r 1.8123783981012715 -3.005800782062697 1.064482597194798 2.4514743027999293 0.9596619493252609 0.0 0.0 
r 1.7577083796076918 -3.0338845325154953 1.0514180635156143 2.357019354896564 0.9044674605267709 0.0 0.0 
r 1.7052681993468681 -3.0617488621969033 1.0367003465999063 2.265344354291261 0.851716556500049 0.0 0.0 
r 1.6555759659501494 -3.089498011684805 1.0204706638993997 2.1791093616295822 0.8017024137183514 0.0 0.0 
r 1.6090391845263932 -3.1171873352592763 1.0029158957747852 2.1003331039623525 0.7546219611131798 0.0 0.0 
r -1.575655519860054 -3.1448217903239772 0.9842682782469199 2.0302449267114824 0.7105960623869247 0.0 0.0 
r -1.6151643610681587 -3.172349193003642 0.9647989975647443 1.9693800248124154 0.6696976385308061 0.0 0.0 
r -1.6510314672522628 -3.199661082528601 0.9448087011627411 1.917727277419678 0.6319663884209161 0.0 0.0 
r -1.683297820203757 -3.2265956006937664 0.9246134358175513 1.8749125263292243 0.5974165278849775 0.0 0.0 
r -1.712079766698222 -3.252950665863553 0.9045331461742095 1.8403719368032472 0.5660460232371586 0.0 0.0 
r -1.7375384520916548 -3.278489221137412 0.8848737068652242 1.8134820619838243 0.5378348445245412 0.0 0.0 
r -1.7598645009008889 -3.3029557919524004 0.8659148159814165 1.7936594618794066 0.5127434825218135 0.0 0.0 
r -1.779262988990955 -3.3260920481697513 0.8478998072007553 1.7803634522868883 0.4907094825843569 0.0 0.0 
r -1.7959370167261597 -3.347646947903354 0.8310296561689416 1.7731979935655668 0.4716460309833813 0.0 0.0 
r -1.8100782723148516 -3.367387338047932 0.8154607067849701 1.771879002059483 0.45542773490970145 0.0 0.0 
r -1.8218511275216285 -3.3850966410877525 0.8013050639658129 1.7762452377062738 0.4419050315885494 0.0 0.0 
r -1.8313941765557988 -3.400584155536676 0.7886333391403944 1.7862509827442599 0.4308832384857556 0.0 0.0 
r -1.838807317169067 -3.4136752397479198 0.7774802894655481 1.8019274190678989 0.42215105602304226 0.0 0.0 
r -1.8441434327096533 -3.4242024969071316 0.7678490544202724 1.8233661895503968 0.415469002763506 0.0 0.0 
r -1.8474081205861943 -3.432000782966367 0.7597188986499404 1.8506861857326249 0.4105793375504436 0.0 0.0 
r -1.8485573695502175 -3.436900717837792 0.7530492751971587 1.8839578591670867 0.4072268707264601 0.0 0.0 
r -1.847495121460495 -3.43872121141124 0.7477842842401817 1.9231730011806518 0.40514828603567876 0.0 0.0 
r -1.8440770396995552 -3.4372697705487116 0.7438548384584948 1.968187331957744 0.4040875584908661 0.0 0.0 
r -1.8381154765287544 -3.4323433239331167 0.7411830505243554 2.0186679076034233 0.40380728247702735 0.0 0.0 
r -1.8293863162446784 -3.4237335520124765 0.7396832674746628 2.0740715723957948 0.404090174115201 0.0 0.0 
r -1.8176366614977117 -3.4112333649161446 0.7392637939745801 2.1336401306920623 0.40473822760495504 0.0 0.0 
r -1.8025979188088406 -3.3946489513109928 0.7398302927253942 2.196414104491785 0.40557988055298605 0.0 0.0 
r -1.7839984893680034 -3.373813569079535 0.7412860058818099 2.2613055264814754 0.4064613512740973 0.0 0.0 
r -1.7615718384252652 -3.3485948118211315 0.7435352555329292 2.327177144237054 0.4072508426472 0.0 0.0 
r -1.7350762667357174 -3.3189152572342238 0.7464853012168928 2.3929193575923566 0.4078386036309047 0.0 0.0 
r -1.7043062027439253 -3.2847631011686254 0.7500479479080621 2.457544728702918 0.4081387673656364 0.0 0.0 
r -1.6691189655724625 -3.2462172136228498 0.7541423404137442 2.520244477509634 0.40807478726148944 0.0 0.0 
r -1.6294491960844 -3.2034566179997537 0.758695579607152 2.5804093106456945 0.4075938729324287 0.0 0.0 
r -1.5853364954145028 -3.156779590237942 0.7636415484108234 2.6376342385079155 0.4066695507906894 0.0 0.0 
r 1.6046472257053266 -3.106608367133366 0.7689214125066594 2.6916923553443555 0.4052809823774901 0.0 0.0 
r 1.6569983683294993 -3.0534970229665843 0.7744792902148605 2.742505927115445 0.40344155537848064 0.0 0.0 
r 1.7128189045005102 -2.998123131602095 0.780260455199785 2.790108412772508 0.40118648602449974 0.0 0.0 
r 1.7714365695388083 -2.941268071452897 0.7862069131142357 2.8346070832138626 0.3985788670815266 0.0 0.0 
r 1.8320059464906935 -2.883783673264207 0.7922537804690397 2.876155019761876 0.39573796368410163 0.0 0.0 
r 1.8935225447775488 -2.826561036459621 0.798320828186281 2.9149298988864905 0.3928562904301524 0.0 0.0 
r 1.9548940463713291 -2.7704654417658277 0.8043179239389372 2.9511042924933566 0.39022772146794943 0.0 0.0 
r 2.0149961686203905 -2.7163000830255823 0.8101393270784794 2.9848412431144444 0.3883644390207996 0.0 0.0 
r 2.0727575422831275 -2.664758370829011 0.8156654979084302 3.016277990299763 0.3881522725743536 0.0 0.0 
r 2.127229991281751 -2.6163978721458996 0.8207668306824266 3.0455251167930992 0.39132549237985936 0.0 0.0 
r 2.177646826273338 -2.571624833151181 0.8253106174006247 3.072665919573518 0.4018035333829768 0.0 0.0 
r 2.2234640043521066 -2.530683731344253 0.8291674869357565 3.0977567685450786 0.43089546913059185 0.0 0.0 
r 2.264366375757608 -2.493668748313166 0.8322206767313006 3.1208356764245186 0.5305441250416824 0.0 0.0 
r 2.300259816676216 -2.4605345258027462 0.8343736270733798 0.00034102966454506846 -1.5065096809974066 0.0 0.0 
r 2.3312459841825603 -2.4311146096761185 0.8355570118666762 0.019493927920152282 -3.1121449547634636 0.0 0.0 
r 2.3575883252832996 -2.405142842727539 0.8357334883181344 0.03675473968197968 -2.991644285788152 0.0 0.0 
r 2.379679467104199 -2.382268305708466 0.8348963732509177 0.05220542908034356 -2.9563658948470555 0.0 0.0 
r 2.3980056371329597 -2.3620759423979196 0.8330673337081312 0.06596318147286423 -2.9406884174338863 0.0 0.0 
r 2.4131194176927897 -2.344098473614928 0.8302888389664588 0.0781811471339928 -2.9311123057303687 0.0 0.0 
r 2.425612989991219 -2.3278302154574964 0.826614500861523 0.08904382820432392 -2.9227826896761546 0.0 0.0 
r 2.436093581782696 -2.3127432199999083 0.8221004161836662 0.09875726516334137 -2.9133361300947325 0.0 0.0 
r 2.445161562140603 -2.2983017446122163 0.8167952543031932 0.1075357752094548 -2.901416920323133 0.0 0.0 
r 2.4533881755340445 -2.283981116955162 0.8107332066867521 0.11558743692579392 -2.886244825863178 0.0 0.0 
r 2.461298789319968 -2.2692819809770244 0.8039274106681021 0.12310126113540817 -2.8674592516824142 0.0 0.0 
r 2.4693547233747983 -2.2537503887214845 0.7963676332303371 0.13023745037113169 -2.8450569263225036 0.0 0.0 
r 2.4779378703584705 -2.236996440340091 0.788019196927231 0.1371198301498657 -2.819338328109981 0.0 0.0 
r 2.48733840142798 -2.2187130440101113 0.7788250274465005 0.14383588168062947 -2.7908424017792344 0.0 0.0 
r 2.4977437080360296 -2.198696092617522 0.7687105001692058 0.15043277341030517 -2.7602714431643864 0.0 0.0 
r 2.5092430257198473 -2.1768483912661396 0.757588194265413 0.1569239515154125 -2.7283991050276395 0.0 0.0 
r 2.521820329593594 -2.1531980574449148 0.7453671292401043 0.16329689825866134 -2.695985483321707 0.0 0.0 
r 2.535368007680753 -2.127893475091535 0.7319620720802942 0.16952213479489825 -2.6637122721374915 0.0 0.0 
r 2.5496986230887155 -2.101197700610994 0.7173046934671273 0.17554971825866883 -2.6321516073156643 0.0 0.0 
r 2.5645614217834165 -2.073476445548746 0.7013588748185822 0.1813287511880657 -2.6017276205877002 0.0 0.0 
r 2.5796662209039827 -2.0451698054141803 0.6841320631287506 0.18680816085167667 -2.572738881865499 0.0 0.0 
r 2.594707522734204 -2.0167631683123255 0.6656907961121801 0.19194405377919638 -2.5453740682126678 0.0 0.0 
r 2.6093797429481196 -1.9887605393599754 0.6461723528067492 0.1966987976888899 -2.519721238602758 0.0 0.0 
r 2.6233971866472023 -1.9616536162003717 0.625795344893561 0.20105028489667226 -2.4958097505535086 0.0 0.0 
r 2.6365084703736446 -1.9358964647027235 0.6048649984867537 0.20498819509354338 -2.473636002335859 0.0 0.0 
r 2.648503882109698 -1.911887545923241 0.5837696115373576 0.2085153188383806 -2.453183593280038 0.0 0.0 
r 2.6592227959887182 -1.8899579250340839 0.5629715590264026 0.21164673176228077 -2.4344382640079743 0.0 0.0 
r 2.668550219616208 -1.87036865124444 0.5429845188049535 0.21440351078115719 -2.4173962767115946 0.0 0.0 
r 2.6764140962789487 -1.8533137767883994 0.5243471875544203 0.21681616601294804 -2.4021137833543476 0.0 0.0 
r 2.682779297715314 -1.838927816041659 0.5075915645313277 0.2189100595118132 -2.3886707593385132 0.0 0.0 
r 2.6876437478161073 -1.8272910011768102 0.49320631938462195 0.22071560928685435 -2.3772009340179956 0.0 0.0 
r 2.6910298684339393 -1.8184446521601019 0.48161404903328786 0.2222521545683844 -2.3678775474915725 0.0 0.0 
r 2.6929800236415957 -1.8123995823639296 0.47314869251658753 0.22353322476272813 -2.3609034017529265 0.0 0.0 
r 2.693551586325201 -1.8091457886684985 0.4680442877138805 0.2245550478814349 -2.356504408427559 0.0 0.0 
r 2.692813130895502 -1.808660861643729 0.4664333514241005 0.2252962948114287 -2.354924101291366 0.0 0.0 
r 2.6908418647452272 -1.8109168141072507 0.46835354688904796 0.22571962385317307 -2.356425315727066 0.0 0.0 
r 2.68772229953875 -1.8158848268201258 0.4737598373120064 0.22576714670909986 -2.361287340450118 0.0 0.0 
r 2.683546314699603 -1.823534064591575 0.48253356787583157 0.225368330161441 -2.3698153623799914 0.0 0.0 
r 2.678412760706981 -1.8338340398655941 0.4945013110966026 0.22443616964668522 -2.382349985941438 0.0 0.0 
r 2.672427389354544 -1.846750099069495 0.5094447548447166 0.22287098281579137 -2.3992958038284167 0.0 0.0 
r 2.665702557907709 -1.862235953054141 0.5271074198287619 0.22057532820034095 -2.4211411070937374 0.0 0.0 
r 2.658355908680905 -1.8802259479291703 0.547201358377022 0.21744741686732985 -2.4485083294483414 0.0 0.0 
r 2.650507415967817 -1.900625669733579 0.5694101757396742 0.21340418645855647 -2.482205635719393 0.0 0.0 
r 2.642274884164854 -1.9233028707896527 0.5933908183637281 0.20837717953863297 -2.523264982481846 0.0 0.0 
r 2.6337684998911532 -1.948080518412347 0.6187761992787439 0.2023340870706508 -2.573046627498192 0.0 0.0 
r 2.625084181124132 -1.9747336017304846 0.6451790424840934 0.19527280129930627 -2.6332666614030567 0.0 0.0 
r 2.6162958044892877 -2.002991847810736 0.6721980956201019 0.18723509834801388 -2.706030301913697 0.0 0.0 
r 2.607448943467105 -2.032548236668696 0.6994278005885731 0.178303392874286 -2.7937654096767464 0.0 0.0 
r 2.598557221133986 -2.063072906878962 0.726471365504852 0.16859893758864325 -2.898903126423177 0.0 0.0 
r 2.5896015406277457 -2.0942296502777706 0.752954257457063 0.15826554498148648 -3.0232879618609974 0.0 0.0 
r 2.580528192008913 -2.125696031286574 0.7785358872744697 0.14745652323347483 -0.025509543780797644 0.0 0.0 
r 2.5712591762496175 -2.1571795005630663 0.8029269362318956 0.13631468801890767 -0.18599793870748624 0.0 0.0 
r 2.5616931924858863 -2.1884315939196846 0.8258927266753684 0.12494635108561866 -0.3570430471441487 0.0 0.0 
r 2.551720803048913 -2.2192525534558456 0.8472620067658221 0.11339838213056382 -0.5303022187593133 0.0 0.0 
r 2.5412292880308205 -2.249494836316477 0.8669245415359244 0.10164126636348324 -0.697918101485985 0.0 0.0 
r 2.530108242727703 -2.2790638488259978 0.8848283830971756 0.08955587078228339 -0.8549347532899522 0.0 0.0 
r 2.5182524699964035 -2.307909235274094 0.9009669327528063 0.07692873610165869 -0.999970352304675 0.0 0.0 
r 2.5055598735090623 -2.3360223512618954 0.9153694631248168 0.06345037247368424 -1.134299693724356 0.0 0.0 
r 2.491924403980186 -2.36342704355422 0.9280823004205538 0.04872321819881533 -1.2604036838022612 0.0 0.0 
r 2.477228857198582 -2.390174662730205 0.9391562525902615 0.032270368733480055 -1.380803029039463 0.0 0.0 
r 2.46133308838772 -2.416341468790272 0.9486333926244988 0.013546597503360168 -1.4973280813554368 0.0 0.0 
r 2.444064354268238 -2.442021168433068 0.956532490562448 3.133548798202515 1.5307932922113587 0.0 0.0 
r 2.4252100079841186 -2.467325639906546 0.9628448522387241 3.108463300052106 1.4205351830784076 0.0 0.0 
r 2.4045176666680623 -2.4923790038689018 0.9675301955806498 3.079247211932574 1.3143530737776523 0.0 0.0 
r 2.3817031264718427 -2.517311830390816 0.9705178750767102 3.0452922481609566 1.213410293257812 0.0 0.0 
r 2.356467303202589 -2.5422566063462897 0.9717143952388652 3.0060596462471176 1.1187673828775149 0.0 0.0 
r 2.3285230880851495 -2.567339177210074 0.9710117131476492 2.9611355083853947 1.0311175143988869 0.0 0.0 
r 2.2976252590224937 -2.5926774374425 0.9683006413595355 2.91029666037299 0.9506909566564522 0.0 0.0 
r 2.2636113729364435 -2.6183729501472897 0.9634830764494297 2.8535800575079695 0.8772997371053375 0.0 0.0 
r 2.2264422506816155 -2.6445067513809257 0.9564856763632084 2.791348919456494 0.8104630202164782 0.0 0.0 
r 2.186240593393755 -2.6711331808177468 0.9472713551719512 2.7243260028302783 0.7495281668662684 0.0 0.0 
r 2.1433212400962507 -2.6982731182696615 0.9358495835298037 2.653591250243776 0.69379216996122 0.0 0.0 
r 2.0981849505976173 -2.7259222060595656 0.9222827904230442 2.5805221232816464 0.6425753671586967 0.0 0.0 
r 2.0515229101103105 -2.7540304365494013 0.9066901407933171 2.506672229848735 0.5952733936791561 0.0 0.0 
r 2.0041616135174545 -2.7825108499396616 0.8892472703330203 2.4336247154636945 0.5513815069240088 0.0 0.0 
r 1.9570029506776205 -2.8112353334081104 0.8701829763194809 2.362857105277368 0.5105032001571613 0.0 0.0 
r 1.910954676456745 -2.840029784250404 0.8497720103807499 2.295617886189679 0.47234723038885185 0.0 0.0 
r 1.8668439822004372 -2.8686894174293784 0.8283275347371303 2.2328836340252023 0.4367234298568267 0.0 0.0 
r 1.8253673548887113 -2.896976952345468 0.8061909043445181 2.1753436868093594 0.40351977352561147 0.0 0.0 
r 1.7870636113481901 -2.9246182770180105 0.7837138714795201 2.123448977753669 0.3727029554685608 0.0 0.0 
r 1.752296254903583 -2.951319360125341 0.7612519528231244 2.0774647231484 0.3442922736936754 0.0 0.0 
r 1.7212603788283518 -2.9767766265976467 0.7391484198121907 2.0375285227287763 0.3183407731454235 0.0 0.0 
r 1.6940121103235875 -3.0006816513361927 0.7177246785015554 2.0036998548533362 0.294921696041212 0.0 0.0 
r 1.6704957613972 -3.02273465871109 0.6972714782652438 1.975998362921988 0.27411509063532935 0.0 0.0 
r 1.6505775581419755 -3.0426516042069816 0.678041842470481 1.9544396241971596 0.25598328526347075 0.0 0.0 
r 1.6340770224318104 -3.0601694262245185 0.6602470533410438 1.9390386870236158 0.24054951583477077 0.0 0.0 
r 1.62079252541979 -3.075050608850734 0.6440538054983792 1.9298341355073876 0.227806410633632 0.0 0.0 
r 1.610510353589278 -3.087101840697202 0.6295868482180133 1.9268619758730476 0.2176927130161328 0.0 0.0 
r 1.6030308451579274 -3.0961614788598073 0.6169281500393046 1.9301753409831754 0.21009482353489528 0.0 0.0 
r 1.5981682645172608 -3.1021148485627603 0.6061225718607947 1.9398156417455938 0.20485443434166445 0.0 0.0 
r 1.5957569339334023 -3.104895616046723 0.5971878146756865 1.9558155683861655 0.2017638182547402 0.0 0.0 
r 1.595650462256686 -3.104490811230378 0.5901134880874946 1.9781689070875803 0.20057634979336864 0.0 0.0 
r 1.597724646729633 -3.100937025838558 0.5848668526364473 2.006806135283916 0.20101678527341987 0.0 0.0 
r 1.601875583901686 -3.094321047882062 0.5814083840298273 2.0415611993925196 0.20279272453018876 0.0 0.0 
r 1.6080124383010497 -3.0847858169088274 0.5796944421001573 2.0821385394913814 0.20560869493997386 0.0 0.0 
r 1.6160617189092168 -3.0725173264924184 0.5796787687451201 2.128094601747691 0.20916975283361153 0.0 0.0 
r 1.6259641690374114 -3.057742045943107 0.581318250028505 2.1788088891653796 0.2131903482660689 0.0 0.0 
r 1.6376724625297356 -3.0407221953694044 0.5845750117211325 2.233483795496126 0.21740837687660847 0.0 0.0 
r 1.6511511706413697 -3.021746229672586 0.5894148520970589 2.291170813181084 0.22157516303040248 0.0 0.0 
r 1.6663727992548072 -3.001124290718578 0.5958060428611702 2.350809039549038 0.2254696509609921 0.0 0.0 
r 1.6833210865708013 -2.97917165864209 0.6037167134882675 2.4112953369241135 0.22889589855225226 0.0 0.0 
r 1.7019806551304568 -2.9562094885557184 0.6131074129323532 2.4715561046374446 0.23168870909848807 0.0 0.0 
r 1.7223315374884796 -2.932557664112796 0.6239284337449056 2.530619774313431 0.2337132169646481 0.0 0.0 
r 1.7443433550203267 -2.9085251145836657 0.6361124851052643 2.587668770133525 0.23488063504579437 0.0 0.0 
r 1.7679595651072817 -2.8844120825715605 0.6495684295285064 2.6420695912313024 0.23514944709479474 0.0 0.0 
r 1.793087419509791 -2.8605019013481487 0.6641735099755276 2.6933788533620646 0.2345411478011335 0.0 0.0 
r 1.8195854506059317 -2.83705639972216 0.679767648094287 2.741332096165501 0.23314928932954077 0.0 0.0 
r 1.847256880114791 -2.814306141568142 0.6961497176713045 2.785817100073016 0.23115415653394414 0.0 0.0 
r 1.8758464101310153 -2.7924390463389575 0.7130722284425131 2.826841804581637 0.22884162136836378 0.0 0.0 
r 1.9050511049080394 -2.7715829158194154 0.7302436491370111 2.8645057341893487 0.22660014174426288 0.0 0.0 
r 1.9345319528796254 -2.7517929888754815 0.7473278801268806 2.898976367257937 0.2249311402237823 0.0 0.0 
r 1.9639419121025092 -2.7330340168326908 0.7639518599458667 2.9304635870275755 0.22443417186074352 0.0 0.0 
r 1.9929540034044406 -2.715169514483615 0.7797135584194965 2.9592058254250353 0.22578208956234416 0.0 0.0 
r 2.021297512358046 -2.6979500597584645 0.7941946193286914 2.9854564802770605 0.2296556165342385 0.0 0.0 
r 2.0487875769964052 -2.6810074631360123 0.806970122543622 3.0094770545125424 0.23666159477084803 0.0 0.0 
r 2.075347843228393 -2.663858270098218 0.8176242406534597 3.031528582977847 0.24718057304528995 0.0 0.0 
r 2.101021953963696 -2.64590664527542 0.8257565857381433 3.0518675727655094 0.26112968604768755 0.0 0.0 
r 2.125970097929117 -2.6264580520257206 0.830990914663567 3.07074077152139 0.27754009563862525 0.0 0.0 
r 2.1504506417987908 -2.6047396783879866 0.8329802347197969 3.0883791638061857 0.2934704642075091 0.0 0.0 
r 2.1747850423590274 -2.5799294163572024 0.8314056608390348 3.1049950661544217 0.30047788301316697 0.0 0.0 
r 2.19931156108386 -2.551199232597212 0.8259762984638115 3.1207775391579777 0.26500404976122227 0.0 0.0 
r 2.224331417529598 -2.5177746331915456 0.8164277253127813 3.135889289951318 2.9214096598186896 0.0 0.0 
r 2.2500550539106294 -2.479011274897858 0.802519921541546 0.008873759619219098 -2.313227170962519 0.0 0.0 
r 2.276559753821536 -2.434490731887844 0.7840428022042464 0.02302673204914833 -2.4336983407394897 0.0 0.0 
r 2.3037612167488297 -2.384124357047025 0.7608228274646106 0.036844695211933405 -2.4343845545929788 0.0 0.0 
r 2.3314144242030967 -2.3282473012385005 0.7327437876169772 0.050400865312235754 -2.412132586335784 0.0 0.0 
r 2.359132152742502 -2.267673990020271 0.699770904706086 0.06375908530267718 -2.383396472596698 0.0 0.0 
r 2.38642737660156 -2.203681402530891 0.6619873439041932 0.07698424176646755 -2.3535040798330327 0.0 0.0 
r 2.412766700712849 -2.1379033061167823 0.6196383382067175 0.09014439526301402 -2.3246731018776075 0.0 0.0 
r 2.4376273024251223 -2.0721446040919407 0.5731778714154049 0.10331626879571416 -2.297925914067742 0.0 0.0 
r 2.4605461310102834 -2.0081579859355063 0.523302941011145 0.11657986964821217 -2.2737106743991418 0.0 0.0 
r 2.4811528628422135 -1.9474464389681934 0.4709621175302885 0.13001631359810428 -2.2521857646102093 0.0 0.0 
r 2.499190993962332 -1.8911400678583865 0.41733175037535253 0.14369761149813806 -2.2333402329895087 0.0 0.0 
r 2.514522749988446 -1.8399558147985156 0.3637396551701484 0.15767722551788946 -2.2170796956255847 0.0 0.0 
r 2.5271203898390304 -1.7942380901014379 0.31155971619410056 0.1719756616623431 -2.203253860099999 0.0 0.0 
r 2.537051763903217 -1.7540310743330896 0.26207984919015104 0.1865774864206045 -2.1917124178079233 0.0 0.0 
r 2.544471585156922 -1.719173035313471 0.21640038626928676 0.20141146573863108 -2.182281877584875 0.0 0.0 
r 2.5495938119238266 -1.689375237512585 0.1753490731301231 0.21635830309798715 -2.174809611907324 0.0 0.0 
r 2.552678773946919 -1.6642845927780046 0.13945397461840775 0.23124842777583443 -2.1691673469213226 0.0 0.0 
r 2.55401356055288 -1.6435319238183679 0.10896326289300462 0.2458639183471893 -2.165247749665059 0.0 0.0 
r 2.5538953517939222 -1.62675911444435 0.0838901862396477 0.25995365799258613 -2.162974463643967 0.0 0.0 
r 2.5526146483368857 -1.6136377071748627 0.0640778754537267 0.27324677900675326 -2.162306615919398 0.0 0.0 
r 2.550440913813769 -1.6038783335810582 0.04926411185871315 0.285475319929144 -2.1632504664938237 0.0 0.0 
r 2.547612347845491 -1.5972345261734104 0.03913735754103358 0.29638745636755864 -2.1658381345243862 0.0 0.0 
r 2.544328430893411 -1.593505120032348 0.03338233103842637 0.30576467525685475 -2.170155660535479 0.0 0.0 
r 2.5407468807462297 -1.5925331200514112 0.03170935405563962 0.31344020073427437 -2.1763266006458286 0.0 0.0 
r 2.536986563400647 -1.5942022162143301 0.03386963236253795 0.3192990875711508 -2.184511697353849 0.0 0.0 
r 2.5331339085059272 -1.5984286683556426 0.039655195024318905 0.32329044498079995 -2.1949259592593133 0.0 0.0 
r 2.5292529172584244 -1.6051629955849707 0.04890722509670697 0.32541776090113506 -2.2078324873912765 0.0 0.0 
r 2.5253987964566074 -1.6143721869501242 0.06149365474226103 0.3257320307206131 -2.2235548808074332 0.0 0.0 
r 2.5216281285859496 -1.626016044869794 0.07727871560602824 0.3243218435877619 -2.2424874538201816 0.0 0.0 
r 2.5180072146427754 -1.640042531429616 0.09612112750177738 0.32130743277571516 -2.265114999474827 0.0 0.0 
r 2.5146177490887744 -1.6563670114224396 0.11785181266358702 0.31682839111663874 -2.2920391096300246 0.0 0.0 
r 2.5115550186014115 -1.6748532930599358 0.14225546396949718 0.3110373995016909 -2.3240113490657373 0.0 0.0 
r 2.508923539151146 -1.6953037370975963 0.1690647518378496 0.3040948181852375 -2.3619684173389146 0.0 0.0 
r 2.5068285810605277 -1.7174505442932677 0.19795346769788016 0.2961669792351949 -2.407078069924407 0.0 0.0 
r 2.505362282755267 -1.740955988013283 0.2285355374502648 0.2874256956701547 -2.4607672449345666 0.0 0.0 
r 2.5045885490817374 -1.7654248471629055 0.26037255051564373 0.27804942134232774 -2.5247321997226813 0.0 0.0 
r 2.504535647289259 -1.7904278279816122 0.29299185046097687 0.268216613161079 -2.600836957131905 0.0 0.0 
r 2.505184157090212 -1.8155266570998245 0.32589873872844016 0.2581099353932732 -2.6909077837563475 0.0 0.0 
r 2.506464508751488 -1.8403060895937031 0.3585993027139503 0.24791078384253 -2.7962350967938403 0.0 0.0 
r 2.508262326437235 -1.8643979863869546 0.39061900113159514 0.2377940965453107 -2.916800665478886 0.0 0.0 
r 2.5104259004637375 -1.8875076809358293 0.4215300206450787 0.22792053980403043 -3.0503425605537227 0.0 0.0 
r 2.5127766988221873 -1.9094261589122754 0.4509679894863785 0.21843115140041025 -0.05022749486561716 0.0 0.0 
r 2.5151233949665626 -1.9300308122248384 0.4786425461801692 0.20944084829680548 -0.1924079552917335 0.0 0.0 
r 2.517276796872372 -1.949284205710732 0.504350783774495 0.20102927230254933 -0.32766414265769817 0.0 0.0 
r 2.519059483570012 -1.967221827311831 0.5279749894471553 0.19323649491863404 -0.4500621552579528 0.0 0.0 
r 2.5203114628776713 -1.9839384681119232 0.5494756936583712 0.1860611653330408 -0.5564726981728478 0.0 0.0 
r 2.520894082391367 -1.9995712149981832 0.5688784767023439 0.17945737335643683 -0.646415192732354 0.0 0.0 
r 2.5206888736322104 -2.0142834680157105 0.5862564658225015 0.17333562601771652 -0.7212082551493084 0.0 0.0 
r 2.5195918899279754 -2.028250175168411 0.6017089794606901 0.1675641624288099 -0.7831068972948243 0.0 0.0 
r 2.5175070154643553 -2.0416451187956843 0.6153409003178038 0.1619722202945909 -0.8347049538885838 0.0 0.0 
r 2.5143395407932676 -2.054629163625853 0.6272432682208012 0.15635371057167777 -0.8786302170184928 0.0 0.0 
r 2.5099921554428875 -2.0673412004109606 0.6374796984309423 0.15047040114109272 -0.9174302165663054 0.0 0.0 
r 2.504364191395822 -2.079891032475712 0.6460787851688513 0.144055644913689 -0.9535581855636057 0.0 0.0 
r 2.4973555716556666 -2.092354611655427 0.6530343849860158 0.13681736143991763 -0.9894072432611078 0.0 0.0 
r 2.488874564599397 -2.104771955825565 0.6583129351757223 0.12844089209544074 -1.0273482026313792 0.0 0.0 
r 2.4788494861726504 -2.1171471140929885 0.6618667115318194 0.11859283936064904 -1.0697575696690327 0.0 0.0 
r 2.4672410743729083 -2.129452794281206 0.6636520055131633 0.1069247562701131 -1.1190140450020747 0.0 0.0 
r 2.4540538187673606 -2.1416385872481953 0.6636487266599985 0.0930784594206368 -1.1774386627858484 0.0 0.0 
r 2.4393419323624705 -2.153640699096905 0.6618747223329077 0.07669234071381706 -1.247145406902649 0.0 0.0 
r 2.42321107230868 -2.1653936719305364 0.6583967857950694 0.057409618848584025 -1.329754140756407 0.0 0.0 
r 2.4058080522551033 -2.176844003823093 0.6533312428484348 0.03488919840451562 -1.4259434607838846 0.0 0.0 
r 2.3873104868655552 -2.1879603438656856 0.6468410638818876 0.008816931195941402 -1.5349127004665988 0.0 0.0 
r 2.3679087861356822 -2.198742682155019 0.6391252219015731 3.1205132185491897 1.4876264899191496 0.0 0.0 
r 2.3477893191458064 -2.209223744959087 0.6304022768807498 3.086577698783634 1.363009273339828 0.0 0.0 
r 2.3271175868088125 -2.219469269319962 0.6208939006692228 3.0484636302408363 1.2384062167846495 0.0 0.0 
r 2.3060299370242157 -2.2295748120018937 0.6108137276034714 3.006126799863045 1.1191968411213513 0.0 0.0 
r 2.2846318417189275 -2.2396543159062494 0.6003547030819116 2.959640291502497 1.0094512653358774 0.0 0.0 
r 2.2630011999969106 -2.2498303632292864 0.589683218595556 2.9092165886233197 0.911449692736319 0.0 0.0 
r 2.2411996565806547 -2.2602258626008696 0.578942371920964 2.8552248050610927 0.8258468846437872 0.0 0.0 
r 2.2192851134962126 -2.270946312456707 0.5682479605377483 2.7982075176902264 0.7521830646855029 0.0 0.0 
r 2.1973250084852385 -2.282074889162185 0.5576981960856192 2.7388855967254297 0.6893942600057142 0.0 0.0 
r 2.1754077702354873 -2.2936580103824076 0.547373953054683 2.6781504630440676 0.6361924997077067 0.0 0.0 
r 2.1536519271720236 -2.305699462750021 0.5373461856058721 2.6170389546799933 0.5912922300919314 0.0 0.0 
r 2.1322155717554 -2.3181527513404157 0.5276835432976016 2.5566900751071033 0.5535122526387685 0.0 0.0 
r 2.1113009733232495 -2.3309087971242812 0.5184529445547008 2.498290950151479 0.5218199221672303 0.0 0.0 
r 2.0911544089087917 -2.3437910307539083 0.5097233431414605 2.443017250825204 0.4953333740831026 0.0 0.0 
r 2.0720629536796107 -2.3565522306276314 0.5015682018265557 2.3919770955443425 0.47330685291351365 0.0 0.0 
r 2.0543455632341603 -2.3688748034537963 0.4940640728723623 2.3461680221026793 0.45511279857687004 0.0 0.0 
r 2.038339785253938 -2.3803798741829425 0.4872891134776086 2.306449687517674 0.4402234260423844 0.0 0.0 
r 2.024387404552813 -2.39064255643098 0.4813206764781801 2.2735346999199533 0.4281936606692491 0.0 0.0 
r 2.0128107974246507 -2.399223466536956 0.4762303794660405 2.2479941913143753 0.41864758560175275 0.0 0.0 
r 2.003899636886149 -2.4056963418818587 0.47208012149092043 2.2302703619159003 0.4112699694813339 0.0 0.0 
r 1.9978883057793153 -2.4096929148622728 0.46891779882332624 2.220691641389546 0.40579533450860944 0.0 0.0 
r 1.9949421108548 -2.4109416014255665 0.466775440081604 2.2194839664308144 0.4020038574602043 0.0 0.0 
r 1.9951453157690144 -2.409299345782775 0.4656663764850962 2.226774077072778 0.3997171313290755 0.0 0.0 
r 1.9984971236041602 -2.40476814368082 0.465585120210944 2.242579717685152 0.39879383750478486 0.0 0.0 
r 2.004910214679205 -2.3975007071175978 0.46651026923454864 2.2667875956094687 0.39912665668391817 0.0 0.0 
r 2.0142139955417537 -2.3877893590631287 0.4684082167224789 2.2991201473723293 0.4006394688812324 0.0 0.0 
r 2.0261721247130273 -2.3760268972563683 0.47123633592156416 2.339094955546398 0.40328693094552037 0.0 0.0 
r 2.0404909766913235 -2.3626753110372745 0.47494606877300716 2.3859864586493913 0.4070512677356475 0.0 0.0 
r 2.0568371468293094 -2.34822683041161 0.47948842816352766 2.438804980561044 0.41193374416724265 0.0 0.0 
r 2.0748579319773066 -2.333162434916107 0.4848158161615226 2.496306042462468 0.41794908303344336 0.0 0.0 
r 2.0941947119216855 -2.3179250264216913 0.49088215323273815 2.557040072083369 0.42511328188186814 0.0 0.0 
r 2.114500694871325 -2.3028904602011337 0.4976386370929455 2.6194474595961728 0.43342675309055606 0.0 0.0 
r 2.135453455448298 -2.2883542560049173 0.505031030024053 2.6819742283283543 0.4428349111308059 0.0 0.0 
r 2.156765500216083 -2.274521272766338 0.5129929434638926 2.7431967403922917 0.45317551469135314 0.0 0.0 
r 2.178193341228315 -2.2615003215785103 0.5214389605969145 2.8019223700026057 0.4640835614340653 0.0 0.0 
r 2.1995436641385107 -2.2492982041475926 0.5302531936880407 2.8572514550561876 0.4748295495914124 0.0 0.0 
r 2.220678163045029 -2.2378233296233176 0.5392851060025248 2.9085927393269704 0.4839996986193402 0.0 0.0 
r 2.241512763216279 -2.2268921069699936 0.5483442099021414 2.955644450286509 0.4888240866816361 0.0 0.0 
r 2.262018358866197 -2.2162364828599763 0.5571993928060067 2.998351098677227 0.4835191173189829 0.0 0.0 
r 2.282216431379781 -2.2055213098433213 0.5655850860646287 3.036848316283217 0.4543265477383564 0.0 0.0 
r 2.30216487415165 -2.194374758876677 0.5732134975339517 3.0714117823081466 0.35983162213136155 0.0 0.0 
r 2.321947141037948 -2.1824193044768285 0.5797929927985276 3.102407790674159 0.015298444784154357 0.0 0.0 
r 2.341652681428301 -2.1693135480502965 0.5850507426919886 3.1302523334702923 1.9737769834078596 0.0 0.0 
r 2.3613574332354115 -2.1547951783173627 0.5887582302721259 0.01378782079236159 -1.8142180423301233 0.0 0.0 
r 2.381104450844792 -2.138720023878646 0.5907547659642798 0.03662814236809248 -1.9716878087465561 0.0 0.0 
r 2.4008887271937107 -2.1210902454851315 0.5909663806050288 0.057582930660458546 -2.0198538463783184 0.0 0.0 
r 2.4206489396824873 -2.1020660751475035 0.5894177827684948 0.07701365930896563 -2.032341572724813 0.0 0.0 
r 2.440268981295317 -2.0819540954304054 0.5862331312776509 0.0952303623965536 -2.0302927798327706 0.0 0.0 
r 2.459586649892225 -2.0611769380287863 0.5816272423404004 0.1124847033969356 -2.0218889708724372 0.0 0.0 
r 2.4784100266280085 -2.0402266080908182 0.5758875196035012 0.12896657106144985 -2.010886381386859 0.0 0.0 
r 2.496535721129239 -2.0196127237948263 0.5693494602579632 0.1448036332974424 -1.9991743227287369 0.0 0.0 
r 2.513768766937293 -1.9998107103357017 0.5623670218056069 0.1600636538554835 -1.9877370457762575 0.0 0.0 
r 2.5299344528372685 -1.9812279435173477 0.555286805679744 0.17476221037995396 -1.9770798069691728 0.0 0.0 
r 2.5448936479255373 -1.964173248210003 0.5484198119082333 0.18886774394738562 -1.9674376897792352 0.0 0.0 
r 2.5585470638972154 -1.9488494383231545 0.5420222171450054 0.2023126469783123 -1.9588934580969994 0.0 0.0 
r 2.570835305605221 -1.9353578177364132 0.5362830156493936 0.21500482952936353 -1.9514441438243726 0.0 0.0 
r 2.581737366682883 -1.9237105358581172 0.5313200747931869 0.22683930057775678 -1.9450387176115356 0.0 0.0 
r 2.5912652031600243 -1.913847192668146 0.527180968693202 0.23771111291034333 -1.9396021624869757 0.0 0.0 
r 2.5994590857459445 -1.905654053611654 0.523852974103137 0.24752329723220673 -1.935049428300042 0.0 0.0 
r 2.606378770499672 -1.8989848987407696 0.5212768322734166 0.25619612845652207 -1.9312931767788415 0.0 0.0 
r 2.6120989795412974 -1.8936752638467076 0.5193604063881138 0.2636715165062101 -1.9282509882562089 0.0 0.0 
r 2.6167013428812695 -1.8895592557887724 0.5179959618633536 0.26991152246197725 -1.925844765109393 0.0 0.0 
r 2.62026656432477 -1.8864799716154994 0.5170707145210186 0.27489869432724173 -1.9240069262578943 0.0 0.0 
r 2.6228673905190254 -1.8843000336697917 0.5164791089579496 0.27863097963979255 -1.9226821555547127 0.0 0.0 
r 2.6245649875558827 -1.8829103376447294 0.5161358751822853 0.28111293070835947 -1.9218250670678079 0.0 0.0 
