l -2.283827669131534 0.48685529279317474 -2.1200681719502708 1.8539268358488588 -2.2748466396881204 0.0 0.0 
l -2.282746283005407 0.4870212367310035 -2.121220882226617 1.8530669819928471 -2.272766627130175 0.0 0.0 
l -2.2811479786226263 0.4872426546037705 -2.122901834347279 1.8518596851638636 -2.2697670544107624 0.0 0.0 
l -2.2790629474862687 0.48749155807337624 -2.1250567190031484 1.8504088684079427 -2.26598222498399 0.0 0.0 
l -2.276529978848272 0.4877346012997675 -2.1276180145026924 1.8488288284720085 -2.261575613747108 0.0 0.0 
l -2.2735982395949104 0.4879387272162171 -2.1305090005349867 1.8472468580227783 -2.2567347172472214 0.0 0.0 
l -2.2703259145465804 0.4880733490700641 -2.133646890918784 1.8457946640093221 -2.251653905829782 0.0 0.0 
l -2.2667803460248015 0.4881145022838792 -2.1369468177699042 1.8445881113005684 -2.2465281778696387 0.0 0.0 
l -2.263036770931988 0.48804777400479044 -2.14032589493159 1.8437214850851993 -2.241542410593526 0.0 0.0 
l -2.259178705400687 0.4878712093950547 -2.143705889925034 1.8432552148255201 -2.2368598464738945 0.0 0.0 
l -2.2552959944420037 0.4875969510169577 -2.1470168117956177 1.8432083058126407 -2.2326221213741198 0.0 0.0 
l -2.25148468872485 0.48725212858662315 -2.1501981232836425 1.8435545870203234 -2.2289425628530126 0.0 0.0 
l -2.247844589716371 0.4868782716786458 -2.153200594014584 1.844231982070075 -2.2259045454269684 0.0 0.0 
l -2.244477110387482 0.4865301699827003 -2.155987326428537 1.8451428092246231 -2.2235630087584 0.0 0.0 
l -2.241482390850757 0.48627320671528934 -2.1585338129611844 1.8461696700703683 -2.221945700981311 0.0 0.0 
l -2.2389552188240707 0.48618028352786563 -2.1608286510996164 1.8471821080846964 -2.221056179575995 0.0 0.0 
l -2.2369810226221616 0.48632638999228567 -2.1628715048773985 1.8480571717519534 -2.220880455418004 0.0 0.0 
l -2.2356305994331134 0.48678427822125825 -2.164673416238481 1.8486897340087871 -2.221385761550203 0.0 0.0 
l -2.2349536791389113 0.48761699280751575 -2.166254627568101 1.8490034983523083 -2.2225266170923157 0.0 0.0 
l -2.2349751005102587 0.4888730013078249 -2.16764276459499 1.8489629165168182 -2.224245013813503 0.0 0.0 
l -2.2356897158801607 0.4905797483495885 -2.1688704552541864 1.8485724139202013 -2.22647502311378 0.0 0.0 
l -2.2370602352865814 0.49273957779455707 -2.169972852533941 1.8478814140364772 -2.229140779507305 0.0 0.0 
l -2.2390162375283067 0.4953263608090801 -2.1709849528668204 1.8469869373653665 -2.2321557275849635 0.0 0.0 
l -2.241456874394334 0.4982852984305257 -2.1719390834619423 1.8460205421988796 -2.235426935201752 0.0 0.0 
l -2.2442556846138855 0.5015350011320853 -2.1728630398075364 1.8451389616821467 -2.2388559297178534 0.0 0.0 
l -2.2472679968703977 0.5049712711185901 -2.1737776998739466 1.8445249010029936 -2.2423365005239226 0.0 0.0 
l -2.250341135848152 0.5084752761521534 -2.174696761059064 1.8443679276708265 -2.2457608667372377 0.0 0.0 
l -2.253324505807036 0.5119201930874577 -2.175624715412421 1.8448529886533975 -2.249023837309384 0.0 0.0 
l -2.2560803351564607 0.5151815533921488 -2.176558002897785 1.8461522299723914 -2.252024483896381 0.0 0.0 
l -2.2584933016730693 0.51814599787504 -2.1774851709448426 1.8483955339872704 -2.2546755109504653 0.0 0.0 
l -2.2604773849445987 0.5207180914899839 -2.1783873168355945 1.851707423245843 -2.256907539822159 0.0 0.0 
l -2.261979083330915 0.5228258476655359 -2.1792404561439365 1.8561384935396148 -2.25867426028628 0.0 0.0 
l -2.2629791386470446 0.5244231215126719 -2.180015896928441 1.8616951148352603 -2.259953341338761 0.0 0.0 
l -2.263489544226097 0.525490237429929 -2.180683302196886 1.868324983247747 -2.260755047005849 0.0 0.0 
l -2.2635495290804046 0.5260316119013725 -2.181211645524473 1.8759197232381621 -2.261119373083253 0.0 0.0 
l -2.26321846758019 0.5260714213289626 -2.1815711825487836 1.8843153059641264 -2.2611181279072827 0.0 0.0 
l -2.2625658322956856 0.5256474581644547 -2.181736458946438 1.8932966641876459 -2.2608517980027862 0.0 0.0 
l -2.2616625923696287 0.5248038942396118 -2.1816868658825466 1.9026101695178184 -2.2604464347295816 0.0 0.0 
l -2.260568983895021 0.5235819868947835 -2.1814084694456644 1.9119795733468217 -2.260046054617564 0.0 0.0 
l -2.2593359607619297 0.5220245571644601 -2.180897655382501 1.9211325462260807 -2.25980528686362 0.0 0.0 
l -2.2579906766090585 0.5201616809177403 -2.180159625988502 1.92981798205067 -2.2598789453258896 0.0 0.0 
l -2.2565307068738134 0.5180078438391763 -2.1792108309287213 1.9378277135778097 -2.260415794801404 0.0 0.0 
l -2.254923888931957 0.5155616207089001 -2.1780786497400135 1.9450282829391818 -2.2615451754954203 0.0 0.0 
l -2.2531102561709835 0.5128071995253692 -2.1768009933588726 1.9513765181124039 -2.2633713575648096 0.0 0.0 
l -2.2509993724540642 0.5097111131166526 -2.1754249913088968 1.956939580412676 -2.265965161264104 0.0 0.0 
l -2.248481204836528 0.5062287528758767 -2.1740033833390378 1.9618948644064327 -2.2693613028352013 0.0 0.0 
l -2.2454285296484917 0.5023045923458106 -2.172592150698802 1.9665258270495787 -2.2735555761598327 0.0 0.0 
l -2.2417026122179546 0.497874066989671 -2.1712468444808306 1.9712124866804157 -2.278509164072439 0.0 0.0 
l -2.2371644597423597 0.49286902725412735 -2.1700175962082886 1.9763991856272503 -2.2841524616570976 0.0 0.0 
l -2.231679948487584 0.4872195844341469 -2.168946078477397 1.9825658069518062 -2.2903888695646932 0.0 0.0 
l -2.2251258413013484 0.4808557335585735 -2.1680613746015456 1.990204475059239 -2.2971032168375562 0.0 0.0 
l -2.2173942863155016 0.47370998470450143 -2.167378416949158 1.9997650291217495 -2.304167198018936 0.0 0.0 
l -2.208403309693564 0.465726169474574 -2.166897726961265 2.011650343956556 -2.3114443962110993 0.0 0.0 
l -2.198087420257175 0.45684927772524325 -2.1666026143891957 2.026185874227311 -2.318798431306042 0.0 0.0 
l -2.1864124438851396 0.4470423316310523 -2.166463936164206 2.0436273449488676 -2.3260937211274424 0.0 0.0 
l -2.1733633586998407 0.43627655996259823 -2.1664402317409386 2.064141749581653 -2.333199667928487 0.0 0.0 
l -2.158945837828987 0.42453573081147644 -2.1664808311635833 2.0878279750326483 -2.3399940518215754 0.0 0.0 
l -2.1431863701342064 0.4118187809057335 -2.166528486466496 2.1147410446427015 -2.346360087804133 0.0 0.0 
l -2.1261294352329165 0.39813981781524804 -2.166521837327756 2.1448955368193254 -2.3521954767290003 0.0 0.0 
l -2.1078335517643634 0.3835259023175724 -2.166396177124325 2.178286921505502 -2.357407496096134 0.0 0.0 
l -2.0883612982725426 0.3680095206869294 -2.1660831354643086 2.2148951222522637 -2.3619145144438565 0.0 0.0 
l -2.067781478416161 0.35163265141227135 -2.1655125863481204 2.254681716569256 -2.365649273273146 0.0 0.0 
l -2.0461610641921393 0.33443932039138824 -2.164609472380254 2.2975711560926753 -2.3685506685854434 0.0 0.0 
l -2.023544256968666 0.3164598024364035 -2.163291032945792 2.3434085480844034 -2.3705685524448246 0.0 0.0 
l -1.999946237840373 0.29770956475055366 -2.161467114794654 2.391941542693171 -2.3716549604637898 0.0 0.0 
l -1.9753269204246116 0.278173126377357 -2.159038404671586 2.442773390988309 -2.371759381324955 0.0 0.0 
l -1.9495753403591 0.2577997007054633 -2.1558973639486694 2.4953481491160576 -2.3708238560684167 0.0 0.0 
l -1.9224862543608223 0.23649587515865617 -2.1519304764415295 2.548963276228291 -2.3687670688903317 0.0 0.0 
l -1.8937403210206758 0.21412469494675135 -2.147023236615012 2.602802489376429 -2.3654745948738753 0.0 0.0 
l -1.8628912001444116 0.1905120548299352 -2.141066026984168 2.6560148003033874 -2.36078219396415 0.0 0.0 
l -1.8293594332775596 0.16546012186377487 -2.133962667683472 2.70778073453676 -2.3544562518180845 0.0 0.0 
l -1.7924269940594098 0.1387607497276798 -2.125638985870684 2.757390468471554 -2.3461708560350876 0.0 0.0 
l -1.7512439037175338 0.11021395462387039 -2.116051293795847 2.8042965210498974 -2.3354823407286487 0.0 0.0 
l -1.7048770712278585 0.07966474668500392 -2.105196299333774 2.8481352430624636 -2.3217895614121318 0.0 0.0 
l -1.6523552074460992 0.04701861163103459 -2.093114768236968 2.888717837464262 -2.3043040081705364 0.0 0.0 
l -1.592759861452541 0.012260904043496078 -2.079896019992857 2.9260055788159187 -2.2820025802478603 0.0 0.0 
l 1.6162154168806404 -0.024523467871688468 -2.0656774007503067 2.9600746753136105 -2.2535781890311446 0.0 0.0 
l 1.691705516724773 -0.06314700635577009 -2.0506402261329244 2.9910725732148213 -2.2174048421990373 0.0 0.0 
l 1.775007058562632 -0.10332354017343456 -2.0350001225913834 3.0191937266890267 -2.171519840162776 0.0 0.0 
l 1.8650139704948854 -0.14468166362071017 -2.0189974734592058 3.044644229289111 -2.113701664812379 0.0 0.0 
l 1.9597370497137103 -0.186784379679066 -2.0028840757233004 3.0676324818651177 -2.0416581326539225 0.0 0.0 
l 2.0564479043716726 -0.2291544543228292 -1.986909726226591 3.088349652783545 -1.9535503930903586 0.0 0.0 
l 2.1520476792359804 -0.2712972483843064 -1.971309766105949 3.106967463774769 -1.8488453964526423 0.0 0.0 
l 2.243559785940185 -0.3127201271631164 -1.9562962692977592 3.1236402574967 -1.7294025970690636 0.0 0.0 
l 2.3285850275326077 -0.3529540575290581 -1.9420484576379873 3.1385016836490673 -1.6002736756521236 0.0 0.0 
l 2.4055301874353283 -0.3915598668692721 -1.928712351869392 0.010079294964249528 1.6723927443814683 0.0 0.0 
l 2.473623560800636 -0.4281388484288259 -1.916400705411841 0.02166833957424404 1.7969970919377796 0.0 0.0 
l 2.532764017216351 -0.46233831331583225 -1.905195929029886 0.031777463602068796 1.908476995532802 0.0 0.0 
l 2.58331064066782 -0.49385813883903273 -1.8951550818753122 0.040503399817081794 2.0032877271289076 0.0 0.0 
l 2.6258840684334004 -0.5224551883873831 -1.8863148189013332 0.04794195578624397 2.0808091464674368 0.0 0.0 
l 2.6612163488957044 -0.5479503087679811 -1.878697446282802 0.05418587124886052 2.1422759707187735 0.0 0.0 
l 2.690053155683067 -0.5702356350781693 -1.8723161447598675 0.059330034888876074 2.1898039509794187 0.0 0.0 
l 2.7130988000286798 -0.5892815001933703 -1.867179238218738 0.06346824509972684 2.225657531425303 0.0 0.0 
l 2.73098893103664 -0.6051351530275833 -1.863291256266612 0.06669276002235938 2.2519226432337653 0.0 0.0 
l 2.744284703652348 -0.617923975772582 -1.8606558761582856 0.06909514614092087 2.2703827824040266 0.0 0.0 
l 2.753476982841359 -0.6278528410444295 -1.8592770264776304 0.0707627534509504 2.282464217327813 0.0 0.0 
l 2.7589979495810986 -0.6351976438135185 -1.8591580029568484 0.0717788619144443 2.289312169250211 0.0 0.0 
l 2.761234909402727 -0.6402958680342947 -1.8603006783237037 0.07222095371762306 2.291773011530308 0.0 0.0 
l 2.7605439928228086 -0.64353130476275 -1.8627033281160008 0.07215921831074998 2.2905171136700706 0.0 0.0 
l 2.7572663639595607 -0.6453196432876679 -1.8663573877730373 0.07165533642755133 2.286013592329724 0.0 0.0 
l 2.751737234491446 -0.6460850667370848 -1.8712437790947027 0.07076271909817378 2.2786263192703418 0.0 0.0 
l 2.7443002916174075 -0.6462465047740924 -1.8773280762312274 0.06952661484627881 2.268608749474321 0.0 0.0 
l 2.735310402093538 -0.6461945229950554 -1.884555955641062 0.06798534100085217 2.256208465221434 0.0 0.0 
l 2.725143854536357 -0.6462798153431095 -1.8928447649523514 0.06617046806760825 2.241646499998722 0.0 0.0 
l 2.7141946061958473 -0.6467997133694185 -1.9020802336561364 0.0641118181351884 2.2251972855301014 0.0 0.0 
l 2.7028827816382717 -0.6480043113744102 -1.9121109802966902 0.06183796287817536 2.2072000649117705 0.0 0.0 
l 2.691647518082685 -0.6500959693102014 -1.9227484330481381 0.05937924579137658 2.1881035425389976 0.0 0.0 
l 2.6809429408988676 -0.6532439438801899 -1.933772188000348 0.0567725211085383 2.168486145266847 0.0 0.0 
l 2.671231433846539 -0.6575991345486756 -1.9449377593993564 0.05406242633836618 2.1490690997769875 0.0 0.0 
l 2.662973189759794 -0.6633129705318724 -1.9559914772209892 0.051305364215363136 2.130777182140913 0.0 0.0 
l 2.656602063654434 -0.6705442833397165 -1.966690432706131 0.04857000732976288 2.1147495680536927 0.0 0.0 
l 2.6525109284969997 -0.6794724963812014 -1.9768208660681839 0.04593772807272478 2.1024077403383954 0.0 0.0 
l 2.651021557839311 -0.6902908103830665 -1.9862171453240067 0.04349839056339201 2.09551485331458 0.0 0.0 
l 2.6523651909616417 -0.703204918250373 -1.9947772258894092 0.04135012908888437 2.0963478072101385 0.0 0.0 
l 2.6566532499320252 -0.7184089067248993 -2.0024718109511683 0.03959215692947844 2.1079274491567457 0.0 0.0 
l 2.6638673187227058 -0.7360706903039238 -2.0093464290306127 0.03831905502095235 2.134392494249263 0.0 0.0 
l 2.6738500564166423 -0.7563070501951479 -2.015518909700055 0.03761377028944878 2.1815810936853657 0.0 0.0 
l 2.6863181076965668 -0.7791701188880698 -2.0211704046377386 0.037541517345723974 2.2578117494032055 0.0 0.0 
l 2.700880964134677 -0.8046300506871502 -2.0265327316931243 0.038145113764545345 2.374400065659328 0.0 0.0 
l 2.717066931180568 -0.832561191377389 -2.0318755246070808 0.039440599090130465 2.5439289050715375 0.0 0.0 
l 2.734362629927557 -0.8627420993558814 -2.037491455776757 0.04141569580824127 2.7716610661467977 0.0 0.0 
l 2.7522535062486506 -0.8948563860736078 -2.0436765193024855 0.04402973607647351 3.039049315689888 0.0 0.0 
l 2.770253071909512 -0.9285049880548826 -2.050722852005454 0.04721836896366423 0.1599426941712726 0.0 0.0 
l 2.787933287007219 -0.963222027154744 -2.058900625361594 0.05089688960767228 0.3788154820449725 0.0 0.0 
l 2.8049391013890697 -0.9984939798058693 -2.068445715869637 0.0549670504938457 0.5444173166290727 0.0 0.0 
l 2.8209962347531032 -1.0337840798698235 -2.0795454663320747 0.05932095720736597 0.6656914248279836 0.0 0.0 
l 2.835909189574464 -1.0685602184261138 -2.0923283108623023 0.06384820830054996 0.7550479515423026 0.0 0.0 
l 2.8495517671728385 -1.1023135880294013 -2.106847826896156 0.06844091395747565 0.8225445162610601 0.0 0.0 
l 2.8618534462193908 -1.1345772162320529 -2.123070697685403 0.07299451096939331 0.8752199072315971 0.0 0.0 
l 2.872788503702147 -1.164942909279974 -2.140862993842841 0.07741486226427895 0.917762075241901 0.0 0.0 
l 2.88236425051709 -1.1930680393190984 -2.159975498098475 0.0816115999274038 0.9532649484046941 0.0 0.0 
l 2.890607268236904 -1.2186737026531624 -2.1800352922895883 0.08550089011899466 0.9837637902502904 0.0 0.0 
l 2.897555658326235 -1.2415413737145924 -2.2005413585005122 0.08900559313052421 1.010575829580591 0.0 0.0 
l 2.9032536259926647 -1.2615063150993646 -2.220870852952188 0.09205211853681373 1.0345506451799502 0.0 0.0 
l 2.9077462193328136 -1.2784459825693153 -2.2402985795373076 0.09457318508912382 1.0562071294468474 0.0 0.0 
l 2.9110765400562615 -1.2922709424159948 -2.2580360163412987 0.09650359133339596 1.0758679997081009 0.0 0.0 
l 2.9132844224728456 -1.3029131750143175 -2.273280045540907 0.09778681538822438 1.093707686627948 0.0 0.0 
l 2.9144042924418656 -1.3103176461152541 -2.2852795156741488 0.09837589299473475 1.1098111582622734 0.0 0.0 
l 2.9144641853894027 -1.3144358749440173 -2.2934041713668885 0.09824287740790173 1.1241768762111366 0.0 0.0 
l 2.913484599247898 -1.31522035104762 -2.2972051935756035 0.0973756444080261 1.1367655249503388 0.0 0.0 
l 2.9114763630190335 -1.312621416898713 -2.296461981589223 0.09578349163250303 1.1474924347468947 0.0 0.0 
l 2.908436098294901 -1.3065839025317725 -2.2912056437320465 0.09349917260276339 1.1562193193049093 0.0 0.0 
l 2.9043460392511418 -1.2970458016776998 -2.281706227443022 0.09057284375863613 1.1627641011537584 0.0 0.0 
l 2.899168475306114 -1.2839356176293508 -2.2684416621953276 0.08707303387360904 1.1668553941871083 0.0 0.0 
l 2.892843347220265 -1.2671731105552901 -2.2520453558033044 0.08307974039351572 1.1681104203526451 0.0 0.0 
l 2.88528304907965 -1.246666347769717 -2.233241190594371 0.07867855835287954 1.165971762646996 0.0 0.0 
l 2.8763680405694503 -1.2223103221951617 -2.2127780156558456 0.0739541574122283 1.159597803906337 0.0 0.0 
l 2.865944294330646 -1.1939913045842083 -2.191374962804172 0.06899072039908304 1.1476528349612591 0.0 0.0 
l 2.8538204124940973 -1.161591042082665 -2.169675934543171 0.06386451139469651 1.1279342538734507 0.0 0.0 
l 2.839765073758164 -1.124997856911761 -2.148223358026731 0.05864754521310083 1.0965671107113781 0.0 0.0 
l 2.8235064906786285 -1.0841268215358077 -2.127447352647268 0.053407299299369285 1.0461661007122587 0.0 0.0 
l 2.804735175928127 -1.0389500881469793 -2.1076657821102445 0.04820877161998207 0.9611836852830871 0.0 0.0 
l 2.7831068409757327 -0.9895325199290576 -2.0890930624968185 0.04311983966955721 0.8045039105095417 0.0 0.0 
l 2.758251600874662 -0.9360797988514964 -2.0718569762226884 0.03820920613548104 0.47980293875146685 0.0 0.0 
l 2.729790183106889 -0.8789843756200911 -2.056013910609197 0.03355001304743582 2.9816394324520714 0.0 0.0 
l 2.697362091503905 -0.818866326232497 -2.0415655210781423 0.02922182915314629 2.330070949517969 0.0 0.0 
l 2.6606557033519502 -0.7565751026199089 -2.0284720480970027 0.02530297781758501 1.995577751768309 0.0 0.0 
l 2.619467481622489 -0.6931778490676406 -2.016665040953436 0.02187173748314508 1.8359147784955456 0.0 0.0 
l 2.5737648296104343 -0.6298914241228466 -2.006055809642877 0.018998734134403467 1.7509315752902004 0.0 0.0 
l 2.5237568696047807 -0.5679840557272378 -1.9965434793440937 0.016742937921413098 1.7019265478313435 0.0 0.0 
l 2.469956753324809 -0.5086598186477651 -1.9880211207996326 0.015147201378210136 1.6726995926391555 0.0 0.0 
l 2.4132275481894085 -0.4529615865497238 -1.9803806121527248 0.014229478367126371 1.655501635003527 0.0 0.0 
l 2.3547889991080346 -0.4017056226429968 -1.9735145098451412 0.013983552372746092 1.6462112735748682 0.0 0.0 
l 2.2961700355736596 -0.35546141677876214 -1.967320725770429 0.014378492377462736 1.6424370007449929 0.0 0.0 
l 2.239120817065449 -0.3145749866065309 -1.9617049659213446 0.015361408314379425 1.6426986956094454 0.0 0.0 
l 2.1854911033940416 -0.27921517698082077 -1.9565825984347105 0.016861153660398153 1.646034677135079 0.0 0.0 
l 2.1371302083067856 -0.24944449768579982 -1.95188145033756 0.01879761220850877 1.6518199230963717 0.0 0.0 
l 2.095809580990814 -0.22528359953376545 -1.9475447239184596 0.021091088993002063 1.6596736135034205 0.0 0.0 
l 2.0631908288239877 -0.2067685979682001 -1.9435324271917311 0.02367204678694713 1.6694177156607448 0.0 0.0 
l 2.0408236109165676 -0.19399535311169488 -1.9398233803496887 0.026488954583657316 1.6810603160304893 0.0 0.0 
l 2.030113720406715 -0.1871329559062211 -1.9364158387897654 0.02951413729730276 1.6948017616682145 0.0 0.0 
l 2.032290295258619 -0.18643795921636427 -1.9333289872188204 0.03274782093736934 1.711055996586815 0.0 0.0 
l 2.048256890090532 -0.19222876837318045 -1.9306032323858173 0.03621670766618797 1.7304806193329443 0.0 0.0 
l 2.0783809532530557 -0.20485425054176196 -1.9283003524409479 0.03997194127262473 1.7540310620556956 0.0 0.0 
l 2.122208785552462 -0.22464071990255985 -1.9265037150041844 0.044082458266219524 1.7830278473440706 0.0 0.0 
l 2.1782256145112093 -0.25183505193412753 -1.9253164663412186 0.04862855247434746 1.8192601451240478 0.0 0.0 
l 2.243748457108887 -0.2865241731479551 -1.9248619757537127 0.05369360590339459 1.865121035282254 0.0 0.0 
l 2.3151605968299007 -0.3285668752168159 -1.9252796777787944 0.05935687794494392 1.92376905350023 0.0 0.0 
l 2.3884269689454785 -0.3775153049217682 -1.9267250250608243 0.06568766835725308 1.9992742811299777 0.0 0.0 
l 2.4597974813876733 -0.43257388885685183 -1.9293602766614062 0.07273909200624977 2.0965732034670426 0.0 0.0 
l 2.526367614776169 -0.49260165151771773 -1.9333522360332764 0.08054539411803596 2.220835868930483 0.0 0.0 
l 2.5863195526996896 -0.5561660196915548 -1.9388658836220574 0.08912029694755451 2.3754872051710243 0.0 0.0 
l 2.638857372846884 -0.6216540549555802 -1.946054049877897 0.09845837636594831 2.558496025484027 0.0 0.0 
l 2.6839515531976796 -0.6873986494884732 -1.9550388843806301 0.10852875711547053 2.7587281097163925 0.0 0.0 
l 2.7220733020549543 -0.7518752646442491 -1.9659169265815752 0.11928666957149503 2.9574720471803557 0.0 0.0 
l 2.753937085152248 -0.8137780061502962 -1.9787297681481462 0.13066788729349485 3.136796083189604 0.0 0.0 
l 2.7803389418216407 -0.8720931031192806 -1.9934537910511085 0.14258568603043767 0.14551181496091434 0.0 0.0 
l 2.802057241695426 -0.9261121950753811 -2.0099880027882646 0.15493953686912926 0.26593230408159596 0.0 0.0 
l 2.819807328496663 -0.9754028425261231 -2.0281344942118142 0.16760581097759278 0.36032888882504865 0.0 0.0 
l 2.834216469302531 -1.0197575446863094 -2.0475943468312217 0.18043745954126703 0.43382813971437184 0.0 0.0 
l 2.845819866016983 -1.0591328224669179 -2.067962952721671 0.19326729767255874 0.49114923879191763 0.0 0.0 
l 2.8550653797637704 -1.0935962519777507 -2.088736539296535 0.20590212133763683 0.5361194278667709 0.0 0.0 
l 2.8623222053281157 -1.1232821572727676 -2.1093277896504343 0.21812848789087538 0.5716261947501245 0.0 0.0 
l 2.8678903905646926 -1.148359390905249 -2.1290938912501667 0.2297123486410126 0.5998120577269972 0.0 0.0 
l 2.872010314317141 -1.1690072659291222 -2.1473719499796537 0.24040515668055945 0.6222826759904045 0.0 0.0 
l 2.874870442900994 -1.1853989276300168 -2.1635212164445585 0.249953819049059 0.6401929560483548 0.0 0.0 
l 2.876614014417231 -1.1976887642558323 -2.1769640375794372 0.2581075385967422 0.6543832656692481 0.0 0.0 
l 2.8773443834943113 -1.2060025414468618 -2.187220923010023 0.26463974014587394 0.6654478726649947 0.0 0.0 
l 2.877127862212352 -1.210429302766213 -2.193938343336907 0.26935408037466824 0.6737890734853953 0.0 0.0 
l 2.875994796954239 -1.2110133666785359 -2.1969047979310807 0.27209939694922375 0.6796600660751669 0.0 0.0 
l 2.8739390760737438 -1.2077475626199599 -2.196057085416945 0.27277466585865795 0.6831789360662857 0.0 0.0 
l 2.870913946442012 -1.2005644177458636 -2.1914777562160728 0.2713411656934908 0.6843333811864638 0.0 0.0 
l 2.8668288408958054 -1.1893324485083667 -2.183386903437497 0.2678239592028964 0.6829695730506269 0.0 0.0 
l 2.861543990416345 -1.1738525751928215 -2.1721277236882024 0.2623107459614613 0.6787777641304394 0.0 0.0 
l 2.8548607964465087 -1.1538591607265403 -2.1581543375760877 0.25495033057816907 0.671242172575777 0.0 0.0 
l 2.846513153232814 -1.129021919339511 -2.1420047797518276 0.24593982749107324 0.6595998258964066 0.0 0.0 
l 2.8361561728114477 -1.098963656224431 -2.124280782083504 0.23551699106507895 0.6427303679825602 0.0 0.0 
l 2.823354902880196 -1.063284015536909 -2.105612554581249 0.22394330637344498 0.6190340486031123 0.0 0.0 
l 2.8075703423816947 -1.0216056721678277 -2.0866294417459423 0.2114876791961811 0.5862215413236685 0.0 0.0 
l 2.788149845971588 -0.9736429892072616 -2.0679239018888502 0.19840656513370547 0.5409959643219445 0.0 0.0 
l 2.7643180603904067 -0.919292371909932 -2.0500206064719704 0.18492856566740518 0.4785486613199191 0.0 0.0 
l 2.7351770788172294 -0.8587411216312643 -2.033351467841738 0.17123622890103363 0.39190387613907635 0.0 0.0 
l 2.699723240106797 -0.7925749360351173 -2.018239626197073 0.15745538789586316 0.271297028653327 0.0 0.0 
l 2.6569019562755183 -0.7218616885041731 -2.0048943158066974 0.14365217264046373 0.1046302429927373 0.0 0.0 
l 2.6056969772201284 -0.6481382988989819 -1.9934141492793354 0.12982287803298448 3.0241012249461017 0.0 0.0 
l 2.5452940732468345 -0.5733034672177153 -1.9837992196377425 0.11589527223229813 2.7533195493266516 0.0 0.0 
l 2.4753161094214513 -0.4994106334075973 -1.9759722518441705 0.10173095002752916 2.4682663314261606 0.0 0.0 
l 2.39609194534002 -0.42839470305712185 -1.969799776647615 0.08712808932176597 2.212746353621439 0.0 0.0 
l 2.308875515968922 -0.36182336573422086 -1.9651161980468057 0.07182798658131004 2.008253636835371 0.0 0.0 
l 2.2158858123684473 -0.3007425226707827 -1.9617479853385602 0.055516724387017054 1.8519465363368894 0.0 0.0 
l 2.1200614944523597 -0.24563697829609327 -1.9595309569562704 0.037830018432297295 1.7321330693855879 0.0 0.0 
l 2.024538043905534 -0.1964874164404247 -1.9583260220511178 0.018357341037415157 1.637662782119002 0.0 0.0 
l 1.9320481861280165 -0.15288916630324267 -1.9580347619553415 3.1382424895400245 -1.581358169703913 0.0 0.0 
l 1.8444671551301512 -0.11417201093191479 -1.958605571511508 3.113811557016173 -1.6475017854528313 0.0 0.0 
l 1.762688968428978 -0.079520592348097 -1.9600368570903521 3.0861356739978745 -1.706278943271006 0.0 0.0 
l 1.6867706176286112 -0.048065187076815154 -1.9623781010983314 3.0546613475923823 -1.7603649709460327 0.0 0.0 
l 1.6162266316907221 -0.01894749860719613 -1.9657268668383145 3.018808871976779 -1.8115895112127256 0.0 0.0 
l -1.5912530119568655 0.0086361091881777 -1.9702227058147126 2.9779765578406634 -1.8611975513884178 0.0 0.0 
l -1.653194682065894 0.03541315754188799 -1.9760384283376105 2.931553109206419 -1.9100147166732375 0.0 0.0 
l -1.7117466792784848 0.062025249945426374 -1.9833693722266041 2.878943027786055 -1.9585509283297904 0.0 0.0 
l -1.7672401122195223 0.0890245214000325 -1.9924202012661443 2.819604578411854 -2.007076952112844 0.0 0.0 
l -1.8197846229261139 0.11687509735711162 -2.0033899421327614 2.7531207082504463 -2.0556741589127414 0.0 0.0 
l -1.8693136317963095 0.1459527780584756 -2.016455461076855 2.6792944128509655 -2.1042742664287983 0.0 0.0 
l -1.915651435087061 0.17654143086018462 -2.0317548679064754 2.5982755249799507 -2.152690901874706 0.0 0.0 
l -1.958605709643866 0.20883800632667718 -2.0493705699869826 2.510699985690008 -2.200649824402354 0.0 0.0 
l -1.9979993973470416 0.24292828885272616 -2.0693127691907383 2.4177742167355953 -2.247813511730758 0.0 0.0 
l -2.0337258481870153 0.27878453757024146 -2.0915077323370745 2.3212850528741034 -2.293810769098287 0.0 0.0 
l -2.065769648898581 0.316260196757399 -2.115790953523527 2.2234938678658267 -2.338254035277628 0.0 0.0 
l -2.0941967245104984 0.3550799512073994 -2.141903685982121 2.126863417476846 -2.380768110689128 0.0 0.0 
l -2.1191513535418514 0.39485506452308033 -2.1695024307550415 2.0337581560994873 -2.421001924893988 0.0 0.0 
l -2.1408198268248944 0.4350875007801574 -2.198172834869106 1.946147094026441 -2.458644539856679 0.0 0.0 
l -2.1594584962627827 0.4752320201374532 -2.2274434368452054 1.8654639300343538 -2.493444625461227 0.0 0.0 
l -2.1753128638841353 0.5146868612543443 -2.2568189916693218 1.7925580600923121 -2.5252099942437387 0.0 0.0 
l -2.18863419360463 0.5528547948802122 -2.285805117703035 1.7277754207607972 -2.5538128314863595 0.0 0.0 
l -2.199668716201943 0.589177687762507 -2.313931610567132 1.671107694698503 -2.5791941374857608 0.0 0.0 
l -2.2086536450769985 0.6231714003839816 -2.3407764327406815 1.6223151361208625 -2.601354025699114 0.0 0.0 
l -2.2158126076317592 0.6544410448610772 -2.3659767176073445 1.5810799298447817 -2.620354686034932 0.0 0.0 
l -2.2213539665403808 0.6826964012654331 -2.3892440763211065 -1.5945161926760876 -2.636309050430436 0.0 0.0 
l -2.225467174577438 0.7077447736406878 -2.4103634322290017 -1.6215512209652982 -2.649368877853399 0.0 0.0 
l -2.228323991107625 0.7294850637729277 -2.429191384043057 -1.641785659398588 -2.6597279565783767 0.0 0.0 
l -2.2300792748482374 0.747894194307285 -2.4456483742474315 -1.655257226186271 -2.6676039920480514 0.0 0.0 
l -2.2308686520376213 0.7630066410977607 -2.4597071659564227 -1.6618767503229368 -2.673218473599093 0.0 0.0 
l -2.2308074820758796 0.7748996867608476 -2.4713848204200266 -1.6614012993496228 -2.6768105159516073 0.0 0.0 
l -2.229987675932978 0.7836710652727881 -2.4807282120642884 -1.6534488517711634 -2.678611386594651 0.0 0.0 
l -2.228477258211351 0.78942415627595 -2.487803129031798 -1.6375012488922813 -2.6788457431927024 0.0 0.0 
l -2.2263190319318538 0.7922572355418057 -2.492687275428248 -1.6129141644479603 -2.677722167834279 0.0 0.0 
l -2.2235275961189203 0.7922513098273144 -2.4954628487277786 -1.5789502394056842 -2.675431083672432 0.0 0.0 
l -2.2200894738530295 0.789467687771263 -2.4962149047931765 1.6067494393314954 -2.672142204696569 0.0 0.0 
l -2.215963406174513 0.7839470110460973 -2.495030561423664 1.661688409766457 -2.6680030073282888 0.0 0.0 
l -2.211076708170647 0.7757064892910576 -2.4920000870648584 1.727907242252132 -2.6631388118342842 0.0 0.0 
l -2.2053301537356553 0.7647470717883657 -2.4872186741268436 1.80539038322574 -2.657649921321241 0.0 0.0 
l -2.1985983289419075 0.7510608064170534 -2.4807924926180895 1.8933920141982195 -2.651614452564129 0.0 0.0 
l -2.190726653370471 0.7346320743238537 -2.4728417622200554 1.9902328824117834 -2.645089252067942 0.0 0.0 
l -2.181532843075275 0.7154381731698055 -2.463498064487943 2.0932712170252614 -2.6381087296267607 0.0 0.0 
l -2.1708138065569287 0.6934646336867655 -2.4529096606038516 2.199126794048676 -2.630682236613351 0.0 0.0 
l -2.158348046836276 0.6687040523221858 -2.441234449915962 2.3041838596561273 -2.622794480463795 0.0 0.0 
l -2.1439047896646035 0.6411674298796892 -2.4286373511784456 2.4051749998450576 -2.6144101591591338 0.0 0.0 
l -2.127247577088538 0.6108857382336177 -2.415283084468593 2.499641324907427 -2.605463005742969 0.0 0.0 
l -2.1081546994213927 0.5779290776545127 -2.4013285089112144 2.586102747405115 -2.5958608482694476 0.0 0.0 
l -2.086431561491989 0.5424163701856731 -2.3869145610872198 2.6639639312318817 -2.585485243708167 0.0 0.0 
l -2.061935140647504 0.5045377557069702 -2.372160368729426 2.7332981359399273 -2.5741879607093505 0.0 0.0 
l -2.0345911327998527 0.46456627052293203 -2.3571580507287804 2.7945911090356472 -2.561796814271435 0.0 0.0 
l -2.004424020496951 0.42287873209834403 -2.3419692143317663 2.848530967638954 -2.548118278381025 0.0 0.0 
l -1.9715738914298726 0.3799607042735449 -2.326627609612657 2.895864004177507 -2.532937314241918 0.0 0.0 
l -1.936311061438379 0.3364031584681143 -2.311144901693141 2.9373055392160516 -2.5160418607892083 0.0 0.0 
l -1.8990465322324013 0.29288796939501427 -2.295517811904369 2.973503780261188 -2.4972165429699746 0.0 0.0 
l -1.8603225189759027 0.25015226845521277 -2.279739795359941 3.005018300641787 -2.476291613265211 0.0 0.0 
l -1.8207851198533722 0.208937185604991 -2.263813889549089 3.0323322873042198 -2.4531448849027297 0.0 0.0 
l -1.7811603880774862 0.16994493872310343 -2.247765521775565 3.055859413611412 -2.427797915039368 0.0 0.0 
l -1.7421956745919789 0.1337751166501422 -2.2316497364709065 3.07596248492317 -2.400478012158249 0.0 0.0 
l -1.7046036390508919 0.10088114264773129 -2.2155610274630524 3.09296945632922 -2.371946738240834 0.0 0.0 
l -1.6690017864414664 0.07153722945764533 -2.1996381833854026 3.1071913367329014 -2.3438282206037133 0.0 0.0 
l -1.6358594632920522 0.04582330504759617 -2.184060325853595 3.1189336997271453 -2.320176485366406 0.0 0.0 
l -1.6054402377166834 0.023617159747542377 -2.1690428302037756 3.1285051868592375 -2.3141108724584307 0.0 0.0 
l -1.5777771191323686 0.004613968018914012 -2.154827909392952 3.136224962660119 -2.4154038763586887 0.0 0.0 
l 1.5889791587248723 -0.011677886695590368 -2.141673196988363 0.0008285946013538239 1.376574173406603 0.0 0.0 
l 1.6121342628672883 -0.025870579520720253 -2.129837397439407 0.005835185194490328 1.1451554428927269 0.0 0.0 
l 1.6340224029661385 -0.03868978224306172 -2.119568491796553 0.00998846778714749 1.1338377328680325 0.0 0.0 
l 1.6556619555320946 -0.050982930597942545 -2.111087681580347 0.013611132711821005 1.1441228183470395 0.0 0.0 
l 1.678215557497701 -0.06364589626782252 -2.104584926273731 0.017007102862590474 1.157032641618743 0.0 0.0 
l 1.7029496594508222 -0.07762412231837942 -2.1002113772296536 0.020450388955377857 1.1676385820391137 0.0 0.0 
l 1.7311082181083062 -0.09387623481711595 -2.0980780426295116 0.02417932533284789 1.1744265392081799 0.0 0.0 
l 1.7638069352407346 -0.11335941401935844 -2.0982548453658807 0.028386696561452155 1.1773248700453829 0.0 0.0 
l 1.801911957788326 -0.1370083041738648 -2.100776715273625 0.03322139371636502 1.1768395705533823 0.0 0.0 
l 1.8459226380659437 -0.16570765845140556 -2.1056497628494553 0.0387868131994021 1.1737648473169409 0.0 0.0 
l 1.8958813061025621 -0.2002585477346798 -2.112858677772527 0.04514542591443069 1.1689164778419077 0.0 0.0 
l 1.9513307859277877 -0.24133417083156408 -2.122373960182925 0.05232374890810743 1.1630207144991869 0.0 0.0 
l 2.0113216153747002 -0.2894122850819181 -2.134161696977793 0.060318498619838554 1.1566338310183515 0.0 0.0 
l 2.0744924786827066 -0.3446832573933555 -2.148181746786988 0.06910091436509501 1.1501784682700427 0.0 0.0 
l 2.139219291862493 -0.4069578504917996 -2.1644015303627637 0.07862735116329594 1.1438983940928407 0.0 0.0 
l 2.2038060404440154 -0.4755742268743475 -2.182787299586515 0.08884296348024678 1.1379165171835082 0.0 0.0 
l 2.2666600403768054 -0.5493408041995111 -2.203301979860374 0.09968743489693062 1.1322579340122494 0.0 0.0 
l 2.326451275876489 -0.6265777658880468 -2.2258950972768097 0.11109711360155958 1.1268829156917386 0.0 0.0 
l 2.382168463095621 -0.70521864737173 -2.250479979459638 0.1230053123228712 1.1217128472968456 0.0 0.0 
l 2.433153185735007 -0.7830491377284878 -2.2769153745135964 0.13533852644910233 1.116653293919878 0.0 0.0 
l 2.479055552170717 -0.8579518971012927 -2.3049775554505847 0.14801659707964507 1.1115924437282894 0.0 0.0 
l 2.5197788761715048 -0.9281360014821963 -2.334335202077488 0.16094293162742657 1.1064257790023466 0.0 0.0 
l 2.555413824588501 -0.992268347186586 -2.364522373494079 0.17399960207074158 1.1010536270507585 0.0 0.0 
l 2.586175087697129 -1.049503314795469 -2.394927753932955 0.18704196600356948 1.095386072968738 0.0 0.0 
l 2.612352134966079 -1.0994262115471463 -2.424794276344076 0.1998914227026168 1.0893483526820722 0.0 0.0 
l 2.634276101644125 -1.1419653622687083 -2.4532522653757107 0.21233423906117288 1.0828735640138971 0.0 0.0 
l 2.6522894567697524 -1.1772777601182416 -2.4793659360760243 0.22412378748955622 1.0759104107560225 0.0 0.0 
l 2.666732593919889 -1.2056565992230384 -2.5021988591237267 0.234989601325133 1.0684162798530317 0.0 0.0 
l 2.67792611489225 -1.227455399495602 -2.5208923253881124 0.24464505461122282 1.0603609241175507 0.0 0.0 
l 2.6861683604873123 -1.2430369023768342 -2.534728509270803 0.25280662550756355 1.0517261449419812 0.0 0.0 
l 2.6917266488084 -1.2527391862053472 -2.5431857588445466 0.259209052271377 1.042505233148238 0.0 0.0 
l 2.694831499490662 -1.256854296439816 -2.5459674760559325 0.2636239545053806 1.0326974746225024 0.0 0.0 
l 2.69567206454226 -1.2556164585088307 -2.5430075465267254 0.2658697758687711 1.0223290867402457 0.0 0.0 
l 2.694389443477366 -1.249192687081553 -2.534453949168573 0.26582621261655276 1.011431213879042 0.0 0.0 
l 2.691071716076045 -1.237683456399225 -2.5206476700994447 0.26343818844165545 1.0000460500169999 0.0 0.0 
l 2.685749893044548 -1.2211219784245282 -2.5020871372651445 0.2587150363025086 0.9882354462324889 0.0 0.0 
l 2.678391023822467 -1.199476134497433 -2.4793936209213627 0.25172980659811195 0.9760586630166361 0.0 0.0 
l 2.668895165786699 -1.1726598056099196 -2.453280337453877 0.2426143135660239 0.963575294200655 0.0 0.0 
l 2.6570920922273564 -1.1405491028329267 -2.4245207342331128 0.23155200485690777 0.9508205459753842 0.0 0.0 
l 2.642738540996308 -1.1030038477760995 -2.393913153926473 0.21876880026371565 0.9378016244864003 0.0 0.0 
l 2.625516149003297 -1.0599033260055992 -2.3622517600254778 0.2045239300362963 0.9244539987141113 0.0 0.0 
l 2.605030837916831 -1.0111889503801035 -2.3302930612652295 0.18910254171235713 0.9106023977538293 0.0 0.0 
l 2.580811925201883 -0.9569170512341755 -2.2987291331079263 0.17279871896658908 0.8959127155942832 0.0 0.0 
l 2.5523122809521035 -0.8973126184807272 -2.268164591610262 0.15590671509053364 0.8797893021452601 0.0 0.0 
l 2.518917648205712 -0.8328245993007312 -2.239103238710602 0.1387078932288912 0.8612216756661201 0.0 0.0 
l 2.479956784580614 -0.7641557770760041 -2.2119436697680293 0.12145882272250139 0.838500805205278 0.0 0.0 
l 2.434741514663668 -0.6922655275772363 -2.186972755954167 0.10438213284650749 0.8086165142946883 0.0 0.0 
l 2.3826138922939 -0.61833375659967 -2.1643854975670305 0.08765481007529134 0.7659447807053694 0.0 0.0 
l 2.3230387355762985 -0.5436783415792589 -2.144292588638751 0.07140362191368055 0.698703069128423 0.0 0.0 
l 2.2557285090966763 -0.4696427137745024 -2.12673637014203 0.055697538386639434 0.5780879737766603 0.0 0.0 
l 2.1808152653933677 -0.39748717288382635 -2.1117060414492466 0.040544486702889536 0.3172431256255063 0.0 0.0 
l 2.099003194809555 -0.32827808450818075 -2.099152991426007 0.02588575053038392 2.8009558093235696 0.0 0.0 
l 2.011684612931048 -0.2628251827354818 -2.089001186608751 0.011596407437604043 1.9264067150014639 0.0 0.0 
l 1.9209278562795926 -0.20165917852160697 -2.081156522524675 3.1390735728341395 -1.6183507506570731 0.0 0.0 
l 1.8292905214367485 -0.14504667149325837 -2.0755165341426807 3.1248701575078326 -1.7918508804616433 0.0 0.0 
l 1.7394628929556764 -0.09301865738408004 -2.0719763246942215 3.1102518436117257 -1.8870460933184285 0.0 0.0 
l 1.6538887562607862 -0.04542803043208287 -2.070435100906858 3.0948277030697646 -1.950649761618278 0.0 0.0 
l 1.5744220879145496 -0.001980798827389135 -2.07080278635099 3.0781499263698326 -2.0000901292498146 0.0 0.0 
l -1.639344631913278 0.03768619844704377 -2.07300547601631 3.0597185487226572 -2.0431224421109713 0.0 0.0 
l -1.703742539467973 0.0740038858788292 -2.0769917376821674 3.0389822132429436 -2.083657177330519 0.0 0.0 
l -1.760470033005717 0.10746132764754183 -2.082739768188325 3.015352863481847 -2.123723263640872 0.0 0.0 
l -1.8099648651632498 0.13854231249190394 -2.0902543899495205 2.988200118596826 -2.1643510817832903 0.0 0.0 
l -1.8528905320306979 0.1677433732578413 -2.099568514126565 2.9568543145274937 -2.2059742926218475 0.0 0.0 
l -1.8900026787620905 0.19555929846251893 -2.1107389046383527 2.92060707866588 -2.2486524726441606 0.0 0.0 
l -1.922085123711005 0.22248816812686245 -2.1238381591987396 2.8787263392633937 -2.292185219101119 0.0 0.0 
l -1.9499048511242902 0.24902795981746662 -2.1389403676969927 2.8304610423321677 -2.3362401850818313 0.0 0.0 
l -1.9741888590048386 0.2756725314634076 -2.15610607555223 2.7750839692561615 -2.380397231394663 0.0 0.0 
l -1.9956154882227135 0.302906437021566 -2.1753655639108898 2.7119499167148455 -2.4242143198168558 0.0 0.0 
l -2.014808892449943 0.33119355543088563 -2.1967010577896993 2.640597093908851 -2.467257745838417 0.0 0.0 
l -2.0323303838790254 0.3609565219193512 -2.220030561660761 2.5609062194906476 -2.509128299553817 0.0 0.0 
l -2.048667308248719 0.3925487418073508 -2.2451971793879064 2.473270589533269 -2.5494637670406854 0.0 0.0 
l -2.0642360558108033 0.42623256268449133 -2.2719633739607654 2.3787790884201248 -2.587965790277619 0.0 0.0 
l -2.079365863718438 0.46213694923447707 -2.300011398057102 2.279312744229191 -2.62439206646891 0.0 0.0 
l -2.0942919552802337 0.5002231732549047 -2.32895411612727 2.1774790915510414 -2.65855161678128 0.0 0.0 
l -2.109165347719733 0.540267579753893 -2.3583487211883583 2.07634193549712 -2.690302051888454 0.0 0.0 
l -2.1240427591770796 0.581846032809918 -2.3877266640129973 1.979006070354039 -2.7195394711186602 0.0 0.0 
l -2.138914464533568 0.6243594923878689 -2.4166099535577046 1.888176405049668 -2.746194835193361 0.0 0.0 
l -2.153703329408974 0.6670644241162168 -2.444541655438563 1.8058595348380957 -2.7702364654475042 0.0 0.0 
l -2.1682832446581974 0.7091324990058249 -2.4711039362887606 1.733281923705421 -2.7916562575680093 0.0 0.0 
l -2.182495902989285 0.7497257364361575 -2.495937757801917 1.6709667227403882 -2.810475760348311 0.0 0.0 
l -2.1961608393658034 0.7880578273349665 -2.5187506216686026 1.618923280964871 -2.8267358970667287 0.0 0.0 
l -2.209092179869486 0.8234552305945838 -2.5393227361830872 1.576854606041774 -2.8405022125702115 0.0 0.0 
l -2.221111163129187 0.8553914441135306 -2.557504571237468 -1.5972821100006145 -2.8518652497406305 0.0 0.0 
l -2.2320477698893404 0.8834897557390515 -2.573210481259946 -1.620756237839669 -2.8609302294759074 0.0 0.0 
l -2.24174680934739 0.9075146387189399 -2.5864100545007753 -1.6355356801609 -2.867825226542386 0.0 0.0 
l -2.2500715739117547 0.9273491795684622 -2.5971172905983773 -1.641865433095214 -2.872693862610056 0.0 0.0 
l -2.256904795247178 0.9429685102691726 -2.6053822716656487 -1.6398171176531835 -2.875691044954283 0.0 0.0 
l -2.2621425592522937 0.9543988584942739 -2.6112756271124002 -1.6292833544323253 -2.876982146170505 0.0 0.0 
l -2.2656975966336397 0.9617075206034773 -2.614890508634507 -1.6099607853983313 -2.876734975080314 0.0 0.0 
l -2.2674949938433655 0.9649760432696084 -2.6163323852257725 -1.58135511489938 -2.8751116344076553 0.0 0.0 
l -2.267471211447601 0.9642848376217847 -2.6157126737131433 1.5987595308525708 -2.8722701765188074 0.0 0.0 
l -2.265575920253621 0.9597168438975946 -2.6131540996243254 1.647913301420656 -2.868354515136593 0.0 0.0 
l -2.261770816133014 0.9513535689016288 -2.6087885310416317 1.7083728033283592 -2.8634911647885657 0.0 0.0 
l -2.256028691522274 0.9392789928488494 -2.602759119528965 1.780558466178894 -2.8577901678834197 0.0 0.0 
l -2.248334581016131 0.9235871123341665 -2.5952216013096603 1.8643782837475407 -2.85133743368028 0.0 0.0 
l -2.238690012623447 0.9043953932755766 -2.5863462193841773 1.9589126987957588 -2.8442002987025408 0.0 0.0 
l -2.2271108504635992 0.8818532974183755 -2.576319434351121 2.062173704577356 -2.836420948100915 0.0 0.0 
l -2.2136254276191827 0.8561476481972228 -2.5653421602278517 2.171081768015513 -2.8280221053715406 0.0 0.0 
l -2.198268650507151 0.8274997551298332 -2.5536251328428867 2.281795550023671 -2.819002419831021 0.0 0.0 
l -2.181076652164555 0.796162172152413 -2.5413857168118303 2.390331215536631 -2.809336586835827 0.0 0.0 
l -2.162073736514529 0.7624003068465061 -2.5288415089683824 2.493250505216422 -2.7989709096469064 0.0 0.0 
l -2.1412506020082023 0.7264595211321976 -2.5162032808335977 2.588127959400702 -2.7878133486736782 0.0 0.0 
l -2.118543232364976 0.6885276625690794 -2.5036667671242268 2.6736735845318496 -2.7757224079909393 0.0 0.0 
l -2.093801570523176 0.6486903771927068 -2.4914106036619237 2.7495693491322997 -2.7624876605301014 0.0 0.0 
l -2.066770828462993 0.6068920074970384 -2.479586516876785 2.816177698025755 -2.747799238400711 0.0 0.0 
l -2.0370633158241827 0.5628989886745412 -2.4683201237323598 2.87425623483076 -2.7311976017957162 0.0 0.0 
l -2.0041457481069074 0.5162844989231662 -2.4577131832827313 2.9247327470019266 -2.711977737583275 0.0 0.0 
l -1.9673312173260749 0.4664211481559943 -2.4478458402945327 2.968568314300815 -2.6890283881049957 0.0 0.0 
l -1.9257920359773713 0.41250363696573034 -2.4387846784455367 3.0066757947233547 -2.6604909746489187 0.0 0.0 
l -1.878596701067302 0.3535967335737758 -2.430591061983841 3.0398826893630138 -2.6229950393832526 0.0 0.0 
l -1.8247847986978993 0.2887218334696166 -2.4233328343541167 3.068921270510148 -2.5697002749886195 0.0 0.0 
l -1.7634859564346668 0.21697973469591472 -2.4170966016594053 3.0944329470437606 -2.484100111324822 0.0 0.0 
l -1.6940919313277147 0.13771121086982385 -2.411997441608838 3.1169780872527912 -2.3144856053095477 0.0 0.0 
l -1.6164869516819897 0.0506992292079136 -2.408189860715612 3.137049357522034 -1.8232311354596495 0.0 0.0 
l 1.6103050605906943 -0.043638259887408645 -2.405876073889583 0.013490223391294827 2.5648888944873716 0.0 0.0 
l 1.7015750134666865 -0.1441230429787751 -2.40531260243451 0.02987709775207806 3.1404505959688187 0.0 0.0 
l 1.7964873878079612 -0.24884167957306683 -2.406813048113252 0.04497146350793583 0.19365949408557773 0.0 0.0 
l 1.8919643260305334 -0.3553643827082123 -2.41074836449887 0.05909484711564087 0.29564300333839033 0.0 0.0 
l 1.9847594104978161 -0.46113198259428034 -2.4175441085014513 0.07253843839540183 0.3648913080735798 0.0 0.0 
l 2.0719935026187914 -0.5638769304462566 -2.4276739471938926 0.08556282123626636 0.4194087614141469 0.0 0.0 
l 2.1515460613315383 -0.6619333324664753 -2.4416503359915462 0.09839516258583926 0.46605652075353365 0.0 0.0 
l 2.222191531255112 -0.7543517800886921 -2.460010612662229 0.11122255211707323 0.5077914035341864 0.0 0.0 
l 2.2835119302470863 -0.8408352639772556 -2.4832940804076555 0.12418895466678158 0.5459477162198744 0.0 0.0 
l 2.335685255932421 -0.9215679817463203 -2.5120094955807497 0.13739198955999565 0.5811486840195198 0.0 0.0 
l 2.3792514128623328 -0.9970153285199383 -2.5465875612651736 0.15088267255782464 0.6136979446746069 0.0 0.0 
l 2.414919022432294 -1.0677527764157155 -2.5873162700209074 0.1646662797850485 0.6437725195460154 0.0 0.0 
l 2.443426470336905 -1.134335896853686 -2.6342532919072514 0.1787190408239452 0.671529417471172 0.0 0.0 
l 2.4654573611667012 -1.1972229959948284 -2.6871254500843196 0.19297888250361334 0.697108830583008 0.0 0.0 
l 2.481609131880156 -1.2567449567018913 -2.745227747764937 0.20736944387902817 0.7206591049588226 0.0 0.0 
l 2.4923742712917805 -1.3131019263249406 -2.807368257526723 0.2218041875030192 0.7423171632112928 0.0 0.0 
l 2.4981545159744796 -1.3663832802689462 -2.8718810414808553 0.23619024342040243 0.7622038511722888 0.0 0.0 
l 2.499276066548017 -1.416589717091696 -2.9367405823896835 0.2504331767007716 0.7804187228393314 0.0 0.0 
l 2.49603419170817 -1.4636617099259743 -2.9997689804048937 0.2644353705218881 0.7970446122364901 0.0 0.0 
l 2.488711124100708 -1.5075013358738742 -3.058906522665742 0.27809855971405795 0.812139816533883 0.0 0.0 
l 2.477622256055499 -1.5479800864268118 -3.1124372201481885 0.2913192350390243 0.8257445093120994 0.0 0.0 
l 2.463149358689181 1.556652988600124 -0.017544977978874873 0.30398523872698174 0.8378913076219444 0.0 0.0 
l 2.4457751628081876 1.5234138196126175 -0.05671600346955787 0.31597492510643976 0.8486030860660767 0.0 0.0 
l 2.426100739035686 1.4941527631936893 -0.08812912037788581 0.3271552648181179 0.8579051863937938 0.0 0.0 
l 2.404867217763595 1.4692052316117996 -0.11191246072601567 0.3373836650052843 0.8658181037564658 0.0 0.0 
l 2.3829430378073586 1.4489940191181718 -0.1284275909990352 0.34651064180333735 0.8723587965741748 0.0 0.0 
l 2.361295008642205 1.4340270565032878 -0.1381539359289652 0.35438821257268144 0.8775379695292717 0.0 0.0 
l 2.3409465703026378 1.4248751224985217 -0.14159695519033733 0.3608752121625092 0.8813543264529384 0.0 0.0 
l 2.322914919069414 1.422120155335434 -0.13922318363249211 0.3658476884480397 0.8837846208216951 0.0 0.0 
l 2.308140836584673 1.4262754553767627 -0.1314181645867172 0.3692074289105308 0.8847821346368244 0.0 0.0 
l 2.297413098084603 1.4376731120781718 -0.11847221619979532 0.37088731714869994 0.8842651099384381 0.0 0.0 
l 2.2913269118842 1.456364007136941 -0.10057277766686955 0.3708637983437509 0.8821183566751869 0.0 0.0 
l 2.2902196368763503 1.4820167826212975 -0.07782264527843168 0.36916126238689173 0.8781784530171984 0.0 0.0 
l 2.2941519100384644 1.513874456765839 -0.05027523595629826 0.36585307339093465 0.8722343166797597 0.0 0.0 
l 2.302895916384829 1.5507961623260431 -0.017974723851122254 0.3610600264029992 0.8640272496566693 0.0 0.0 
l 2.315946236630026 -1.5502162466771952 -3.12260552975375 0.3549477111607239 0.8532484865852501 0.0 0.0 
l 2.3325573002291904 -1.507475195086897 -3.081189117316706 0.34772010746798476 0.8395396722331518 0.0 0.0 
l 2.3517947521934346 -1.4639804584406964 -3.0357055878813033 0.3396084819851062 0.8225039544151653 0.0 0.0 
l 2.3726181979322445 -1.420907782463948 -2.98677634276078 0.3308605103900139 0.8017142242903199 0.0 0.0 
l 2.3939531920139903 -1.3791286691212288 -2.935283993184791 0.321727362691904 0.7767384783301257 0.0 0.0 
l 2.414769372592092 -1.3392018021694132 -2.882353030314817 0.3124511128881444 0.7471691810775025 0.0 0.0 
l 2.434158486166091 -1.3014224517066357 -2.8292827005250603 0.30324950381093213 0.7126725496228954 0.0 0.0 
l 2.451371185304855 -1.2658782650919012 -2.777425934289018 0.29431399836542566 0.6730458248945499 0.0 0.0 
l 2.4658575891094783 -1.2325295811377615 -2.728058151180571 0.2857948721844421 0.6282978042406256 0.0 0.0 
l 2.4772542682001135 -1.2012519883231958 -2.6822459761026867 0.27780306389656767 0.5787241126906162 0.0 0.0 
l 2.4853850821281585 -1.1718853931382327 -2.640760876798939 0.2704065781346985 0.5249645929667034 0.0 0.0 
l 2.4902387604682317 -1.144262836393587 -2.6040462986532766 0.26363276715922934 0.4680170095613924 0.0 0.0 
l 2.4919410361779244 -1.1182204310649153 -2.572226325402105 0.25747099289235625 0.4091961568383179 0.0 0.0 
l 2.490719162457294 -1.0936013753579017 -2.5451581364473634 0.2518783472504533 0.350010002893839 0.0 0.0 
l 2.486866223983966 -1.0702468887497922 -2.522494163584603 0.24678514682473848 0.2919948310376213 0.0 0.0 
l 2.4807026286240137 -1.0479890927042428 -2.5037568141923887 0.2420986865772883 0.23651602659220872 0.0 0.0 
l 2.472537587776693 -1.026639628620363 -2.4884046611342736 0.2377068153304752 0.18461187099117052 0.0 0.0 
l 2.4626311590608325 -1.0059729620139128 -2.475883322236064 0.2334823811875586 0.13689921327445204 0.0 0.0 
l 2.451163916825839 -0.985721138005236 -2.4656712761467627 0.2292816092167162 0.09354463118809428 0.0 0.0 
l 2.4382118606418275 -0.965569583498421 -2.4573124926396956 0.22494411890948252 0.05428822303038305 0.0 0.0 
l 2.42373213648966 -0.9451596669195833 -2.4504389544223057 0.22029081128887218 0.01849056412328869 0.0 0.0 
l 2.407558121311566 -0.9240942517963108 -2.444782903696471 0.21512062652308847 3.126779699063117 0.0 0.0 
l 2.389408247706477 -0.9019503744798647 -2.4401808363106294 0.20920690538725756 3.0947106271601306 0.0 0.0 
l 2.368907352027231 -0.8782926216338485 -2.4365654334284965 0.20229324835388557 3.0623057297023926 0.0 0.0 
l 2.3456177030406407 -0.8526899690605365 -2.433952594281977 0.19408955563227268 3.0276122628243987 0.0 0.0 
l 2.3190767250629474 -0.824729625349396 -2.4324214741795793 0.18426851195836927 2.988122680004846 0.0 0.0 
l 2.2888391168995077 -0.7940251084456408 -2.432088760947696 0.1724618478710171 2.940441811286103 0.0 0.0 
l 2.254519384683736 -0.7602193465109722 -2.4330833523015585 0.15825679846921548 2.8796479959921353 0.0 0.0 
l 2.2158382850350957 -0.7229858205146105 -2.4355212419725154 0.14119111143454843 2.7981164178446685 0.0 0.0 
l 2.1726608232865496 -0.6820239557660204 -2.4394876013711015 0.12074710705887373 2.6833625901520426 0.0 0.0 
l 2.1250242474264547 -0.6370490255604427 -2.4450241070030008 0.09634309359178972 2.514730362144153 0.0 0.0 
l 2.0731534523611312 -0.5877843102965172 -2.452125646530785 0.0673210541506628 2.2621938489686686 0.0 0.0 
l 2.01746524606577 -0.533957925216503 -2.4607389228756738 0.03293315526304846 1.9065430211974792 0.0 0.0 
l 1.9585515575446504 -0.47530617694957195 -2.470766794976938 3.133917411250737 -1.641056031324493 0.0 0.0 
l 1.8971538067636078 -0.4116017488409784 -2.48207655496964 3.08611551290436 -1.986844842932494 0.0 0.0 
l 1.834124309504765 -0.34270191423310875 -2.494507546247446 3.0300263913086964 -2.2298296293145197 0.0 0.0 
l 1.770371394801359 -0.26860974122953835 -2.507878487337214 2.9644586173599787 -2.392663051841333 0.0 0.0 
l 1.7068163048791551 -0.18956890439964202 -2.5219885916228697 2.8882003880794054 -2.504403370942296 0.0 0.0 
l 1.6443410517042083 -0.10615383389410785 -2.5366243008056846 2.8001933399407433 -2.5843198976952038 0.0 0.0 
l 1.58375632266162 -0.01935356415826045 -2.5515635733401085 2.6998313245114014 -2.643796437229296 0.0 0.0 
l -1.6158214988942503 0.06941115926152208 -2.5665758871001536 2.5874050319650848 -2.6895662144281753 0.0 0.0 
l -1.6706151182159328 0.15834798004145556 -2.5814250412877717 2.4645964451551716 -2.725745487977494 0.0 0.0 
l -1.7217510531596816 0.2454524426660408 -2.595877770202173 2.334800919938631 -2.754944139216625 0.0 0.0 
l -1.7688847104563514 0.32872253941356805 -2.609705980759572 2.202956110568883 -2.7788820256323827 0.0 0.0 
l -1.811785615834867 0.40638425064553413 -2.6226963664747416 2.074743447200526 -2.798731532148243 0.0 0.0 
l -1.8503226475163934 0.47705490683877916 -2.6346571649736776 1.955437348420504 -2.815316574360536 0.0 0.0 
l -1.884444597563057 0.5398141608857417 -2.6454272084462014 1.8489720316691176 -2.829230338810373 0.0 0.0 
l -1.9141618280094146 0.5941917007899521 -2.6548849463178956 1.7576117839535232 -2.8409076580802557 0.0 0.0 
l -1.9395189804574735 0.6400785015394446 -2.662953086287989 1.6821818762177188 -2.8506713406523603 0.0 0.0 
l -1.9605780355998157 0.6776289134941388 -2.6696037443047542 1.6225596207007085 -2.858763931607739 0.0 0.0 
l -1.9773984706347147 0.707153462288937 -2.674858924418575 1.5781635090703272 -2.8653651690943183 0.0 0.0 
l -1.9900197306012917 0.7290265892107326 -2.678788810606303 -1.5932819208406643 -2.8706059831009245 0.0 0.0 
l -1.998453597103202 0.7436163799432257 -2.681502708545967 -1.6091457636686821 -2.874582548948401 0.0 0.0 
l -2.0026707578335614 0.7512240441392178 -2.683142015502722 -1.6113159631119656 -2.8773577891357918 0.0 0.0 
l -2.002599593075572 0.7520429965956255 -2.6838674151846904 -1.5997643732826352 -2.878970833085366 0.0 0.0 
l -1.9981265352959605 0.7461217329843405 -2.683843521648755 -1.574114430872668 -2.8794422428571202 0.0 0.0 
l -1.9891045464200603 0.7333386282198996 -2.6832236614888183 1.6079349640189007 -2.878778208206975 0.0 0.0 
l -1.9753604621902305 0.7133788784416891 -2.6821384191887745 1.664157762721594 -2.8769729101057884 0.0 0.0 
l -1.9567116300291807 0.685721693761044 -2.680683047041571 1.7371598503368773 -2.874011827763958 0.0 0.0 
l -1.9329826517361297 0.6496389716198603 -2.6789106576070933 1.8276270973504316 -2.869874813241059 0.0 0.0 
l -1.9040347794172585 0.604231512603772 -2.676828772914848 1.9353077284629652 -2.864540492802669 0.0 0.0 
l -1.8697869941659844 0.5484969314603071 -2.6744017791324386 2.0582657211133886 -2.8579933431140856 0.0 0.0 
l -1.8302509888152714 0.4814903297578734 -2.6715589219025007 2.192329685394493 -2.850235805291867 0.0 0.0 
l -1.7855745066216795 0.4026035181669408 -2.6682057585648753 2.3312786178463494 -2.841316593205259 0.0 0.0 
l -1.736073138138783 0.31194246684452803 -2.6642394122999473 2.468020819216999 -2.8313744143328163 0.0 0.0 
l -1.682274075838273 0.21078292299031853 -2.6595672666129424 2.5962998791754743 -2.8207252317908336 0.0 0.0 
l -1.6249401533182608 0.10187744715521735 -2.6541258983348346 2.7119485308941127 -2.8100400637201695 0.0 0.0 
l 1.5765109773398376 -0.01061893900420529 -2.647898969177826 2.8131575829389845 -2.8007294225085246 0.0 0.0 
l 1.6376558011042786 -0.12177078108162448 -2.640933179312273 2.8999730531117955 -2.7958819855579806 0.0 0.0 
l 1.698670615244511 -0.22684291194913334 -2.6333528348416495 2.973554529633649 -2.803019861919111 0.0 0.0 
l 1.7580391710321268 -0.3221867874883418 -2.6253667865050576 3.0355576675314353 -2.844820040130605 0.0 0.0 
l 1.8142362299173498 -0.4056459827798276 -2.6172706889845063 3.087746868865387 -3.0270362403086835 0.0 0.0 
l 1.8658182705333874 -0.47644978922278197 -2.609439711959414 3.1317978613825725 -1.1178459449866758 0.0 0.0 
l 1.9114959655835921 -0.5348151082310147 -2.6023131564333974 0.027624538564263085 1.040482908827254 0.0 0.0 
l 1.9501772708112965 -0.581503119666709 -2.5963727722666823 0.05973097069508088 0.9001608688877222 0.0 0.0 
l 1.9809881696632639 -0.6174679886598654 -2.592107302320627 0.08766426249699008 0.8757199659161171 0.0 0.0 
l 2.003267686213689 -0.643620876687923 -2.589974452185747 0.11240040418644369 0.8836109434696962 0.0 0.0 
l 2.016560085220172 -0.660699954687736 -2.5903601769108113 0.1347677272036793 0.9036384130989489 0.0 0.0 
l 2.020611127538205 -0.6692042518456828 -2.593538303094479 0.1554570653179499 0.9282261732730284 0.0 0.0 
l 2.015373951508833 -0.6693654701784852 -2.599639624203127 0.17503039306656634 0.9537868053744278 0.0 0.0 
l 2.0010358902917815 -0.6611476707426855 -2.608631818856022 0.1939261195438881 0.9784303595382656 0.0 0.0 
l 1.978056362784643 -0.6442601469917865 -2.6203136226691104 0.2124643015484235 1.0011528555002307 0.0 0.0 
l 1.9472131282452418 -0.6182027099754278 -2.6343295989260502 0.23085097654472866 1.021475286800062 0.0 0.0 
l 1.9096249827328817 -0.582333884637099 -2.6502004552849923 0.24918446772738917 1.0392461464404203 0.0 0.0 
l 1.8667443302983258 -0.5360039368373963 -2.6673665649532934 0.26746501142205514 1.0545165898922917 0.0 0.0 
l 1.8202837555932823 -0.478745698252782 -2.6852355942723602 0.28560672237226237 1.067458193208374 0.0 0.0 
l 1.7720992580498856 -0.4105761498549585 -2.703232891368143 0.30345375902270294 1.07830377068726 0.0 0.0 
l 1.724029113965359 -0.33234370079381376 -2.720841884978796 0.32079824054815015 1.0873097170868826 0.0 0.0 
l 1.6777344499033935 -0.246031912836937 -2.737626241402863 0.3374012717227409 1.09473036387869 0.0 0.0 
l 1.634570847670484 -0.15484057221210246 -2.7532403815803557 0.3530149019548745 1.1008055198638727 0.0 0.0 
l 1.595539295562128 -0.06294361045575425 -2.7674313535229547 0.367400582896222 1.105748000367744 0.0 0.0 
l -1.5803166605981078 0.02516854835052851 -2.7800241148676115 0.3803450216654967 1.1097398642452483 0.0 0.0 
l -1.609490163949706 0.10543744866153935 -2.790907214179391 0.391671523600909 1.1129316164733505 0.0 0.0 
l -1.6334881615745203 0.1747709984072909 -2.8000134909124834 0.4012465363230598 1.1154408101285254 0.0 0.0 
l -1.6523879274924111 0.23123239474274931 -2.8073117647756707 0.40897857948948185 1.1173554504553491 0.0 0.0 
l -1.66634327956114 0.27383882019356204 -2.812787616758558 0.41480995271126253 1.1187411364858586 0.0 0.0 
l -1.6755265807545 0.3022480067580412 -2.816436629631488 0.41870889498657066 1.1196425038179632 0.0 0.0 
