r -2.0795156281203893 0.14841937755593673 1.8327452258286723 2.324473562227621 2.7894579371316013 0.0 0.0 
r -2.0709120427023917 0.1456442711226234 1.8330418488057503 2.31623110435301 2.7914898375137556 0.0 0.0 
r -2.077638335529969 0.14739703708931293 1.832096733338267 2.3080107457545767 2.782867615119973 0.0 0.0 
r -2.0707840992961772 0.14508981499947127 1.8321507532420649 2.2920194501238678 2.744402468020256 0.0 0.0 
r -2.0738231136307492 0.145489238367492 1.8310493267924675 2.232040549628727 2.770115450824809 0.0 0.0 
r -2.0674950038441313 0.14346696391795521 1.8312606158644802 2.2242846156833473 2.8317973184245337 0.0 0.0 
r -2.0627986229486632 0.1419365214150099 1.8313534056997358 2.2331344951706242 2.9483978068807764 0.0 0.0 
r -2.065833000397426 0.14221383087823766 1.8300384115953836 2.261347754413835 2.9318384994452082 0.0 0.0 
r -2.0683023646417373 0.14220920180799762 1.8285727035748536 2.2082617461330742 2.9265644088211036 0.0 0.0 
r -2.0687701576244266 0.14170905514542453 1.8274199068743229 2.2141484379961947 2.946231278907214 0.0 0.0 
r -2.0706541311063953 0.14191431262309043 1.826680172510956 2.1899180150186437 2.9114650141397895 0.0 0.0 
r -2.070231459171424 0.14146623931564042 1.8261419948653996 2.2070060736906587 2.892649107385814 0.0 0.0 
r -2.0681594487928447 0.14087712582734285 1.8263145660247884 2.1800106821217344 2.840613715838353 0.0 0.0 
r -2.066392934870837 0.13996293194464937 1.8257334035162098 2.1839783766694243 2.8448012897411172 0.0 0.0 
r -2.058627248884658 0.13700345012762993 1.8250050987133017 2.191723355390211 2.8576893213929235 0.0 0.0 
r -2.0573834340381545 0.13628029540683825 1.82443317888646 2.1988069273760322 2.8633475191572644 0.0 0.0 
r -2.0561270832301535 0.13591236357593103 1.8245072698026186 2.206970394001932 2.876546675200475 0.0 0.0 
r -2.055839557918436 0.1357183417203701 1.8243252672160348 2.1946424151263964 2.8390879635072066 0.0 0.0 
r -2.0546946879153385 0.135570557735894 1.8247322295501558 2.21072606629314 2.840284060950096 0.0 0.0 
r -2.041896955038193 0.13172062942071394 1.8252681291135955 2.2309918405370994 2.844349108680826 0.0 0.0 
r -2.044780750541435 0.13244748402717726 1.8248912030686602 2.2205767470259463 2.8426120658599583 0.0 0.0 
r -2.0414943509706784 0.1310625701884755 1.824278151453098 2.2016553015606393 2.8405963711837443 0.0 0.0 
r -2.038993969975547 0.13028127711016968 1.8243145183977896 2.221378081585466 2.878636728338205 0.0 0.0 
r -2.0390022638623417 0.13096397965792783 1.8255959877119563 2.2284823672745038 2.8873938784257653 0.0 0.0 
r -2.0394241667301856 0.13091284211044002 1.8252443979074664 2.187768143628024 2.797311134634383 0.0 0.0 
r -2.0364397830250764 0.1299160483404069 1.825169293753851 2.2317857495718316 2.891488080040629 0.0 0.0 
r -2.031726485431469 0.12864622560977668 1.8256219551877528 2.225226232956451 2.914363568351691 0.0 0.0 
r -2.030146780906216 0.12871882976336643 1.826731803812187 2.195595915574742 2.7959342584014513 0.0 0.0 
r -2.021916355665959 0.127229142132063 1.8289628154812931 2.3110197408171547 2.811142488527055 0.0 0.0 
r -2.0194535901358863 0.12788715986051946 1.8318167970384929 2.250019563906471 2.8809361674047835 0.0 0.0 
r -2.0212333949147387 0.12792737148039096 1.8307641683349543 2.294491094866158 2.965145223261005 0.0 0.0 
r -2.0190977498371074 0.12701267146698472 1.8303183857516787 2.356518063396205 2.834757988286084 0.0 0.0 
r -2.015797210718274 0.12533733707091418 1.8290938393420846 2.255460646042715 2.877158552975478 0.0 0.0 
r -2.012731767923995 0.1241729483961627 1.8287183146812827 2.2825264541176566 2.915029301351674 0.0 0.0 
r -2.0107102181159275 0.12356560116461286 1.828788391875857 2.2632095650345705 2.876854798840178 0.0 0.0 
r -2.0096112837113957 0.12343225114845453 1.8292238517405397 2.26586088003912 2.869716878379994 0.0 0.0 
r -2.009890148901044 0.12333803742267022 1.828854403609224 2.302686289087885 2.770653726466539 0.0 0.0 
r -2.0127793929122824 0.12420365641477027 1.8287495516930201 2.2134679984361836 2.7163477595556778 0.0 0.0 
r -2.0120603315899404 0.12313279668086746 1.8270558261044052 2.2317649299379942 2.707561995877221 0.0 0.0 
r -2.0104601522998475 0.12320183128330522 1.8282143473136463 2.2509773072841477 2.7864111954949093 0.0 0.0 
r -2.009357046093858 0.12291638381136322 1.8283432592238198 2.2486272867437322 2.7654982031189026 0.0 0.0 
r -2.0083251041429433 0.122788602647029 1.8287464687878994 2.2500306315074248 2.768415882555856 0.0 0.0 
r -2.0059528338464574 0.12203799231952564 1.8287464654770238 2.2215537918753006 2.6852022490467418 0.0 0.0 
r -1.9890432063492343 0.11837099541976268 1.8322413551936423 2.1658569700659633 2.8015728175422985 0.0 0.0 
r -1.9945819750032674 0.12024326212939897 1.832489553894666 2.2004059461392886 2.7425401066349884 0.0 0.0 
r -2.004959967856379 0.12266377809770676 1.8306683990728563 2.2335345967100237 2.7313815393565415 0.0 0.0 
r -2.0037094722937407 0.1229396898041848 1.8320498987149976 2.253282890627293 2.716223342955817 0.0 0.0 
r -2.003813468775154 0.12344319624300458 1.833013627686003 2.260808123647431 2.702805391949602 0.0 0.0 
r -2.006008190341163 0.12410278722318073 1.8329216051293131 2.2670427507231152 2.7275153259297693 0.0 0.0 
r -2.007012016320248 0.12447319653931728 1.8330186400134583 2.315556083921988 2.7320846253818205 0.0 0.0 
r -2.0084345730380324 0.12473597560539022 1.8326234713695362 2.2534693241765122 2.6655961834099315 0.0 0.0 
r -2.008667909677493 0.1245719696689698 1.8321395387035144 2.2464005700708345 2.645978008582467 0.0 0.0 
r -2.0101819358568283 0.12487114309466557 1.8317619039416664 2.303416581003784 2.838497608434442 0.0 0.0 
r -2.008158248031385 0.12408428796081679 1.8314824601497715 2.292121585735783 2.8352020188422946 0.0 0.0 
r -2.007525486093667 0.12342995498221974 1.8305645993350819 2.297231232589162 2.8068314118708826 0.0 0.0 
r -2.004407987421403 0.12253321131565506 1.83076062617564 2.351094872981192 2.8220457642012886 0.0 0.0 
r -1.9989453220433953 0.12083049021257823 1.8308257670815176 2.3228086749131487 2.7278514937090432 0.0 0.0 
r -2.00285020415502 0.1207114614523751 1.828032149218298 2.329845751267854 0.05565775856327357 0.0 0.0 
r -2.0106355167415564 0.12197245409251704 1.8256203156370079 2.372932814062158 2.5054178170840076 0.0 0.0 
r -2.005945492505225 0.12109828498485631 1.8268321276395711 2.4708311663157927 2.3685140161777256 0.0 0.0 
r -2.007081792456519 0.12152563455142794 1.8269761707153858 2.4144967561056863 2.315566435295244 0.0 0.0 
r -2.005981505564274 0.12112957579565499 1.8268729694408214 2.4048908353596508 2.3126079536542594 0.0 0.0 
r -2.0072054659253737 0.12119849896716128 1.8262307609476705 2.390107395654142 2.3110318221471027 0.0 0.0 
r -2.010139310333664 0.12379476983357071 1.8296170937605216 2.378363861811998 2.302381320946774 0.0 0.0 
r -2.0131342027531822 0.12387782376382442 1.8278699931479458 2.364866054298429 2.28391223875256 0.0 0.0 
r -2.022330829703706 0.12508785517892507 1.8245029830738473 2.331910100040922 2.353889704002495 0.0 0.0 
r -1.9965318531819254 0.11966382321394298 1.8299838850774175 2.4064247932167047 2.4370382155525117 0.0 0.0 
r -2.0323376293652977 0.12451997799896546 1.8173357105924008 2.4088068123733524 2.3487415698665752 0.0 0.0 
r -2.030152880427889 0.12507747465432287 1.8197133877970275 2.346055252549883 2.2694830826490557 0.0 0.0 
r -2.027539013763178 0.12492653303155464 1.8209986268513065 2.3367933076177496 2.210086957158335 0.0 0.0 
r -2.0152655526347183 0.12255614953595462 1.8238815807514352 2.326303806105047 2.1083170770020008 0.0 0.0 
r -2.020519996363122 0.12303723909446057 1.8215831918797707 2.359134156618383 2.057431363514512 0.0 0.0 
r -2.0051425699601677 0.11710994830170567 1.819171032177848 2.357348707766955 1.9628668703040373 0.0 0.0 
r -2.0256381607978753 0.12171943742174317 1.815898060330275 2.3650629633451667 1.9114301305290273 0.0 0.0 
r -1.991935198262342 0.11792797778739149 1.8293701832063856 2.2449394309905055 1.8576149566458537 0.0 0.0 
r -2.012179691361843 0.12174464350538282 1.82418696966647 2.177820066519851 1.7960570170631276 0.0 0.0 
r -2.0003295252680067 0.12080078293811086 1.829856253898058 2.2267407673239608 1.746842330756375 0.0 0.0 
r -2.0081379118592175 0.12367671947563276 1.8306690413535915 2.136678638997184 1.7252213682368043 0.0 0.0 
r -2.042847945548991 0.13114370063592906 1.823618710732496 2.130103382308885 1.6987770021049375 0.0 0.0 
r -2.067713565225249 0.13575253406271168 1.8175375596287249 2.2390627535282057 1.6605997299415618 0.0 0.0 
r -2.068505540436364 0.13597860169645276 1.8174891659207981 1.9739614285067444 1.6736959095971642 0.0 0.0 
r -2.030096989384987 0.1285559019650591 1.8264489952053817 1.7979031741456992 1.662285652562731 0.0 0.0 
r -2.0441282412365984 0.13167701677261687 1.8238481793159125 1.945429638051016 1.6648617779596677 0.0 0.0 
r -2.048746399423581 0.13293236343320058 1.823425619411037 -2.0592227540998014 1.6283266861013488 0.0 0.0 
r -2.0551080766215977 0.13397059951794177 1.8215841688850498 -2.9709598751605166 1.583412040296159 0.0 0.0 
r -2.051644092189102 0.13348171517256646 1.8227229079627 -2.5852980441245457 1.6267739167967261 0.0 0.0 
r -2.0507484374954377 0.1338818017144521 1.8239845121143432 -2.2404329867571793 1.6857902586505897 0.0 0.0 
r -2.0601848493595116 0.13593341322059369 1.822172540209885 -2.3845452447037445 1.6618278292097886 0.0 0.0 
r -2.082569065195708 0.1402186568080641 1.8169857522458073 -2.545815284626587 1.646918968947893 0.0 0.0 
r -2.0822025235550443 0.1378402378967721 1.813120670718741 -2.484153546171953 1.651991787265173 0.0 0.0 
r -2.1121641572409477 0.14158064093232237 1.803547564046318 -2.521350719818719 1.6432850950160367 0.0 0.0 
r -2.09849625264936 0.13893426338869297 1.806269278448084 -2.589580971980616 1.6359403551996472 0.0 0.0 
r -2.1043298753675987 0.1399464918419543 1.8049092194884222 -2.5488962851958004 1.639145791422738 0.0 0.0 
r -2.10579075127199 0.1396232830022497 1.8036316490208568 -2.5124454757618206 1.6510490771286532 0.0 0.0 
r -2.1145220163915526 0.14077237824866853 1.8010609988589097 -2.4359388888505356 1.6615248665752045 0.0 0.0 
r -2.1142428075366966 0.14020246204001238 1.8002889461305485 -2.476133710248632 1.6526038809728743 0.0 0.0 
r -2.1169697282889373 0.13996249644549683 1.7985477460466555 -2.199215478857397 1.698318504217477 0.0 0.0 
r -2.1106867129341254 0.1392222820779676 1.8004976936747035 -2.463015953888587 1.659537360404184 0.0 0.0 
r -2.0985082250294838 0.13871970740271208 1.8059081282475347 -2.5243801383779982 1.6501690324989011 0.0 0.0 
r -2.0993371260484235 0.14020678875331913 1.8079319468186965 -2.4051369722703346 1.662415943587737 0.0 0.0 
r -2.0977270823552727 0.13972594598452984 1.807982184600384 -2.442974681727226 1.654890062668946 0.0 0.0 
r -2.087542933315887 0.13896670111209578 1.81213743098718 -2.615625906016516 1.6352507990870429 0.0 0.0 
r -2.0845882107555553 0.14164846709003792 1.818302635287088 -2.5933146865384686 1.636446334527382 0.0 0.0 
r -2.089869579167307 0.1415318590211388 1.8152008652490907 -2.6209495738294297 1.6258562880954617 0.0 0.0 
r -2.1008781249883595 0.14223942944751664 1.8104677852146116 -2.7362123092789137 1.6172296677516809 0.0 0.0 
r -2.1262603426059385 0.14258025684183634 1.798096542321881 -1.9357690580481635 1.6931378601056413 0.0 0.0 
r -2.130226046793605 0.14269854549583325 1.7963479477714683 -1.8465789393684275 1.714459149063975 0.0 0.0 
r -2.122007367837491 0.14079687173912528 1.7973852153673435 -1.994155591028736 1.6627997552889933 0.0 0.0 
r -2.1203368900239297 0.1402260518834507 1.797304439251636 -2.5613992411753923 1.640878432237632 0.0 0.0 
r -2.119618771724749 0.13880493108667585 1.7954065140259903 -2.5258095218611105 1.6408797141065903 0.0 0.0 
r -2.115650404484458 0.13654932652160215 1.7937494517067214 -2.6084265710289314 1.6356033123048777 0.0 0.0 
r -2.096054344832055 0.13137340068975414 1.794954021265575 -2.648653069070016 1.6465787850820015 0.0 0.0 
r -2.092892514896059 0.13044083597277079 1.7949746880637127 -1.9919059896232274 1.687951713305253 0.0 0.0 
r -2.0924661482174995 0.13112354121960315 1.7963368109130333 -1.8095075718815739 1.7437342773101607 0.0 0.0 
r -2.0890976831039336 0.13071815276416293 1.7973590247887754 -1.9857152697020515 1.6562951872680838 0.0 0.0 
r -2.080178154651783 0.12940644482186472 1.79969872977017 -1.6808457858157881 1.6339269064727944 0.0 0.0 
r -2.0166127164978542 0.1166459489154 1.8112432363468198 1.8309685522813548 1.670537524171193 0.0 0.0 
r -2.0092587523339995 0.11495178540889538 1.812229009159451 -2.0807574771576216 1.675440350175616 0.0 0.0 
r -2.0215118128352643 0.11751511936400973 1.8100775934061095 -1.7464646381959317 1.6760664871032263 0.0 0.0 
r -2.0398492239004704 0.12138958466054772 1.8070191626940686 -2.47364697722065 1.60727695638632 0.0 0.0 
r -2.048522666711821 0.12214193912654414 1.803598437684749 -2.508455170723896 1.623727280995021 0.0 0.0 
r -2.0661258472351385 0.12521282520096513 1.799698524762548 -2.7053669215729754 1.594952437569108 0.0 0.0 
r -2.0856261750693097 0.12999225166840805 1.797896186715474 -0.3922085717647686 -1.5994477280181896 0.0 0.0 
r -2.0882310462916784 0.13023469775903238 1.7969800248267416 -0.3376247680263914 -1.5922112790369258 0.0 0.0 
r -2.089113405209515 0.13021105292537327 1.79649204926749 -1.2830296385981597 -1.6924536186279586 0.0 0.0 
r -2.091359159946 0.12896197914494228 1.7932511722323032 -2.4183463696795395 1.6219888417333714 0.0 0.0 
r -2.09004482448585 0.12518337745273697 1.7875089130804633 -0.8443441312244635 -1.6803285670301016 0.0 0.0 
r -2.0887379135445947 0.12083154221556203 1.7807421157351107 -0.765419843874138 -1.70798688092208 0.0 0.0 
r -2.0811058346809146 0.11870165432646486 1.7807153456189584 -1.0685129229668855 -1.7913749243449395 0.0 0.0 
r -2.1011112139619614 0.11961570310058882 1.7729781553240258 -0.2173501143904692 -1.5962146740380077 0.0 0.0 
r -2.117556685444077 0.12107626954542061 1.7680972149214211 -0.5063650402874404 -1.6354539756969375 0.0 0.0 
r -2.1259142952461882 0.12207567196917442 1.766100813292258 -0.556875803889295 -1.6410770952713067 0.0 0.0 
r -2.1294097274177277 0.12206191414525056 1.7646014935290268 -0.5995822023156998 -1.652332657563363 0.0 0.0 
r -2.131331261034535 0.12185587808931563 1.7634749123607338 -0.5590787729270825 -1.6473022520704808 0.0 0.0 
r -2.1411411978130266 0.12496550224449257 1.7641849588023715 -1.0029408482416977 -1.7657066302928845 0.0 0.0 
r -2.147991129917063 0.1244024107264966 1.7605237118592951 -1.1607722653580894 -1.8626558783829963 0.0 0.0 
r -2.1565880713232715 0.12436587035421062 1.757030758321081 -1.1230890438052916 -1.845454876237976 0.0 0.0 
r -2.152632905728497 0.12246196375959309 1.7557638722197035 -1.063685564138498 -1.8374661238996282 0.0 0.0 
r -2.1585364689072963 0.12308668544830274 1.7543794041613106 -1.0320982849974178 -1.8448307808338318 0.0 0.0 
r -2.156808225849254 0.1216930898809667 1.7529928563823325 -1.0205564465300345 -1.857996606794944 0.0 0.0 
r -2.1477793256220212 0.12195062265152183 1.7569183702300768 -1.0790633731382235 -1.8897240762693341 0.0 0.0 
r -2.1571174881091624 0.1215693169268236 1.7526903828506355 -1.119643774397808 -1.9105281577442352 0.0 0.0 
r -2.155688088226988 0.12082433386028289 1.752138911407787 -1.186519744778328 -1.8852395372119441 0.0 0.0 
r -2.148621084841439 0.12203452117305218 1.7567101003407117 -1.231330607723031 -1.8787642267738904 0.0 0.0 
r -2.1213599127219087 0.12106284876315603 1.7664394847672482 -1.249034918687859 -1.8530889590329476 0.0 0.0 
r -2.12026835552072 0.12202571481287991 1.7684418557802644 -1.228048397634082 -1.8191181094946507 0.0 0.0 
r -2.1148511927635796 0.11923911542134374 1.7663100412270603 -1.2011763778981566 -1.7969308573440455 0.0 0.0 
r -2.1061646509947085 0.11875594601163161 1.7693055782618476 -1.0561532048855167 -1.7556528175914272 0.0 0.0 
r -2.0982550685058374 0.11749297349977943 1.7707243037453477 -0.8543337790678756 -1.702558032520281 0.0 0.0 
r -2.0912163852819585 0.12134857056770798 1.7804484760260062 -1.2691767159330583 -1.8046188682357776 0.0 0.0 
r -2.0924561511257966 0.12274638110812998 1.7822257050486543 -1.3237480520901723 -1.8303316814328636 0.0 0.0 
r -2.0848933822299758 0.12189304541411505 1.7843980785212685 -1.239765782131102 -1.714565847714304 0.0 0.0 
r -2.0742724736782434 0.12123407344331807 1.7884721129589491 -0.3937163797482447 -1.610747082764076 0.0 0.0 
r -2.0649131020630036 0.12259903346328925 1.795663349283574 -0.5271684307702389 -1.622608224967789 0.0 0.0 
r -2.057590123263951 0.12130684496950384 1.7971728562413058 -0.2768165328354367 -1.5964769179962113 0.0 0.0 
r -2.0539152436432615 0.12260799963842534 1.8015169251939782 -2.9110808715725645 1.5903971340957739 0.0 0.0 
r -2.045531837473428 0.1242863663993358 1.8092557809096075 1.6950176375707715 1.6880052821098617 0.0 0.0 
r -2.039357519326769 0.12524151445409773 1.8145867858616194 -2.32105729810172 1.6326300723992253 0.0 0.0 
r -2.0348338069591625 0.1260080694218864 1.8187015492304925 -1.8028227596268387 1.7259169165157286 0.0 0.0 
r -2.0383380317225916 0.12837991713705213 1.821119086299381 1.7801195545338733 1.793506048413943 0.0 0.0 
r -2.038765086496805 0.13021592093064233 1.8243293167236925 1.8198216714641546 1.8220456659966742 0.0 0.0 
r -2.0383643467241375 0.13101485267591587 1.8260787744172198 1.752069688394091 1.8016101012583634 0.0 0.0 
r -2.0365052807415625 0.13098381324188504 1.8271528039000482 -1.6642556296368944 1.874615317923635 0.0 0.0 
r -2.033036409269082 0.13014095377463697 1.827677778009432 -1.7530983267318003 1.881397425357962 0.0 0.0 
r -2.0322666693997173 0.12984056581259795 1.827577653827654 -1.7839869476242727 1.8404040381411977 0.0 0.0 
r -2.024039949374758 0.1267872067794707 1.8267693102160434 1.585555736023926 1.8564720296884887 0.0 0.0 
r -2.0333979117562 0.12784250047256898 1.823065850474326 -1.7566960489994807 1.8132558018121325 0.0 0.0 
r -2.037529889118679 0.12966588546544022 1.8240356801793498 -1.780232600996834 1.8550729294585828 0.0 0.0 
r -2.0404088094898043 0.13041308715899724 1.8237113813883312 -1.807386596570331 1.8766322140580833 0.0 0.0 
r -2.042562725385297 0.13156807496787382 1.824582492909467 -1.8083755066825729 1.8692330786346403 0.0 0.0 
r -2.0457035988077417 0.1325703755998113 1.8245671956090346 -1.7953285297716797 1.8500067973704883 0.0 0.0 
r -2.0289787355536006 0.13158130648918812 1.8329682017757762 -1.8125592456472954 1.8302542308905478 0.0 0.0 
r -2.040276101358619 0.13371339411471328 1.8299865569033291 -1.7947264883292462 1.8315163967254111 0.0 0.0 
r -2.046331668302738 0.1346381499115588 1.8280195801709833 -1.7917843366566852 1.8317892411631247 0.0 0.0 
r -2.0509207035704557 0.13586019450077588 1.8275054971178692 -1.8133994631725632 1.8418721962273281 0.0 0.0 
r -2.0477366255230622 0.1332259818004653 1.8245670896959907 -1.7617904553279002 1.7936044631650756 0.0 0.0 
r -2.04887844513796 0.13298283041022577 1.823440334751081 -1.8033565894697086 1.7766431280026973 0.0 0.0 
r -2.0478883007183737 0.13302733360299412 1.8241101557575221 -1.866811739202919 1.762719315590333 0.0 0.0 
r -2.046120375500857 0.1327930601092001 1.8247309410347916 -1.8434009422374615 1.7243057220805122 0.0 0.0 
r -2.054135216793252 0.13305873341023502 1.8204927522515835 -1.7141821333836995 1.7360233385436319 0.0 0.0 
r -2.0637430768799616 0.134384187170567 1.8173586202307341 -2.057210365266114 1.7390541325421545 0.0 0.0 
r -2.068383980123814 0.13477977057396048 1.8154427740664005 -2.026655361043148 1.7172679243880904 0.0 0.0 
r -2.0741224170930703 0.13436643494534356 1.811537804234559 -2.9605054852090444 1.5830345814693245 0.0 0.0 
r -2.0855913904071657 0.13117356053468468 1.7999296940039815 -2.8094913962884243 1.6382134991506605 0.0 0.0 
r -2.0856733449750084 0.13151059626513445 1.800462161408194 -2.8319230216217615 1.6271034768471968 0.0 0.0 
r -2.0746367598456184 0.1307193587486404 1.8048952099981008 -0.14698674639355302 -1.591253455839479 0.0 0.0 
r -2.077607357076846 0.12802640962717576 1.7986418446460055 -0.45838690494962264 -1.6322945510497264 0.0 0.0 
r -2.0846839728383184 0.12665349885847765 1.792664563827891 -0.821535495739457 -1.7229409113784255 0.0 0.0 
r -2.0845569736812424 0.12500692684416198 1.7899055452384744 -0.7865836870144918 -1.8090129743890624 0.0 0.0 
r -2.0796076450806775 0.12113665526600863 1.785664852006653 -0.6635526850562864 -1.756516238251796 0.0 0.0 
r -2.08485719637961 0.1202009233629161 1.781509605122993 -0.37342799910411767 -1.6479669330121072 0.0 0.0 
r -2.094014523919143 0.12065760228311402 1.7779703818860872 -0.3132669699062295 -1.6337592487151953 0.0 0.0 
r -2.105004534387912 0.11747896121089516 1.7677133929399789 -0.42129765966788507 -1.703462893782058 0.0 0.0 
r -2.106564956964781 0.11696949197271787 1.7661947955460655 -0.46128321661489907 -1.7398154108135382 0.0 0.0 
r -2.112585845746448 0.11763219347092153 1.7646824440621016 -0.4986301081217708 -1.763511752970489 0.0 0.0 
r -2.1093202468560497 0.11876388042152039 1.7679350728796797 -0.593743413884044 -1.8106720172915838 0.0 0.0 
r -2.1070147085079745 0.11917277199896409 1.7696152658477375 -0.81090233931518 -1.9809911466714876 0.0 0.0 
r -2.106722422022867 0.11914933179612662 1.769705714548178 -0.8124230554600479 -1.9942338991097075 0.0 0.0 
r -2.1015572107087017 0.11809025846364166 1.7702459626931395 -0.8525891121707074 -1.9847552376854076 0.0 0.0 
r -2.0885701389373645 0.11560430753375853 1.771903108626575 -0.6332080972240907 -1.8047842433550751 0.0 0.0 
r -2.0925838383088786 0.11631670523919427 1.771294930457766 -0.6292194775892885 -1.808977863618172 0.0 0.0 
r -2.091117639200016 0.11631748017399544 1.7719600880645494 -0.6834558610069517 -1.8447311530136195 0.0 0.0 
r -2.0907105380370252 0.11622144941662636 1.7719817333801817 -0.6847307758113154 -1.849832899568561 0.0 0.0 
r -2.0812251005258684 0.11420505178240697 1.7728581626047097 -0.6869179871471133 -1.8580513272263106 0.0 0.0 
r -2.0693514768279018 0.11343611410900416 1.7770765098705217 -0.6514667050824136 -1.8087666590878555 0.0 0.0 
r -2.0734192634361017 0.1139439041317571 1.7760453126540445 -0.6126391874139037 -1.8100352642710063 0.0 0.0 
r -2.074514248346028 0.1136241166997309 1.774965150845554 -0.7033331949884348 -1.9079833418567091 0.0 0.0 
r -2.0643727998923174 0.11247705673257043 1.7777452455050577 -0.6318272565858554 -1.8453363174442454 0.0 0.0 
r -2.069250011948903 0.11460138292093053 1.779201964208228 -0.7249837596191225 -1.8993870562262025 0.0 0.0 
r -2.071672820230368 0.11505322107666739 1.7788396697654316 -0.5439212511237359 -1.7738982292779628 0.0 0.0 
r -2.073508533014499 0.1166556923836718 1.7807889899159448 -0.4130148383578803 -1.7249539101041451 0.0 0.0 
r -2.0910844969524542 0.14281104301952768 1.8166844658251375 -1.05330291157789 -1.7050334466500736 0.0 0.0 
r -2.098489363067398 0.1425852060177068 1.8123062582433758 -0.9532509533232608 -1.6732059193362367 0.0 0.0 
r -2.096872648182752 0.1417866148092089 1.8118483918575554 -0.8104308556349277 -1.6670727924409425 0.0 0.0 
r -2.100424656214969 0.14169167573525004 1.809806607581982 -0.7289096233835309 -1.6639026050167962 0.0 0.0 
r -2.0702066716103156 0.13260144954668066 1.810592406804918 -0.07306744668554077 -1.583788353411691 0.0 0.0 
r -2.0517101104585773 0.13019615962016406 1.8166651917398633 -3.058879214489943 1.5844561486145678 0.0 0.0 
r -2.0461886724208878 0.12966937693519878 1.8188971486153045 -2.096278699133227 1.7413714893605425 0.0 0.0 
r -2.0377565219551275 0.12814807245062693 1.8210275334027362 -1.9628624120738027 1.839719484940876 0.0 0.0 
r -2.0322666714111732 0.12639233622272653 1.8209717442345823 -2.0634327510199215 1.7198108223934445 0.0 0.0 
r -2.031118835094727 0.12708153722373358 1.8229888080328873 -2.048019263164209 1.7255443469957805 0.0 0.0 
r -2.0375768125305935 0.12881686531771142 1.8224009322933936 -1.6762910341993948 2.0750247687930723 0.0 0.0 
r -2.040871619992763 0.12961472775361307 1.8219347998913942 -1.6306362279689879 1.9990890901237193 0.0 0.0 
r -2.0409141620974918 0.1289259205077077 1.8206156061288765 -1.8760355941360867 1.9895302183533694 0.0 0.0 
r -2.0418606292445975 0.12901689823531304 1.8202257208626313 1.692968295031233 2.1064466259479326 0.0 0.0 
r -2.045532886495189 0.12924992679251238 1.8185012804858411 1.7338820658559717 2.1139475206597216 0.0 0.0 
r -2.041243851265211 0.1279446603823271 1.8185772318773414 1.7047776758768904 2.11140573982246 0.0 0.0 
r -2.046377827775191 0.12860610995961305 1.8168126560044218 1.5960249891536737 2.1076436895429955 0.0 0.0 
r -2.041879419577122 0.12825099474197946 1.8187783301696854 1.7251401938830417 2.1035323742101637 0.0 0.0 
r -2.0284444449513157 0.12617615483895286 1.8228695740225611 1.8138180133225998 2.1135496074401603 0.0 0.0 
r -2.0007876295758464 0.125720897549006 1.8397089793258625 1.809608538626775 2.1578910206904642 0.0 0.0 
r -1.9910802685970423 0.12858411851966223 1.8524193391904866 1.897797350253784 2.227039702731817 0.0 0.0 
r -2.0031776466398603 0.12719083405490708 1.8411093397954712 1.838258058568381 2.198376128734334 0.0 0.0 
r -2.007699803439137 0.12681939168877504 1.8373257300242782 1.9551325556883095 2.1924743340229087 0.0 0.0 
r -2.0367412781785115 0.12879516691457374 1.8228618705247657 2.0156365270135974 2.3027499735072205 0.0 0.0 
r -2.047128493980316 0.13002614938693408 1.8190092408554526 2.1565829538914563 2.483266670672705 0.0 0.0 
r -2.056057714385979 0.13237129847103096 1.818130887428445 2.232129957723206 2.5270430478605683 0.0 0.0 
r -2.022666269257103 0.12583462713504415 1.8257597273111765 2.3441985051476824 2.5942275780553827 0.0 0.0 
r -2.026042848839166 0.12792268838582635 1.8277343720481192 2.408229506742584 2.6401312664053767 0.0 0.0 
r -2.006017934275453 0.1229766693071724 1.8306196227016232 2.4667093451527773 2.698537262951299 0.0 0.0 
r -2.008805776624296 0.12144803742710017 1.8257191042441312 2.522204824555498 2.8151864923703593 0.0 0.0 
r -1.9983883326068932 0.11774148670258962 1.8247616214318227 2.5852475735039464 2.8734355885664615 0.0 0.0 
r -1.9759649080437907 0.11102337353580669 1.8250945694044791 2.6206240936498366 2.97321580844193 0.0 0.0 
r -1.966091762623479 0.10790838905016255 1.8248095176176733 2.6701276344275864 2.9734027905454607 0.0 0.0 
r -1.959919631983991 0.10516606272595651 1.82275871002081 2.6978169391902282 2.8984252656667815 0.0 0.0 
r -1.9580031322570086 0.10373215298884189 1.820748097587199 2.717009894332933 3.0021399923643215 0.0 0.0 
r -1.9540812071464946 0.10186417851063224 1.8190664176385156 2.726777593556746 0.21997248770567385 0.0 0.0 
r -1.9487516613525424 0.09916052744697393 1.8163103329409445 2.719077387392608 0.31537436078794423 0.0 0.0 
r -1.9452698959854025 0.09801280628962336 1.815950263767929 2.702407422771564 0.34165840015647203 0.0 0.0 
r -1.9473026423237632 0.09862637400211276 1.816026306129367 2.7324506051067905 0.44432822243477377 0.0 0.0 
r -1.9476936409907835 0.09880348222254881 1.816182448258521 2.733310947242479 0.3746610565687284 0.0 0.0 
r -1.947153995715771 0.09822277834862483 1.8151581128487864 2.718537008845846 0.47888194557581376 0.0 0.0 
r -1.9487298377733588 0.09878850143484683 1.8154347574038514 2.7076869753264754 0.38195197071469317 0.0 0.0 
r -1.9527893303744792 0.09986095459694623 1.815219310371318 2.700279865978018 0.36105172298482435 0.0 0.0 
r -1.9519910120331252 0.09979782573746676 1.8156124896567554 2.695386147036057 0.33011907639928845 0.0 0.0 
r -1.9533991380894014 0.10007471796716325 1.815311089737604 2.689668743517688 0.33394281139822185 0.0 0.0 
r -1.952098124715827 0.09921683006991587 1.8141614375546407 2.6883010544727 0.36440886313269366 0.0 0.0 
r -1.9522789284797892 0.09871456899466399 1.8128476163137224 2.6940692835796685 0.31324998429221046 0.0 0.0 
r -1.953222351136718 0.09864204152353934 1.812041958689516 2.6921925607517454 0.30910305189674364 0.0 0.0 
r -1.9517985719886808 0.09857685480434815 1.8128442977126222 2.68839670407075 0.286908094672321 0.0 0.0 
r -1.9575466675056266 0.09974450145805214 1.811752856170497 2.675882579540305 0.2439992483684622 0.0 0.0 
r -1.9553109816738432 0.09959811520349224 1.812899293307691 2.6472866376754913 0.04009604886533053 0.0 0.0 
r -1.9553737423339765 0.09997364147765707 1.813740394048456 2.690695787420971 2.8413201598716142 0.0 0.0 
r -1.9565326510217305 0.1002181123588802 1.8135373957858771 2.5938851553152382 2.628798990321076 0.0 0.0 
r -1.956789566009067 0.10062570530551936 1.8143200326605855 2.5810843077096655 2.400217149930852 0.0 0.0 
r -1.9511843076707873 0.09968366855704867 1.8158914960165098 2.5568596876736236 2.1921934501915286 0.0 0.0 
r -1.9447596060826784 0.09905901747382322 1.8188350145035945 2.562528158979751 2.050964151137215 0.0 0.0 
r -1.9420381934670465 0.09876025747614199 1.8200242403721738 2.5708297591873586 1.9946492325957834 0.0 0.0 
r -1.9885143404377574 0.11258817175507979 1.8202374427906751 2.6162102293718 1.9018288428729535 0.0 0.0 
r -1.9965203478649556 0.11237778455667384 1.8147147402052175 2.5053919196253145 1.896907980425246 0.0 0.0 
r -2.0070734998974293 0.11580480465629107 1.8153008351579225 2.53681583800761 1.8202418231498156 0.0 0.0 
r -2.001561799665221 0.11378951896572831 1.8145380720392787 2.525224781080492 1.7723946475217884 0.0 0.0 
r -2.0171588937472267 0.11268579006977396 1.8029932875912011 2.544240465550377 1.7213932833866596 0.0 0.0 
r -2.006417070443651 0.11084189157512778 1.8055124380271055 2.4446850233807886 1.6922127059818652 0.0 0.0 
r -1.9832478201331445 0.1095637459569796 1.8171018200686235 2.2457856013720785 1.7038953513768738 0.0 0.0 
r -1.9923232222852014 0.11031818027721738 1.8129743046376312 2.1315286446159956 1.6569793943890443 0.0 0.0 
r -1.9965672744514582 0.1095456071128684 1.8087229018354734 1.8967866340071438 1.6310231513345572 0.0 0.0 
r -2.014143851925511 0.11186364707492964 1.8030777999380463 1.5920072789621416 1.618651089171877 0.0 0.0 
r -2.021775931743896 0.11303251173470541 1.8010492520025023 -2.8239729338904205 1.5884482449854331 0.0 0.0 
r -1.988885766050127 0.11132214177744573 1.8172860369231598 -2.620347392347942 1.6196818126552588 0.0 0.0 
r -2.013609639591858 0.11650322813777281 1.8127514877123685 -2.7798601856409855 1.5952491252548933 0.0 0.0 
r -2.027417634195622 0.11870505998468465 1.8089694882868503 -2.805493144785673 1.6014680065773343 0.0 0.0 
r -2.0385197939285984 0.12097789672213081 1.8069894815287477 -0.07039139268461163 -1.576555685817879 0.0 0.0 
r -2.041155903556554 0.12169899897095199 1.8068675393432538 -2.9138537316054944 1.5861351381822204 0.0 0.0 
r -2.048312679842198 0.12409579180898689 1.8073402372274245 -0.43362674829209474 -1.5860470610758013 0.0 0.0 
r -2.0481809715313712 0.12483272778099956 1.8087807126776765 -0.5235524985137844 -1.6116119970225657 0.0 0.0 
r -2.0502864073238407 0.12547987886686182 1.808797567446822 -0.6242870085732088 -1.610086266086544 0.0 0.0 
r -2.0481514728925125 0.12472082721877037 1.8085897378998699 -1.4776402481865396 -1.6225897944927425 0.0 0.0 
r -2.0364140450290904 0.12564995456907796 1.8170841332678584 -1.404074568429844 -1.6131154410820372 0.0 0.0 
r -2.040213499139848 0.125366612536592 1.8143259237761562 -0.45228058572897334 -1.5841936171969906 0.0 0.0 
r -2.045419372066573 0.1264961256668337 1.8134404231705756 -1.4838096847320976 -1.609151452296954 0.0 0.0 
r -2.0435627547214423 0.12624451361305136 1.8140384352557757 -0.9184856925917493 -1.6087143939519966 0.0 0.0 
r -2.0345514555782276 0.12428675849347633 1.8155813321068548 -0.6155842046788865 -1.6032771459449586 0.0 0.0 
r -2.036703904056714 0.12488161715009723 1.8154527322411553 -0.09425224498579983 -1.577122793241173 0.0 0.0 
r -2.036641313850499 0.12591649933025997 1.8174568434765024 1.2320933544964476 -1.6181976239750568 0.0 0.0 
r -2.0347455609857974 0.12481669731121356 1.8164795988779956 0.7296037519834978 -1.5944940202248705 0.0 0.0 
r -2.0303957494537657 0.12362042426198835 1.8167569608700256 -0.856165542994319 -1.625160065236154 0.0 0.0 
r -2.024024245014802 0.12182539911069303 1.8170713857377718 -1.0918059079964126 -1.6732305049658482 0.0 0.0 
r -2.0180210010166633 0.12009082488343341 1.8172702781043735 -1.0535862733639818 -1.6811922811281619 0.0 0.0 
r -2.0120960269086283 0.1156376401089309 1.8119129572438306 -0.9305591436328425 -1.7056476283931006 0.0 0.0 
r -2.008927314394054 0.11383364544259658 1.8101483557075135 -0.9881923261300658 -1.7441188528817275 0.0 0.0 
r -2.0253481554089405 0.11543990269462469 1.8037700292842094 -0.7715778707981915 -1.7334632559091623 0.0 0.0 
r -2.020639926813552 0.11228454327007295 1.800206941541782 -1.059023624513688 -1.8402503016054979 0.0 0.0 
r -2.042344024607366 0.11552508774316714 1.794556593049655 -1.0209184506882456 -1.8664318873848487 0.0 0.0 
r -2.0598674306218054 0.11898056381171097 1.7917551990686131 -1.2653543573694324 -1.9892173462900193 0.0 0.0 
r -2.0965507000076213 0.12410552927262361 1.7825685792267039 -1.1246706144263268 -1.9280075865357846 0.0 0.0 
r -2.090591991349456 0.1209533130498804 1.7800728494788722 -1.1407910840260997 -1.9473269187088413 0.0 0.0 
r -2.087816920967307 0.11996409975874961 1.7796983628392395 -0.6381119031524299 -1.7287379313570763 0.0 0.0 
r -2.0889040098175338 0.11938588003844866 1.7782008573403212 -1.1984255887629232 -2.032003739205129 0.0 0.0 
r -2.0903647278484607 0.11612563530024808 1.7719758582458947 -1.106556125198752 -2.0569514886740268 0.0 0.0 
r -2.09084163720238 0.11370658608081391 1.7676457209193166 -1.0293253063716419 -2.076360408050672 0.0 0.0 
r -2.1261404405987174 0.11575557385205862 1.7560429581820467 -1.044175524214933 -2.111555160681985 0.0 0.0 
r -2.135685439404956 0.11744192584951565 1.754849658844253 -1.1346283023102566 -2.1705694333076764 0.0 0.0 
r -2.204414572826315 0.12074705527689482 1.7344774236078246 -0.8130305576937524 -2.050766506157676 0.0 0.0 
r -2.1955829161578633 0.12066954511378657 1.7373819920937792 -1.206586126174823 -2.3339269396124847 0.0 0.0 
r -2.1238703444922895 0.11570761202720589 1.756887470509076 -0.9712768871041018 -2.0344412571510317 0.0 0.0 
r -2.1257099830408084 0.11865252903590882 1.7607901771814412 -0.946512000369144 -2.002608713573646 0.0 0.0 
r -2.092650412072156 0.11847714600528723 1.774920458465984 -1.0195436840674592 -2.087360410512795 0.0 0.0 
r -2.0998511130516118 0.11847405365199846 1.7716463410693855 -1.1000636734223175 -2.177849524006284 0.0 0.0 
r -2.109593857967817 0.11760254049570468 1.7659204455891038 -0.8902406222769842 -2.0797638755718104 0.0 0.0 
r -2.1059923469685207 0.11790450731747884 1.7679814968611902 -1.055172645260086 -2.1227749963300253 0.0 0.0 
r -2.109080823966357 0.11778121330854888 1.7664341692862375 -0.9835759437544846 -2.050303083517045 0.0 0.0 
r -2.1060826986299945 0.11628387034501263 1.7652762427998072 -1.0314473984462984 -2.0465424280785287 0.0 0.0 
r -2.102683009835678 0.11513933353941219 1.7648563160366124 -0.9593914844483917 -1.9795440103914153 0.0 0.0 
r -2.094441426235477 0.11371802529600253 1.766073386624071 -0.9171325480964685 -1.9784379814095048 0.0 0.0 
r -2.09402963258587 0.11574713133060345 1.769681936696236 -0.2423651289099228 -1.6799120760522885 0.0 0.0 
r -2.093720765836776 0.11855208871884082 1.7745561130858267 -0.4055388509024734 -1.7215063515143123 0.0 0.0 
r -2.0867095575020143 0.1211542012523549 1.7822584512812851 -0.6517399629023093 -1.794453150484517 0.0 0.0 
r -2.0737752791638853 0.12179491031952717 1.7897064076784843 -0.8383684888998572 -1.8253939030344883 0.0 0.0 
r -2.064270907622867 0.12262187651909169 1.7960390111454072 -0.9628210606881001 -1.7832422670830588 0.0 0.0 
r -2.041280690520921 0.1125354563815829 1.7894581149457216 -0.8294366941240504 -1.7054227671626612 0.0 0.0 
r -2.06048942245679 0.12304489662015997 1.798790180221289 -0.6348369717578484 -1.6438585757274553 0.0 0.0 
r -2.065787065090193 0.12592155501637703 1.801142330958598 -1.338700353137823 -1.6607147385992307 0.0 0.0 
r -2.0457864802723593 0.12420881467918475 1.8089674621930991 -0.9007685583784879 -1.6169495277713184 0.0 0.0 
r -2.042299339254652 0.1232724495284437 1.8091855217442059 -0.7127040923737448 -1.5928719782868785 0.0 0.0 
r -2.0406053623538485 0.12198524517593495 1.8077185204231796 -2.6544859781603183 1.5947412018723288 0.0 0.0 
r -2.037910035714538 0.1223795384848317 1.809998683200304 -2.69564648465649 1.6084728706630054 0.0 0.0 
r -2.0480735210780314 0.12702050471811718 1.812896246718022 -1.608580833195231 1.604879328420327 0.0 0.0 
r -2.055687634436633 0.129658477988903 1.8134137564168835 -1.636036118417282 1.6980722807621402 0.0 0.0 
r -2.034142924497983 0.12591034581273577 1.8189259531807291 1.8900351717514603 1.6565850115683742 0.0 0.0 
r -2.0493585215140575 0.12950387385854276 1.816748190904858 1.6849146520369538 1.6677541512631635 0.0 0.0 
r -2.041110947480143 0.12654242646438038 1.8160189533722106 1.9356170668373978 1.697304585351317 0.0 0.0 
r -2.039439938204341 0.1257655557542002 1.8155289843281304 1.684450741423554 1.6822815053380347 0.0 0.0 
r -2.0439723410247947 0.12659760946194049 1.8144625785078619 2.060868525198947 1.676091363144316 0.0 0.0 
r -2.0379850801398307 0.1252995994046575 1.8154967842111451 -1.7650704565317719 1.732341311978695 0.0 0.0 
r -2.035521473418968 0.12556717582501878 1.8174533284458974 1.8574346535904256 1.7527797207651894 0.0 0.0 
r -2.0194908035302177 0.12164769558863277 1.819466008350439 1.7656550587323652 1.7605818649103782 0.0 0.0 
r -2.017264144066912 0.12175238348582483 1.821039188646372 -1.6495405478258718 1.7624691453697456 0.0 0.0 
r -2.015851750476769 0.12039510132133639 1.8192003478723948 1.7460136248957376 1.8191079702288941 0.0 0.0 
r -2.0123268749569503 0.12049168169771202 1.8215716293537643 1.723333262017115 1.8821668771736775 0.0 0.0 
r -2.011421539296281 0.12118217232857968 1.8235294543484564 1.798775472670211 1.8930271797325302 0.0 0.0 
r -2.014791126574168 0.12134345414226412 1.8217514660788332 1.9546891041657986 1.9482918936793552 0.0 0.0 
r -2.0146786405852426 0.12059265754438578 1.8203173281216343 2.1036878030426287 1.9846969147135733 0.0 0.0 
r -2.0077051487690243 0.1183928140071293 1.8201970711296798 2.2287299314341342 2.022215133264478 0.0 0.0 
r -2.013036720420832 0.12002140901197579 1.8201845230443403 2.35500013233402 2.040067452247552 0.0 0.0 
r -2.0168617894623155 0.12084030307977464 1.8194697290849982 2.4998967497182973 2.086734949503696 0.0 0.0 
r -2.0218503293216283 0.12139716079753578 1.8175388501686658 2.5963197065785435 2.119792481952743 0.0 0.0 
r -2.0167045799965275 0.11957414476645536 1.8170399998306301 2.675977685933536 2.145160837339179 0.0 0.0 
r -1.9617429300049065 0.10262236118952303 1.8156463385882142 2.6968582024391385 2.260379502310985 0.0 0.0 
r -1.9621475028314639 0.1025660108974584 1.815246597335101 2.7438124642897774 2.4724220161669797 0.0 0.0 
r -1.9602577943720267 0.10045866636164905 1.8116237259595012 2.7644572616611054 2.6256397047991773 0.0 0.0 
r -1.9655922973132576 0.09981874719203632 1.806682193881808 2.7704378003482035 3.011204573124612 0.0 0.0 
r -1.9663488105216373 0.09923977638709472 1.8048741986322245 2.8007086559819663 3.0811986997438012 0.0 0.0 
r -1.9601298635319824 0.09773195628345331 1.8053686622473513 2.853712436810912 0.23947376632970072 0.0 0.0 
r -1.9607390364632378 0.09825962160334713 1.8062031981404425 2.8760342325095762 0.4656545881816509 0.0 0.0 
r -1.9601188507983878 0.09841926683302661 1.8069752641700174 2.9351580840639997 0.772320479497714 0.0 0.0 
r -1.9587619159860177 0.09799357118021772 1.806863088328749 2.91337164995175 0.704094228300388 0.0 0.0 
r -1.9574789601952802 0.09759769554775496 1.806770891439256 2.9287804280980017 0.8102463537040867 0.0 0.0 
r -1.9594422764355217 0.09786667544001618 1.806126128645512 2.942277873898829 0.7432436138132085 0.0 0.0 
r -1.9608293981794163 0.0973511609374118 1.804034032822135 2.9398086010041107 0.7143575668368992 0.0 0.0 
r -1.9577634518436504 0.09539728787130741 1.801426775022188 2.9220021087995427 0.5490642055076748 0.0 0.0 
r -1.9664417800737142 0.09814113310338661 1.8023003475139805 2.916163606596293 0.41166141796729205 0.0 0.0 
r -1.9706383175854416 0.09955529812461571 1.8028925262189859 2.9103561370117683 0.6110670521362989 0.0 0.0 
r -1.9736176523595828 0.10063616040359744 1.8034720258552466 2.9079403817553975 0.7000545539774471 0.0 0.0 
r -1.971270392097979 0.10006162220020928 1.8036424540035483 2.8927908238164175 0.5577844652268505 0.0 0.0 
r -1.973133593737352 0.09991933618015518 1.8021620685820434 2.8867252797632657 0.5002318810818063 0.0 0.0 
r -1.9702012702741725 0.09947740994976509 1.802989142686384 2.8755998081631637 0.49621866661684394 0.0 0.0 
r -1.9675438374805863 0.09922662217743776 1.8040879195773456 2.8716289678891576 0.41866807313979926 0.0 0.0 
r -1.9658762688204336 0.09937906203941595 1.8054934754881329 2.8709320046698235 0.1732210820826751 0.0 0.0 
r -1.9664750102126705 0.0997521739966523 1.8059661176324964 2.8423328645802326 3.0867168206160045 0.0 0.0 
r -1.9667595512652225 0.09958997319623582 1.805414276900882 2.8092721107110274 2.7163453907539803 0.0 0.0 
r -1.9665423528742534 0.09990123279405226 1.8062639932400235 2.9509939060397006 1.129405442925035 0.0 0.0 
r -1.9653033643081967 0.09997955143106316 1.8072359870255195 2.8034696050401307 2.1824971688542663 0.0 0.0 
r -1.9636067878475323 0.10026639592083528 1.8089894483751103 2.8158043123930736 2.0159419804854686 0.0 0.0 
r -1.9630293490753847 0.09968801646909953 1.8080305212282088 2.772952114090177 1.9071791122482922 0.0 0.0 
r -1.963300185635498 0.09975691122797418 1.8080142842860574 2.7133429492296086 1.8434438957053016 0.0 0.0 
r -1.956032247303749 0.09722214289194926 1.8068318937636754 2.6374763244535098 1.8040508231845882 0.0 0.0 
r -1.9930559602724185 0.10741629812100757 1.8063472281023087 2.683123405929954 1.790442856699194 0.0 0.0 
r -1.995442452551299 0.10900943119980765 1.8082760669658544 2.6960170694113352 1.730637585046836 0.0 0.0 
r -2.0000065575402948 0.10954509618259618 1.8066422572417793 2.5915879338611325 1.7192808445978902 0.0 0.0 
r -1.9979133386911685 0.1085448020558057 1.8058019497063589 2.5726553806282024 1.6745554576534103 0.0 0.0 
r -1.9882934886702666 0.10533039085702212 1.8047716554224607 2.2164506476316133 1.6590852086220815 0.0 0.0 
r -1.9643509584084484 0.09961044880232628 1.8070000312699037 2.236035334254855 1.5895923764197353 0.0 0.0 
r -1.9821676514575028 0.10411311435159913 1.8058816027539153 1.6959262385624563 1.615187036008564 0.0 0.0 
r -1.9924801774406307 0.10713028297919816 1.806087347853179 -2.1922408544529075 1.603136489674244 0.0 0.0 
r -1.9872685480992587 0.10517172138597881 1.8050535266493086 -3.1088575479973315 1.572488908983842 0.0 0.0 
r -1.992291573297872 0.10617011882203214 1.8041527013591199 -0.15113218863449623 -1.5802592657878014 0.0 0.0 
r -1.9924977657898717 0.10587210761235297 1.8033924707172366 -0.09632582415803202 -1.5808625965435388 0.0 0.0 
r -1.9897641022806376 0.10492228243860778 1.8030022331662994 -0.17182361795442225 -1.5899929937337893 0.0 0.0 
r -1.9937555313264448 0.10466994335496638 1.8000795258264137 -3.128982426470955 1.5720169392756427 0.0 0.0 
r -2.0781376057061616 0.1259809109548674 1.7948148121031275 -0.4343317389180006 -1.604602985686896 0.0 0.0 
r -2.0917272933935878 0.12859988429996738 1.7924571550421247 -0.16085851691920125 -1.5904033025132533 0.0 0.0 
r -2.106181355816955 0.1263090526070484 1.7816904796996926 -0.011377593775611424 -1.5724914972229678 0.0 0.0 
r -2.129516461472469 0.12916822495742436 1.7756521490057013 -0.00765464773733888 -1.5717648982926342 0.0 0.0 
r -2.1411614931079326 0.13002874072964551 1.7718911504822976 -3.078301382509665 1.5779487141765831 0.0 0.0 
r -2.147101012770375 0.13000079647293114 1.7693133968663786 -2.941133399676235 1.5937053758420467 0.0 0.0 
r -2.1530769836187447 0.13156987448024401 1.7691376655658824 -0.23490163319748086 -1.5922253848868073 0.0 0.0 
r -2.143469666620468 0.13017414432536967 1.7711208065688153 -0.5105966548966422 -1.6314091569550113 0.0 0.0 
r -2.1380194937168224 0.13034258215753575 1.773731319225558 -0.7479747595202599 -1.7039433627968372 0.0 0.0 
r -2.1323694871131673 0.12950923173830095 1.7749219616305574 -0.5696237940834911 -1.6850939717527231 0.0 0.0 
r -2.151819890150934 0.13131437416076314 1.7692868579254974 -0.4786787070658674 -1.661487626113216 0.0 0.0 
r -2.16435003829413 0.13149273799071232 1.7643595854427687 -0.4718685675629575 -1.672264175908633 0.0 0.0 
r -2.199662494932226 0.13501615201223405 1.7554255781006798 -0.5282628886278625 -1.6725251724171035 0.0 0.0 
r -2.1845503095355125 0.13060784759277513 1.7551264518577032 -0.6342507566905015 -1.7662770409740842 0.0 0.0 
r -2.1762382813381747 0.12756872821403023 1.7540304522441155 -0.6434446309267416 -1.800893479091894 0.0 0.0 
r -2.19353268009706 0.1278939846450297 1.7480085766661597 -0.5564990235002083 -1.7761240598545447 0.0 0.0 
r -2.226401920490892 0.1307283987635368 1.7401131087764043 -0.5746380839380283 -1.77496098315875 0.0 0.0 
r -2.265953351285071 0.1341413584934438 1.7312103587650833 -0.6180744668795127 -1.7808109292035659 0.0 0.0 
r -2.2687850219385433 0.13390995133689404 1.7300317756288395 -0.7819189805786932 -1.8707155575334926 0.0 0.0 
r -2.2817718337320665 0.1349711986199958 1.7271871584252199 -0.8571041920533128 -1.9074925328978616 0.0 0.0 
r -2.288531007217294 0.1361004799014337 1.7263858634863776 -0.948611953354589 -1.9648619947830837 0.0 0.0 
r -2.258526696458186 0.1315107199708508 1.7304362338161063 -0.8956699569396448 -2.0268173790111685 0.0 0.0 
r -2.2370698460213063 0.12834218820963228 1.733490074532861 -0.8692262648867357 -2.055615891726653 0.0 0.0 
r -2.222980523514817 0.12679896965430937 1.7362085078260687 -0.8678201758226213 -2.072778249648601 0.0 0.0 
r -2.2147314089869523 0.12587058575287322 1.7377933736737883 -0.8531383404329501 -2.069025730315947 0.0 0.0 
r -2.2079666355685506 0.12515927208946784 1.739174168078633 -0.8512397575768264 -2.070149540851875 0.0 0.0 
r -2.203260550829207 0.12378081259306623 1.7389538851764677 -0.8679608413350441 -2.086014367179781 0.0 0.0 
r -2.1983298948522187 0.12330548721830217 1.7400248555487752 -0.8794619974407121 -2.085175771622392 0.0 0.0 
r -2.202760403668773 0.12384124442510823 1.7392085532892199 -0.8918590780817517 -2.0874834856027165 0.0 0.0 
r -2.208896734442421 0.12267551347254764 1.7355453500708087 -0.8914309924193271 -2.0942543568071503 0.0 0.0 
r -2.2081383778858705 0.12140306280738113 1.734104212474962 -0.8931954980273785 -2.105350300123729 0.0 0.0 
r -2.1964343857958193 0.11953232311863585 1.7355351668346508 -0.851471126855785 -2.079145876044425 0.0 0.0 
r -2.1923058493985312 0.11978634123968235 1.7372998686148837 -0.885327516032379 -2.1083720079884394 0.0 0.0 
r -2.1853475562508704 0.12052923755377659 1.740762622674184 -0.8973282091176201 -2.1263434733314 0.0 0.0 
r -2.1797198728106846 0.12058429430462587 1.7428472615516926 -0.9089540850108511 -2.149015675016842 0.0 0.0 
r -2.1739610610162705 0.12108084639667087 1.7456436134345128 -0.8744537910323965 -2.0939560925800045 0.0 0.0 
r -2.1710432124229992 0.1216038523000325 1.747469512609714 -0.8689536727505813 -2.0797718243087475 0.0 0.0 
r -2.173246799938092 0.12438903369735514 1.7506370014513597 -0.8899268611260878 -2.0382596799647974 0.0 0.0 
r -2.1939403689101953 0.1284264455083377 1.7485890781845705 -0.8956173444561435 -1.9882089593767152 0.0 0.0 
r -2.2108237120238012 0.13122044556116053 1.7462254496330896 -0.8334563610980223 -1.9127352306696226 0.0 0.0 
r -2.208335660562014 0.13136086206805336 1.747307847163648 -0.7361117634268975 -1.8406476007626615 0.0 0.0 
r -2.2098523269484955 0.1351912806059224 1.7518427710963835 -0.6443446499533757 -1.7826034658924934 0.0 0.0 
r -2.193345751441948 0.13481801031913265 1.757570415219586 -0.5483273959344633 -1.7443430368102157 0.0 0.0 
r -2.192773410884893 0.13483139184482842 1.7578093829287447 -0.2991776884124253 -1.654794320704735 0.0 0.0 
r -2.179933585899404 0.1343215455726488 1.7621314144946791 -0.18906507382238416 -1.620761500141124 0.0 0.0 
r -2.160649351146306 0.13350518749536044 1.7688174304451847 -0.1994203133551776 -1.623884371919601 0.0 0.0 
r -2.1487982930545253 0.13029949884224432 1.769044690021214 -0.18055820155582772 -1.62193858754734 0.0 0.0 
r -2.1446290067941716 0.12990204073955677 1.7702139102327625 -0.1518254720760914 -1.614705255917727 0.0 0.0 
r -2.1472229857642704 0.1291126663832955 1.767926055701734 -0.04678994644351853 -1.583820013574942 0.0 0.0 
r -2.1500853713500954 0.12884276994044896 1.7663243133100799 -3.1384959279849802 1.5716246373184557 0.0 0.0 
r -2.150366528510079 0.12803946447505796 1.7650064261962226 -3.1041585183423415 1.5806327205722013 0.0 0.0 
r -2.1514572957627407 0.12798046010101022 1.764468344596666 -3.084816214665203 1.585596984830457 0.0 0.0 
r -2.1536135931112668 0.12767564979583587 1.7631303793353859 -3.0681978529960867 1.589907397758265 0.0 0.0 
r -2.152643627633605 0.12848409848645267 1.7647302384267785 -3.0904030209927336 1.5839244445766714 0.0 0.0 
r -2.149413423692293 0.1282167203421772 1.765666382476466 -3.100600478900011 1.581324344771421 0.0 0.0 
r -2.152153936957054 0.12934280495033873 1.7662110494749395 -3.087697774768941 1.584448608559951 0.0 0.0 
r -2.153604868898408 0.13034208396340305 1.7670936685918455 -3.0876775682565203 1.584348859548824 0.0 0.0 
r -2.151545244850548 0.13045811693049092 1.768126567014346 -3.0581681554070586 1.5911379646637098 0.0 0.0 
r -2.1513750400647624 0.13051343979127084 1.7682804051143903 -3.0110462602808807 1.6021836882349967 0.0 0.0 
r -2.149725713640167 0.13053715921901166 1.7690094034528805 -3.006159257924352 1.6035133777538448 0.0 0.0 
r -2.1465700344910874 0.13037365272200047 1.7700996429603644 -3.017606499338021 1.6010897657733631 0.0 0.0 
r -2.1491111029051875 0.1307738325929495 1.7696231959475894 -3.0440895857068306 1.5943607923105607 0.0 0.0 
r -2.1447131593582416 0.13043083420253893 1.7709772463067373 -3.12377938291495 1.5749654458529694 0.0 0.0 
r -2.1413987649650412 0.12971020391651233 1.771304306722833 -0.041577318234014886 -1.5802424743273804 0.0 0.0 
r -2.1293336066717172 0.12816097817494032 1.7741617558441996 -0.031766257060100056 -1.577992198018974 0.0 0.0 
r -2.1187321016188703 0.1256979913718363 1.7749741626449966 -3.0258197130017654 1.5962360330904926 0.0 0.0 
r -2.109500519824077 0.12405458597134246 1.776481003523628 -2.8239644153207277 1.6369816382924167 0.0 0.0 
r -2.0955819508242017 0.12305437882082171 1.781265365204606 -2.960810880875996 1.607562465307116 0.0 0.0 
r -2.098765701945571 0.12536122061109042 1.7836141051163545 -2.3739677101472036 1.6581765633069148 0.0 0.0 
r -2.048074298194291 0.11515979438956428 1.7908432359223132 -2.3196947898674862 1.6837904977645244 0.0 0.0 
r -2.0240984945591594 0.10886716413068778 1.7915129846796756 -2.095087536206675 1.7287098933831841 0.0 0.0 
r -2.0032652260853987 0.10345034671760281 1.7920244500054099 -1.8085952982888682 1.7443587948980466 0.0 0.0 
r -1.9879445613080806 0.1002913842713969 1.7940833122706306 1.7662178607372558 1.7610859473358083 0.0 0.0 
r -1.9895760256199646 0.09900848933854449 1.7903643122603567 2.181299360898042 1.7919342099062712 0.0 0.0 
r -1.9956715938984968 0.10000415566176926 1.7890402522119926 2.4883819917676586 1.8250648062666819 0.0 0.0 
r -2.0079494750516202 0.10320796326008823 1.7889144213845634 2.664620548586774 1.8623154882133577 0.0 0.0 
r -2.020448304977749 0.10698408748093068 1.7897494407286456 2.7994137394422682 1.8652394445409213 0.0 0.0 
r -2.0318310014617524 0.11037668950780587 1.7903109034905247 2.8815987062265567 1.895344073384915 0.0 0.0 
r -2.024233639781038 0.10685028810116866 1.787449306112165 2.8743872529932837 2.204672065397912 0.0 0.0 
r -2.017658807074942 0.10424239984032647 1.7857527731383163 2.8662143689146675 2.843693967232925 0.0 0.0 
r -2.007316393526347 0.10173903296670148 1.786229126279803 2.8765405679279126 0.29165489513592513 0.0 0.0 
r -1.9912709176511247 0.09809063316732397 1.7874217861543997 2.881637094198437 0.6887836563412415 0.0 0.0 
r -1.995871421722863 0.09920194474481182 1.7872211456260056 2.8625071343099284 0.7966870011754342 0.0 0.0 
r -2.002204215474862 0.10105027555263764 1.787603311572904 2.8513179485032047 0.8327517163921878 0.0 0.0 
r -2.0048528364905085 0.10108654319301744 1.7862217885223937 2.8659294840310148 0.8841865335380755 0.0 0.0 
r -2.00225597121409 0.10133315404849723 1.7881666639981701 2.889546514417668 0.9297671145093267 0.0 0.0 
r -2.0056574257504014 0.10250230953600332 1.788719734345678 2.907420265500598 0.9468144303012134 0.0 0.0 
r -2.0120931284075976 0.10420694075895738 1.7886897092995413 2.912071570848823 0.930796718517323 0.0 0.0 
r -2.0163477188174683 0.10491880485888296 1.7878216368953284 2.9132483192625678 0.9029634481055493 0.0 0.0 
r -2.0204372869542135 0.10577088861810702 1.7873315857890009 2.9226904938992946 0.9066907216890756 0.0 0.0 
r -2.020583685989709 0.10619434412104925 1.7880990806884536 2.9249544805699075 0.8910583859973464 0.0 0.0 
r -2.0237789533604786 0.10664308639282917 1.7872812426707347 2.916467445967508 0.8361558583960843 0.0 0.0 
r -2.0246796336540007 0.10806030457892021 1.789603933908174 2.9287305830391612 0.8019101896536567 0.0 0.0 
r -2.021098684436643 0.10694895571099437 1.7893275638427582 2.9280113941538946 0.691696684860664 0.0 0.0 
r -2.0250366286352564 0.10791669878327632 1.7891285341520284 2.9067168264357512 0.2741699928982183 0.0 0.0 
r -2.0299869935883255 0.10938496670862749 1.7893641153625834 2.883065220481544 2.557552469845577 0.0 0.0 
r -2.031590612671494 0.11057705313184102 1.7908283301697112 2.841098963830071 2.0470342790720175 0.0 0.0 
r -2.0120390680813403 0.1049428565725509 1.7902204409059785 2.7977738277539075 1.8227168182307094 0.0 0.0 
r -1.9944902253658228 0.09776348121997405 1.7849213538053852 2.6101623543593626 1.763045793031707 0.0 0.0 
r -1.9876908497982568 0.09424478737953719 1.7810858788840371 2.3845939161655743 1.7002998236599396 0.0 0.0 
r -1.9899071563282937 0.0934635158508274 1.7781760144545653 1.738277146392535 1.6900955511325086 0.0 0.0 
r -2.013373739380611 0.09655580300520987 1.7723888388845268 -2.1425574272872745 1.6667056274296028 0.0 0.0 
r -2.030409187265627 0.10055395325148707 1.7718818852622125 -2.5771511811955854 1.6516285242484547 0.0 0.0 
r -2.0479649282944115 0.10604034047139983 1.7738319920010548 -3.0281269775961444 1.5854559426096215 0.0 0.0 
r -2.0757039347094373 0.11322078295689546 1.7736984277903676 -0.1489083823957844 -1.5914619885912322 0.0 0.0 
r -2.0944459813608534 0.11856079699459025 1.7742390276218136 -0.12697491260308563 -1.5878286623196962 0.0 0.0 
r -2.105751825793073 0.12097049972664038 1.7731284651172952 -0.1156453407548 -1.5859961794249418 0.0 0.0 
r -2.11201723653806 0.12222257604771433 1.772374259817982 -0.1356040404792144 -1.5886993681756179 0.0 0.0 
r -2.1156734377015125 0.12366258386292331 1.7730752141485326 -0.13398892042503197 -1.587723187985423 0.0 0.0 
r -2.130980015292606 0.12619133133880603 1.7703745613017354 -3.105088496327221 1.5758655202087428 0.0 0.0 
r -2.1372761282969437 0.1289833645855933 1.7719697575567552 -2.871005205113984 1.6124380765936255 0.0 0.0 
r -2.135157604854056 0.1286469255788723 1.772369954044546 -3.0808424631564386 1.5802486151171349 0.0 0.0 
r -2.1262554450775584 0.12739430671261237 1.774318829782507 -0.24814876304855882 -1.6172027412015022 0.0 0.0 
r -2.1456872148568196 0.12896885283869006 1.768355983470805 -0.3886281923634212 -1.6451236682792274 0.0 0.0 
r -2.1498407084847173 0.13103382899627297 1.7697036770159695 -0.9131163834624614 -1.8274452729329551 0.0 0.0 
r -2.1542268224516534 0.13170714705190337 1.768858274055464 -1.0204513686281897 -1.9151030728334495 0.0 0.0 
r -2.1700230906523705 0.13277591446035208 1.763910274144099 -1.065475116991131 -1.9622325689160043 0.0 0.0 
r -2.1816895927840805 0.13244521798636144 1.758803272177583 -1.0670088810143463 -2.0157597203122535 0.0 0.0 
r -2.1701833533364043 0.13117308534693814 1.7615450434448516 -1.091074913220643 -2.112360410709785 0.0 0.0 
r -2.1601001549174326 0.13002674081858018 1.7639525999780314 -1.106765138645878 -2.215218864449721 0.0 0.0 
r -2.1296884203833093 0.12461652901956694 1.768475048839913 -1.1201661323348313 -2.285315971133401 0.0 0.0 
r -2.1146928819095345 0.1210023224960299 1.7692229775224104 -1.1134241497618795 -2.3169325855978826 0.0 0.0 
r -2.0839607292147213 0.11471727277844858 1.7724864341550362 -1.0902234041471635 -2.354356549747213 0.0 0.0 
r -2.0674171107180506 0.11163682361647788 1.7747805989991015 -1.0738536572884612 -2.3564807808532926 0.0 0.0 
r -2.060258108371454 0.10955748894872236 1.7744268129048872 -1.0652409005510692 -2.3440489156297577 0.0 0.0 
r -2.0665679447347385 0.11128900298894857 1.7745588828056278 -1.0758536430635 -2.320575458877458 0.0 0.0 
r -2.062780912564681 0.10997336356378355 1.773981631678577 -1.0752909259159829 -2.3651203221017125 0.0 0.0 
r -2.063506414864626 0.10915509795704886 1.7721572624446686 -1.0797112207022126 -2.3809569931889536 0.0 0.0 
r -2.0637421153999744 0.10847292762783585 1.7708124470431739 -1.1110995589817836 -2.405821788714149 0.0 0.0 
r -2.0643752334615244 0.10789016924941949 1.7694639827925045 -1.1346678819426728 -2.4235457397147258 0.0 0.0 
r -2.0703568656391944 0.10865701742993308 1.768086624812723 -1.137573486910502 -2.419065722033962 0.0 0.0 
