l -1.0801878081834186 2.99737763605487 1.3053451827327547 -0.798859887535587 0.1116937091427513 0.0 0.0 
l -1.083903742015831 2.9986068134024797 1.3052729706680455 -0.7867771618783198 0.1579521814826832 0.0 0.0 
l -1.0855269513962646 2.9990456666716994 1.3050668570825885 -0.7966201164023753 0.0947833522143022 0.0 0.0 
l -1.0845658225563248 2.9981853086681363 1.304109410975274 -0.7786189797645425 0.15138526630197618 0.0 0.0 
l -1.0850889634501006 2.998921635877528 1.3051123622173157 -0.8118145309419825 0.17832228222290541 0.0 0.0 
l -1.084467782183012 2.9994311358723857 1.3064093079066017 -0.7412970117547464 0.2252405767727705 0.0 0.0 
l -1.0844061013865198 2.999899841311789 1.3072899212910558 -0.7484567987778061 0.24515845221118543 0.0 0.0 
l -1.0835149500065377 3.0001522781723513 1.3082846869546736 -0.7089630484030107 0.26840743665367806 0.0 0.0 
l -1.0777316934188108 3.00050061737661 1.312371429575331 -0.7921139708354354 0.21496457184197526 0.0 0.0 
l -1.0769261929362803 3.0011944572349023 1.3140775908648643 -0.8011145222433679 0.3422915031047562 0.0 0.0 
l -1.0804763625694354 3.0011507748921664 1.3118980136611067 -0.7715635073296039 0.2936135476820272 0.0 0.0 
l -1.081785448286842 3.000786825578137 1.3104648349235517 -0.7651436680577035 0.3956615891680652 0.0 0.0 
l -1.0886437216974727 3.003401764673469 1.3110551609219934 -0.7644733174138131 0.3925997781267209 0.0 0.0 
l -1.0917018503972118 3.0049954637510576 1.3121173199720542 -0.7625421968045625 0.4542801016826815 0.0 0.0 
l -1.0951148559779924 3.0062801030267 1.3124147015046754 -0.827754673227989 0.3128796732923261 0.0 0.0 
l -1.0968984011784064 3.006881471174779 1.312444872247475 -0.7528371848537617 0.4437311966685259 0.0 0.0 
l -1.1029494409156786 3.008592415390422 1.311942752885704 -0.7483134511800775 0.4472479256480381 0.0 0.0 
l -1.1042595465108191 3.009063056179437 1.312024124886472 -0.7441136405425505 0.4766756686912131 0.0 0.0 
l -1.1091594670144331 3.01090305476953 1.312494209329878 -0.7432957443621048 0.5298288915864345 0.0 0.0 
l -1.108149009504544 3.01069931900233 1.3127302720121097 -0.7076043164569571 0.5204838233007286 0.0 0.0 
l -1.1080642574701944 3.0108529385788785 1.3130755265478278 -0.7667597476486527 0.3754966022916088 0.0 0.0 
l -1.1091496339829088 3.0111749056715174 1.3130199555323991 -0.7715949666991574 0.3775071255079353 0.0 0.0 
l -1.1079824362801702 3.0104391608611105 1.3123372851260817 -0.7888645566763758 0.2913979051916465 0.0 0.0 
l -1.1217500922327344 3.0148266904569194 1.3122327581074142 -0.7773530143888938 0.3275945147300089 0.0 0.0 
l -1.1165546526755257 3.0135273180569793 1.312954024082037 -0.8089133975629095 0.29021909035961735 0.0 0.0 
l -1.1227149229433917 3.015411545148754 1.3127772853508815 -0.8188064638667905 0.3395905409173448 0.0 0.0 
l -1.1255589840195483 3.016072035933326 1.3122843222943927 -0.8319461027605325 0.2723458318705794 0.0 0.0 
l -1.1239117630622046 3.015921726306554 1.3130304309831127 -0.8195711528163624 0.3195748309079026 0.0 0.0 
l -1.1196532564277164 3.014856572983777 1.3136114993953152 -0.8354000942827399 0.3356539660261611 0.0 0.0 
l -1.1255671825305944 3.0158521798418962 1.3118416666451376 -0.8465487400836378 0.33047364621681247 0.0 0.0 
l -1.132611751175364 3.01738088078044 1.310385275649364 -0.8414421535031127 0.3276799941304083 0.0 0.0 
l -1.1340075149111626 3.0176761958497447 1.310078569025099 -0.8138713631656277 0.2973066786437867 0.0 0.0 
l -1.1332991519865776 3.01788335550647 1.3109582244672284 -0.8201598342464972 0.3229950235772803 0.0 0.0 
l -1.1347262991512717 3.018993264685137 1.3122912021395137 -0.8467362005915652 0.26953797620910197 0.0 0.0 
l -1.1357951745040702 3.019399931682342 1.3124299612773707 -0.8304457122728776 0.31778496842702647 0.0 0.0 
l -1.1367868924226034 3.0195724094981466 1.31214067241368 -0.8544841757445756 0.2642592327662619 0.0 0.0 
l -1.1377145150462449 3.019739307440268 1.31188069961485 -0.8181402904285234 0.27348732600319803 0.0 0.0 
l -1.1389205915718592 3.0200602073415173 1.3117553752111353 -0.8159520448909355 0.2443155484032743 0.0 0.0 
l -1.1388917981804392 3.020174185811376 1.3120086441833578 -0.8159855409755623 0.24243147531612277 0.0 0.0 
l -1.142009994984141 3.019609332375108 1.3087964720448573 -0.81676985810503 0.2387183229384017 0.0 0.0 
l -1.1424429744492581 3.020096428442103 1.3095199295397009 -0.8539196601963956 0.2005868577266818 0.0 0.0 
l -1.1420824794349629 3.019932937364953 1.3094190195542783 -0.8267305097336405 0.2519622786346942 0.0 0.0 
l -1.1430849383726582 3.0205793902340634 1.31009889173176 -0.830248498703748 0.23345209499306588 0.0 0.0 
l -1.1475861500765883 3.021211550060048 1.308429345776536 -0.842140953373456 0.2269123706092281 0.0 0.0 
l -1.1469072170530898 3.021001522636124 1.3084423397659282 -0.82734722387974 0.2778063310168291 0.0 0.0 
l -1.1460922502021957 3.020899066684027 1.3087714532372285 -0.8239639557185126 0.27030183400742636 0.0 0.0 
l -1.1475191352491532 3.021253322561104 1.3085619235259256 -0.8195845896454383 0.2927553364283786 0.0 0.0 
l -1.1463107406203683 3.0210403940704427 1.3089217880075783 -0.8222722842671465 0.2756913501166945 0.0 0.0 
l -1.1465872913016815 3.0210353644557024 1.3087268752903698 -0.8204194145366862 0.3288387551312039 0.0 0.0 
l -1.1451426253716979 3.020528782165618 1.3086297840644903 -0.8412683663549694 0.33470473350422103 0.0 0.0 
l -1.1441812172242027 3.020240327270639 1.3086675795371205 -0.8403031098815366 0.3484776029187897 0.0 0.0 
l -1.144289935414983 3.0202879551158515 1.3086945592259651 -0.8431867754605655 0.37543160096998895 0.0 0.0 
l -1.1454601191221245 3.0205297400714617 1.3084203216099164 -0.8454754663471999 0.33408830821170044 0.0 0.0 
l -1.1457356340056006 3.0203251314065107 1.307808830552862 -0.8402551096824655 0.34912553927757645 0.0 0.0 
l -1.1433691078004848 3.0192258982811193 1.3070982277618182 -0.8280476769761547 0.36638677679507176 0.0 0.0 
l -1.1422095254200557 3.019286195908948 1.3079948603215743 -0.8008028729029746 0.5342867474649904 0.0 0.0 
l -1.1420130373965804 3.019367809039127 1.308294223697896 -0.7883932165099811 0.5246615675475068 0.0 0.0 
l -1.1409719252646722 3.019312400952089 1.3088683226522986 -0.7709437372925031 0.7042195849269649 0.0 0.0 
l -1.139370394845579 3.018968014596351 1.3092135929701627 -0.777616294823786 0.675519473120834 0.0 0.0 
l -1.1403947754877228 3.018776561955619 1.308143661467511 -0.770661899159164 0.7365210654693481 0.0 0.0 
l -1.1408389820454916 3.0188568719110425 1.3080154574317535 -0.7554515391340505 0.8070174966513722 0.0 0.0 
l -1.1406204956466854 3.018544766411693 1.307516114906179 -0.7458352222875823 0.7962918005822188 0.0 0.0 
l -1.1417318675127701 3.0186764448285404 1.307050035618577 -0.7526006660347152 0.8219495799783625 0.0 0.0 
l -1.1421954223158206 3.018131537671905 1.305613352753119 -0.7616753760024357 0.8275017586611588 0.0 0.0 
l -1.1420270883949921 3.018115153056497 1.3056920509056753 -0.7542005691635857 0.831801144303893 0.0 0.0 
l -1.1422605877963696 3.017982369288622 1.3052610026690652 -0.7691910045779631 0.8551256251459722 0.0 0.0 
l -1.1410137473055781 3.0176682062317743 1.3054460119252753 -0.781371042728376 0.8623269749381348 0.0 0.0 
l -1.1358726637514023 3.017847748578334 1.3092120674953889 -0.790695406676811 0.8914460447015523 0.0 0.0 
l -1.1365497014374575 3.0174832602385946 1.3080244359152615 -0.7912058588119472 0.9378780429338235 0.0 0.0 
l -1.1378040809577663 3.0176360614351667 1.3075109315134568 -0.7725541849101204 0.9848017423418842 0.0 0.0 
l -1.1394323842624785 3.018398645858317 1.3080013056032809 -0.7463368335021112 1.0399018301019567 0.0 0.0 
l -1.1404006333720595 3.0188615534289838 1.3083150705198163 -0.7329913036532437 1.1073469207036781 0.0 0.0 
l -1.1413488270402297 3.0191386123254413 1.308259963728771 -0.6832376052411029 1.1408164150069702 0.0 0.0 
l -1.1428277434475649 3.0198235508505378 1.3086991496145866 -0.7227370038121816 1.1704901172392257 0.0 0.0 
l -1.148825210580539 3.020924544555919 1.3069937109770429 -0.6410371274295472 1.2464987927900726 0.0 0.0 
l -1.1433031219465426 3.0188887461246843 1.3064421377473205 -0.5514451627268264 1.3039141033208244 0.0 0.0 
l -1.139391421978172 3.0181444593402467 1.3075055865193486 -0.5614234376891549 1.3700985319282295 0.0 0.0 
l -1.1338960399848699 3.0170476185234327 1.3088752223552216 -0.5185775055670394 1.4346599060284075 0.0 0.0 
l -1.1300534326736957 3.0169707620433535 1.3112085860617277 -0.46366150719492466 1.4562628804094653 0.0 0.0 
l -1.1276885304151292 3.0176667996907383 1.314115159931125 -0.43392408660870885 1.4748279436284077 0.0 0.0 
l -1.1275737485011321 3.0185575492922876 1.3159712723312849 -0.5584370106209713 1.4811065439140696 0.0 0.0 
l -1.1377481156500147 3.0198047462042426 1.311993119476829 -1.0059050382019408 1.4704784602896765 0.0 0.0 
l -1.1421325380673166 3.022639391608215 1.3150017011144723 -0.9176576173684755 1.494556604509421 0.0 0.0 
l -1.149752515691585 3.0261790053640865 1.3174862613806821 -1.5257621071414338 1.5118049068608335 0.0 0.0 
l -1.1501736261584319 3.029025069306547 1.3232617169319787 1.1331904140186824 1.506689849532447 0.0 0.0 
l -1.161206723351028 3.0334257766190746 1.3256987110620413 1.2195317508384123 1.5048158834998828 0.0 0.0 
l -1.1708802736847774 3.035363204529218 1.3236873042756507 1.3964438257605392 1.5205485617252499 0.0 0.0 
l -1.174052623574616 3.038539921905405 1.3287872885255343 1.4417452982467258 1.451769536885874 0.0 0.0 
l -1.171188812203313 3.0382126033920076 1.3299061364668172 1.2404808326613825 1.458424178696734 0.0 0.0 
l -1.1717703170253122 3.038702393175975 1.3306370927385887 1.2734496544649059 1.4681526186294114 0.0 0.0 
l -1.1637386313369313 3.03806093378768 1.3343080467327504 1.1518334116518558 1.4759357664218273 0.0 0.0 
l -1.1659297380237807 3.03846391839801 1.3338266670269212 1.1487341797652997 1.4784875835223554 0.0 0.0 
l -1.1693893682709668 3.039770153720285 1.3345670801779432 1.1564519178169013 1.4825096318241977 0.0 0.0 
l -1.1691507487264756 3.0396936576293196 1.3345459420698507 1.3679159966111152 1.4825974267746143 0.0 0.0 
l -1.168425098358293 3.039379000795684 1.334297919939225 1.5519770175779732 1.4951383384125756 0.0 0.0 
l -1.1686535705931502 3.039726222037819 1.3349331597368574 1.3609222713435862 1.4991921183323358 0.0 0.0 
l -1.169781731908464 -0.10145727846364719 1.3351413792997135 1.357562278424834 1.5109498663157852 0.0 0.0 
l -1.1735150099304315 3.04067431949314 1.3339893341536821 1.2591442684591514 1.5109009056873506 0.0 0.0 
l -1.1767279173029428 -0.10052665978244375 1.3328193076089074 1.2458629896983264 1.5146035002665934 0.0 0.0 
l -1.1762812717503168 -0.10077540791147098 1.3325376293387852 1.2506034784190576 1.5224090786542777 0.0 0.0 
l -1.172145800781118 -0.1015514994945566 1.3334266082488042 1.3415277951711302 1.5195164129531344 0.0 0.0 
l -1.1695659482349847 -0.10224736349341706 1.3334990646496223 1.445429748344062 1.518878562051263 0.0 0.0 
l -1.1644997506948669 -0.10347057621758347 1.3339661568342747 1.4122284399469365 1.5150466331449335 0.0 0.0 
l -1.1634030785250316 -0.10355350734638052 1.3344698803401491 1.3339753168804784 1.514182127661994 0.0 0.0 
l -1.1569772208990308 -0.10474931111188573 1.3358304030338741 -1.1430381859263379 1.4741676972918298 0.0 0.0 
l -1.1521741798983403 -0.10475986206905798 1.338731534808411 -1.3359181643767117 1.378318405112375 0.0 0.0 
l -1.1532529624104333 -0.10486866905642042 1.3378451551504202 -1.7058916039613656 -1.5439048824297257 0.0 0.0 
l -1.1536500869801665 -0.10560829505875868 1.3360074130180055 -0.6672887464820871 1.5633716774112763 0.0 0.0 
l -1.146628010819644 -0.10740733915340711 1.336418513225625 1.4939758480065704 1.5347572284593796 0.0 0.0 
l -1.142866428406147 -0.10742421508005834 1.3386308748548224 1.3011710948135269 1.5253069307879465 0.0 0.0 
l -1.13945895269909 -0.1077734416705695 1.3399100453984083 1.3410003829793424 1.5205568860126817 0.0 0.0 
l -1.1384561692495163 -0.10836234614766993 1.3392734567089193 1.3630833177869048 1.5171340544350072 0.0 0.0 
l -1.1323476826692422 3.031211001091664 1.3386836440263017 1.4269820516033325 1.5018819853786678 0.0 0.0 
l -1.1327236826920457 3.031083633737605 1.3382038549412674 1.5367639942354234 1.5056467844673904 0.0 0.0 
l -1.1253100142506978 3.029540325942751 1.339367015823912 1.5132102071529911 1.4969421336184316 0.0 0.0 
l -1.1294619276166626 3.029891405143238 1.3376758953976626 -1.498263570497633 1.5014921596964745 0.0 0.0 
l -1.1376617340157278 3.030348747845383 1.3337710983551958 1.568689445090943 1.4957664856720903 0.0 0.0 
l -1.135261939012783 3.0293238520161996 1.3330943421364527 1.4184938308986341 1.4933792676986812 0.0 0.0 
l -1.1374533281118862 3.0297346411562063 1.3326263692755163 1.4066756931753346 1.50420923784928 0.0 0.0 
l -1.1348800244717179 3.0293635714644433 1.333404237990154 2.181564723596106 -2.3244816023202772 0.0 0.0 
l -1.132771167236357 3.0290432351230416 1.3340036730147329 2.2475707704973718 -2.3126148508157587 0.0 0.0 
l -1.1492730120799286 -0.10781057843843068 1.3339569880036988 2.4929201068363636 -0.018957150597931613 0.0 0.0 
l -1.141876810418828 -0.10987057038240437 1.3340949016196944 0.2814460198628791 1.5551063917398684 0.0 0.0 
l -1.1407715733784807 3.0313954361219038 1.3340782033470506 2.9713140809995022 -1.5560411854783673 0.0 0.0 
l -1.1397272355334511 3.03127666021597 1.3344580543667495 -1.8469209618986302 -1.4868069833676925 0.0 0.0 
l -1.1438368390978515 -0.1084362334580318 1.3359244451386603 -1.8030629439183112 -1.428728435052256 0.0 0.0 
l -1.1349551448423025 -0.10538085219787406 1.3474636167709018 -1.947990057843308 -1.4334130013304698 0.0 0.0 
l -1.116577219224235 -0.10557861464378474 1.3570736882114671 -2.0890238848196834 -1.4574026005615925 0.0 0.0 
l -1.107628882456906 -0.10629818543277869 1.360304037842337 -2.0345956702201486 -1.4551360532821043 0.0 0.0 
l -1.1036006177406947 -0.10605357709994313 1.3628171395043793 -1.8999711152415801 -1.4350084047936151 0.0 0.0 
l -1.0983689869514393 -0.10700778501503086 1.363610721789138 -1.8198157389561966 -1.4385923937306595 0.0 0.0 
l -1.0877206922660025 -0.10836441225668486 1.3662886409903423 -1.691776029494262 -1.4380464111573352 0.0 0.0 
l -1.071554417756197 -0.11015922930138507 1.3706810361824744 1.6130642769214145 -1.4129031290611456 0.0 0.0 
l -1.0762771111951115 -0.1089426594645253 1.3706662744499003 -1.5880970959378231 -1.3515883053043387 0.0 0.0 
l -1.0606224743486887 -0.11046148628526058 1.3751272788057038 1.6284526812836966 -1.32556383317241 0.0 0.0 
l -1.0547169472067146 -0.10784200071376582 1.382248271981942 1.6516843839644628 -1.3015477125799624 0.0 0.0 
l -1.0513065790175904 -0.108807052057792 1.3820549864414984 1.678313476188241 -1.2983842785361381 0.0 0.0 
l -1.0540193395316244 -0.10756166268799097 1.3830288006660598 1.7010575018215264 -1.3055287303776868 0.0 0.0 
l -1.0484398921469456 -0.10824281799227023 1.3842325162245186 1.704652360754095 -1.3097053040596949 0.0 0.0 
l -1.0539596834166396 -0.10723029664699932 1.3836235709244533 1.6525404843010887 -1.3119188459564606 0.0 0.0 
l -1.054709184741955 -0.10682052969226866 1.3840094464400274 1.6618733650385893 -1.300877203989444 0.0 0.0 
l -1.0576482246925218 -0.10708202610222398 1.3823007745306526 1.671647205295491 -1.3021339169985882 0.0 0.0 
l -1.0625493922380609 -0.10641626625514133 1.3813395685918883 1.6688022960219784 -1.2913988947700812 0.0 0.0 
l -1.0594814113499575 -0.1068498604489336 1.3819131496793546 1.6912669313014725 -1.295207914601185 0.0 0.0 
l -1.066350716777667 -0.10534433308641418 1.3815683175324256 1.6929754770652676 -1.2979918797908256 0.0 0.0 
l -1.0667853484746124 -0.10596437173901069 1.3802820658703685 1.698400587280176 -1.2915462985318769 0.0 0.0 
l -1.0686945398806482 -0.10603523451552795 1.3793140398447223 2.1484501345056017 -1.4733411049778489 0.0 0.0 
l -1.0735877431044394 -0.1059295684915465 1.377317997304223 2.069948840109281 -1.4612475279504125 0.0 0.0 
l -1.097407382065365 -0.1039773159552617 1.3698249146557278 1.6899760730646756 -1.479508158888366 0.0 0.0 
l -1.1017702468385344 -0.10649138612118948 1.362896889732577 -1.6011775041182787 -1.531249128829526 0.0 0.0 
l -1.0931163937087838 -0.11122471451783034 1.3583046818215958 -1.8007085010197719 -1.517651953135535 0.0 0.0 
l -1.1067243891729421 -0.10996166467914258 1.3536928672276178 -0.5643008919074649 1.5101149785227819 0.0 0.0 
l -1.1358407493174196 -0.10674331596303506 1.344145279452729 -2.737557389911914 -1.5370396971137565 0.0 0.0 
l -1.1296914070599384 3.0316286074964394 1.3410712690968882 -1.4538476045956266 1.4376255735204553 0.0 0.0 
l -1.1306015994679168 -0.1086986038117393 1.343126502373701 -1.071701764139546 1.4494815010602256 0.0 0.0 
l -1.1370388111651653 3.033620671637807 1.34091143041107 -1.1007632206391955 1.3733809246269195 0.0 0.0 
l -1.1417544346641622 3.0340429040379893 1.339025850495445 -1.4081924967169173 1.3787381473517701 0.0 0.0 
l -1.1450392287828677 3.0341863595568754 1.3373743838683712 -1.409499705152065 1.3852976061578932 0.0 0.0 
l -1.141539149322798 3.0318810578998554 1.3346305430930026 -1.474521702513173 1.3566477967757526 0.0 0.0 
l -1.1501656633201702 3.0315178201965725 1.3285773170052442 -1.501481746392268 1.2409205728944017 0.0 0.0 
l -1.1489456757344438 3.030085354570348 1.3262932663050107 -1.353932405214086 1.379264525751849 0.0 0.0 
l -1.1472795882884803 3.0285195726063106 1.3240268386478775 -1.4908824971868837 1.35672099622654 0.0 0.0 
l -1.154097833764685 3.0299192164174764 1.3226616826278188 -1.3897754496005152 1.3622419162053587 0.0 0.0 
l -1.1539082181521685 3.0293494976051916 1.3215597303892799 -1.3141804242454986 1.1903874101569962 0.0 0.0 
l -1.1517592227168452 3.028953177437539 1.322094307531659 -1.3355589634765652 1.1993200834746325 0.0 0.0 
l -1.1525550133198692 3.0290331948288474 1.321753906059711 1.5379038537463048 1.298172041866716 0.0 0.0 
l -1.1569556325844204 3.030012401049764 1.3210140087690911 -1.5687785440214699 1.296956392284075 0.0 0.0 
l -1.1588989086499755 3.0297638596010077 1.3192041764415514 1.551623237708864 1.333241994336696 0.0 0.0 
l -1.16298566622099 3.0302241383752793 1.3175055754820049 -1.494143469434419 1.3507713304421083 0.0 0.0 
l -1.165729660578286 3.030378965341853 1.3160086929245365 -1.4569594059327573 1.3588874231672585 0.0 0.0 
l -1.1699776746800064 3.0309115573079257 1.3143117308219772 -1.4890965531908673 1.3576177890332015 0.0 0.0 
l -1.1972855325825569 3.0413367577312065 1.3195446264135133 -1.512932339192782 1.3781092857941886 0.0 0.0 
l -1.1860197968878297 3.037945134198072 1.3193675932185946 1.352803435529325 1.36423980743204 0.0 0.0 
l -1.1867534677596208 3.038887817922896 1.3210710896960853 1.3364727358870552 1.34491153406645 0.0 0.0 
l -1.1898605762226937 3.0401587735948685 1.321923610728613 -1.432771070706959 1.1972032573271054 0.0 0.0 
l -1.2020766983024669 3.0466850755955983 1.3292408484058733 1.541603016891572 1.36063973543319 0.0 0.0 
l -1.2119587903688804 3.0501224409891714 1.3309504178062934 1.3362939289917455 1.3483015194793249 0.0 0.0 
l -1.2194948691493586 3.050947826524792 1.3276985938218837 1.554859138289789 1.3424540695770193 0.0 0.0 
l -1.2264998758175467 3.052365887333138 1.3262908809350542 0.9984357593220081 1.4385282229818435 0.0 0.0 
l -1.2138311274238287 -0.09122686465069042 1.3302508550279941 0.8610665051519636 1.3743389689734633 0.0 0.0 
l -1.2114654977194466 -0.09009641563288415 1.3347791437068115 0.8183739212285257 1.3476607689338367 0.0 0.0 
l -1.2191156255707989 -0.08808820724786527 1.3346007334870609 0.7867781003518742 1.4983009997275873 0.0 0.0 
l -1.2066685636536718 3.0518518948958233 1.3389438005979313 0.72639729892977 1.5098132364758337 0.0 0.0 
l -1.1775252793036877 3.0473291794321518 1.3467424909442407 0.6021105511700484 1.513240216780253 0.0 0.0 
l -1.1545918407325457 -0.10092013983247307 1.3455923563598704 0.5246574174594434 1.521834514485534 0.0 0.0 
l -1.1704176335870213 -0.09838361756445425 1.341684598103317 0.4378654835285765 1.5233308897402826 0.0 0.0 
l -1.1633527993077617 -0.10019128767909287 1.341954789932479 0.55661441931672 1.548653517039244 0.0 0.0 
l -1.1547685891262796 -0.10113324014801407 1.3450253613774086 0.7963270855215473 1.5350856551357448 0.0 0.0 
l -1.1382282506225836 -0.10180922055483711 1.3530457200643713 0.4653935789245948 1.5434906803516306 0.0 0.0 
l -1.1240448509106225 -0.10331433252946617 1.3576504233221942 0.06632580491274463 1.5648678225057921 0.0 0.0 
l -1.1208136316223554 -0.10132598384482933 1.3633340518349606 2.7106236171390155 -1.4940739173067954 0.0 0.0 
l -1.1205040439393135 -0.10105930582803853 1.3640270725022792 2.7309815223781775 -1.4816332413013193 0.0 0.0 
l -1.1193307286008047 -0.10049789447872316 1.3657482885256045 2.665172053470148 -1.4622164159909632 0.0 0.0 
l -1.117006693066086 -0.10033160653231829 1.367253397512585 2.692282152986385 -1.4546049628130762 0.0 0.0 
l -1.1097846161366873 -0.09948871102051378 1.3724787700463466 2.708095254357934 -1.450460846206153 0.0 0.0 
l -1.1087281528060258 -0.09913669902765246 1.3736762863643497 2.69640478619453 -1.4446410874412585 0.0 0.0 
l -1.1081777381927078 -0.09834831836182012 1.3754766517950199 2.5275023407208126 -1.3912162224656244 0.0 0.0 
l -1.1111890730278469 -0.09708191314969514 1.3765184915208715 2.52892112807893 -1.373640380577747 0.0 0.0 
l -1.11155040929082 -0.0971619202532975 1.3761889827637097 2.518903052743078 -1.3713136772431402 0.0 0.0 
l -1.1098772397891898 -0.09751433370599104 1.376295591863304 2.5207515380244017 -1.3728339650036212 0.0 0.0 
l -1.1062708075330874 -0.09801021316798947 1.3770383399750217 2.522292423618688 -1.377507372152778 0.0 0.0 
l -1.1034378543724486 -0.09845683241892951 1.3775068176517686 2.542345874853905 -1.3833280745891654 0.0 0.0 
l -1.1116874821585079 -0.09554336829452735 1.3793065896519552 2.489264308735465 -1.3481164233654495 0.0 0.0 
l -1.1039978117569886 -0.09615188803066203 1.3816945029643088 2.5722206851528977 -1.333751345493191 0.0 0.0 
l -1.107463713573046 -0.09586139373853274 1.3806575352340469 2.574739339758775 -1.3519430480432781 0.0 0.0 
l -1.1060996862187333 -0.09603345103260119 1.3809549793215365 2.5993204567262644 -1.3787058460370711 0.0 0.0 
l -1.1035594723111102 -0.0969305819390424 1.3803930905515402 2.7660612702798266 -1.4513616312147384 0.0 0.0 
l -1.1023211712109187 -0.09761084222299199 1.3796555759716358 2.754180440699173 -1.4436246262566437 0.0 0.0 
l -1.109800204410385 -0.100334420641998 1.370818723593321 2.6063302776740085 -1.3993830696322518 0.0 0.0 
l -1.1041855132383707 -0.10076628851684982 1.3727006141129434 2.6838017058305588 -1.4267582962310508 0.0 0.0 
l -1.1092341095518479 -0.10091163970841177 1.3699691384703774 2.6303043703265634 -1.3232883976093714 0.0 0.0 
l -1.1178911478821472 -0.0994027247970805 1.3686577470280954 2.7505014398867007 -1.397309198686769 0.0 0.0 
l -1.125161053883376 -0.09961277821736723 1.3645458943293178 3.018716510136044 -1.5372641708838024 0.0 0.0 
l -1.1313705826705407 -0.10128153795517521 1.3578772117896185 3.115353770477201 -1.566520815872376 0.0 0.0 
l -1.1694312578260142 -0.09500095962973651 1.349937047255961 0.1377678417726317 1.5580767541746168 0.0 0.0 
l -1.1810561350292479 -0.09385782149729084 1.3455105023882221 1.1439429962267555 1.4874875098853215 0.0 0.0 
l -1.1816382603274795 3.044497333752228 1.337594090224238 1.3299650945476431 1.4530443019121828 0.0 0.0 
l -1.1766581659572766 3.0411881448984444 1.3331445991181663 1.3704746336812865 1.0673352375747283 0.0 0.0 
l -1.1804134561528414 3.0413387087499166 1.3310493928099487 1.4025982924192633 1.0062118912471039 0.0 0.0 
l -1.1877893947936402 3.042162236111635 1.3280766642029402 1.4933930148430028 0.97310528276859 0.0 0.0 
l -1.191713200884136 3.042837740283572 1.3270236687331052 -1.5449292665551244 0.8677975038643506 0.0 0.0 
l -1.207750485855513 3.0457246705036174 1.322867353692585 1.4927718303414275 1.117324180915796 0.0 0.0 
l -1.2126751605207324 3.04602545670772 1.3200562233830657 -1.5074154244139322 0.9065229860980177 0.0 0.0 
l -1.2072162820215901 3.0445267600464216 1.320264940466123 -1.4742006822843439 0.8997184599262856 0.0 0.0 
l -1.2079453066497088 3.0432316988763404 1.3165085576192566 1.3931144148880006 1.1467127573189348 0.0 0.0 
l -1.2077330892958091 3.0441302134883155 1.3189024793397084 -1.533883039851724 0.8105580234824306 0.0 0.0 
l -1.2095926302561875 3.0451617104170383 1.3201292723906395 -1.5338934055921591 0.9170913511008935 0.0 0.0 
l -1.2282569641597176 3.055930445203507 1.3344847101328077 1.29179672859128 1.2093762154722172 0.0 0.0 
l -1.2215478098224763 3.0516080926354117 1.32792777446026 1.4296903248306714 1.0821456607391928 0.0 0.0 
l -1.2174963334737956 3.0493128313659 1.3249259369857047 1.4628882472332265 1.0782867240262646 0.0 0.0 
l -1.2038090569013085 3.039302186964035 1.3098497269380451 -1.542864215181198 1.0139691258474282 0.0 0.0 
l -1.2090864392581253 3.0347070053702745 1.2944702754347952 -1.296561623472274 0.8656860724502221 0.0 0.0 
l -1.2119048108479995 3.035205059114129 1.2934616517417188 -1.3776494018111662 0.9754992437604365 0.0 0.0 
l -1.2028756035091497 3.030969570485727 1.2902402331816958 -1.3551137792037986 0.9886034868800712 0.0 0.0 
l -1.189647996575876 3.029800582119313 1.2976683271068667 -1.1058620788064906 0.67982741722433 0.0 0.0 
l -1.1816553418253515 3.031622204592922 1.3077617171445044 -1.0134960625902036 0.5692647151342429 0.0 0.0 
l -1.1785008931862382 3.030174486672219 1.3066981477420527 -0.9028793286964629 0.6534438188321222 0.0 0.0 
l -1.177987042561192 3.0287815607889073 1.303893954248391 -0.8975247485784316 0.4342747260194698 0.0 0.0 
l -1.1687562665508178 3.026049786711422 1.304333804202368 -0.831640368348804 0.3942550533604112 0.0 0.0 
l -1.1684994036413245 3.0258111674443504 1.3039859764420128 -0.651247248520076 0.349375794952382 0.0 0.0 
l -1.1543531155504152 3.023452852440732 1.3086277208563444 -0.6725008096985926 0.21239397112806596 0.0 0.0 
l -1.1477830413972863 3.0212830854855377 1.3084479564666696 -0.5776431578358091 0.18424903202760928 0.0 0.0 
l -1.1424560334714704 3.01957279763722 1.308425350448056 -0.502925629481847 0.06464756128301576 0.0 0.0 
l -1.130085097961767 3.0163304941650897 1.3099006103417463 -0.46710632313017647 3.1284644545789497 0.0 0.0 
l -1.0926318465134368 3.0067405580095596 1.3147614039787547 -0.5186430394508704 0.32013925402253723 0.0 0.0 
l -1.092135369826342 3.0069226390525965 1.3153933720188375 -0.4736181639224527 0.3226460960069877 0.0 0.0 
l -1.1050728257567057 3.0111785645324574 1.3155280601293828 -0.40821289818832296 0.47655943689521146 0.0 0.0 
l -1.097070620100863 3.0079188305331352 1.3142668217082103 -0.40052937225585045 0.2974389589510849 0.0 0.0 
l -1.0925522387403053 3.0079993262382585 1.3171245644053147 -0.3614100990796458 0.2628936261255819 0.0 0.0 
l -1.0879018033419345 3.0064782078496117 1.3170967503731539 -0.33026605410882826 0.27458195849636857 0.0 0.0 
l -1.085297523278859 3.0055586499545677 1.3169642406609035 -0.33975852749659224 0.20556016701931953 0.0 0.0 
l -1.0818583158228376 3.0050455169971637 1.31805624858283 -0.35519773088464957 0.25305521910297735 0.0 0.0 
l -1.0795648892850525 3.0049353230559057 1.31919319629703 -0.3717946684121205 0.24997200527022892 0.0 0.0 
l -1.081916240946711 3.0057942521314516 1.3193671561091798 -0.3868669981715921 0.2953692968753609 0.0 0.0 
l -1.083212917242357 3.006357398038201 1.3196264984935835 -0.3966104993337677 0.32693656373059576 0.0 0.0 
l -1.0851310116630637 3.007554549399064 1.3206740861406476 -0.412350835652674 0.374508689309107 0.0 0.0 
l -1.0809195911329816 3.0068467474062524 1.321832790937951 -0.4068284078425713 0.361132748872831 0.0 0.0 
l -1.079965310883583 3.0061633002282955 1.3211574859006667 -0.39845063488892857 0.4803833934089267 0.0 0.0 
l -1.0819994506187471 3.006860283382457 1.321234854335787 -0.3776163191762552 0.4948666549325854 0.0 0.0 
l -1.0836464917841255 3.007581789948895 1.321583436182919 -0.3896823064485775 0.5020366364295183 0.0 0.0 
l -1.0837996363548026 3.0077481770922687 1.3217953861788474 -0.38060528401066945 0.56352253430107 0.0 0.0 
l -1.086386250746639 3.0084960691874727 1.3216532696434156 -0.39133987702510237 0.7604078459694729 0.0 0.0 
l -1.0845087267187326 3.0077789149729335 1.32144097468035 -0.39737135643743715 0.8878565346359025 0.0 0.0 
l -1.0870685207406339 3.0083324715973667 1.3209595475778941 -0.4104052626519646 0.9881641513951397 0.0 0.0 
l -1.089822102597883 3.0100710572149656 1.32253289411121 -0.4303085037346899 1.0851584824651657 0.0 0.0 
l -1.091413007526483 3.011395841835194 1.3240428757742257 -0.4527840130182893 1.1414794784704152 0.0 0.0 
l -1.0943132599610512 3.0120213008649666 1.3235138572055363 -0.46149313869852987 1.2111895189826096 0.0 0.0 
l -1.095198241821188 3.012181559224281 1.3232951470679124 -0.43512884234898835 1.2854961565425826 0.0 0.0 
l -1.0988852092927632 3.0129826985696795 1.3226287311655534 -0.4077849744540217 1.338889647210351 0.0 0.0 
l -1.1007458256639506 3.014957852553163 1.325245782643536 -0.39481702391641726 1.3808654770726796 0.0 0.0 
l -1.0986081841235011 3.0153032672799935 1.327136340604756 -0.38845984027156194 1.3950518407731456 0.0 0.0 
l -1.0977678515789988 3.016330956688514 1.3295441143770808 -0.2923367586787449 1.4530939120701067 0.0 0.0 
l -1.0941351700929434 3.0159468513165533 1.3308954570899973 -0.341691056148363 1.4724274823416743 0.0 0.0 
l -1.0939248498848486 3.0162116644095556 1.331505900438254 -0.22223064379817295 1.5219284068308145 0.0 0.0 
l -1.1040122313737428 3.0190502663893857 1.3310955671883018 -0.21032248599802905 1.535388260595075 0.0 0.0 
l -1.1012964515435195 3.0191837443523717 1.3328985459267177 -0.24714586988796206 1.5406975140672499 0.0 0.0 
l -1.101003402673559 3.0202220461365474 1.3350263777831928 -0.25816592584947806 1.5559281183840703 0.0 0.0 
l -1.1078244728518398 3.0233867927527953 1.337218219904837 -0.35704967749594313 1.5545018373473711 0.0 0.0 
l -1.1357614555269697 3.0339208010502814 1.3422724234713086 -0.43509591226727584 1.5413654311064666 0.0 0.0 
l -1.157890547468989 3.0394927525634587 1.3410555187021762 -3.0566647057095664 -1.5598498018117264 0.0 0.0 
l -1.1606496879038137 3.0410759160450898 1.342869084530787 1.7407419697874198 -1.5373280817025474 0.0 0.0 
l -1.1512616538880573 3.039923103675138 1.3459250722551428 1.7906985699426008 -1.4972952282742058 0.0 0.0 
l -1.1406189572401382 3.038192591815069 1.3483783408217251 2.7308171069973524 -1.5330866842463562 0.0 0.0 
l -1.1380297754660813 3.0376092560505192 1.3486255527864175 0.33598579908225684 1.541776201237182 0.0 0.0 
l -1.135586655129683 3.036851349124507 1.3484295654248288 2.7934802400863763 -1.5074637163512994 0.0 0.0 
l -1.1326521928890954 3.0362063675952276 1.3487461146371886 2.7543168833753016 -1.503237386797303 0.0 0.0 
l -1.1270957253688292 3.034938892329257 1.3492507423941649 2.2393982047542744 -1.5005429440740745 0.0 0.0 
l -1.1248135470363698 3.0340019455756213 1.348619979802034 2.8301359141816156 -1.5540544219371684 0.0 0.0 
l -1.139778335413291 3.035650827581973 1.343543552403839 0.29368614525315195 1.5528034979726215 0.0 0.0 
l -1.1331743601522024 3.034567579451372 1.3450862644846207 0.1735387386389683 1.5606283387796884 0.0 0.0 
l -1.1272103135679745 3.033171122812427 1.3456084492510838 3.0055177838687617 -1.5582577916675595 0.0 0.0 
l -1.1251812806251764 3.0323291223071354 1.3450480478207556 2.894781673655797 -1.5468311825217715 0.0 0.0 
l -1.1161540226031161 3.0304726635138093 1.3463663515566573 2.6093256090751904 -1.5080174927408103 0.0 0.0 
l -1.1181983370224957 3.0309776042023993 1.3462365907503313 0.47311473725534653 1.5333765601909746 0.0 0.0 
l -1.1202593290622571 3.031223474126788 1.3455832140667583 3.0315579393377607 -1.5618919122568151 0.0 0.0 
l -1.1188823106932257 3.0313517162264936 1.3466000273852625 2.73729208788194 -1.5446449167775658 0.0 0.0 
l -1.1183396044212732 3.031912238839332 1.348009081340136 0.15756299789909078 1.545585243761953 0.0 0.0 
l -1.1202897777289316 3.032683337108301 1.348470681031309 0.18963672927732428 1.5486041012220355 0.0 0.0 
l -1.116516808910828 -0.10982780600161215 1.3487138878670564 0.10675216384210327 1.5564195612626275 0.0 0.0 
l -1.1171415010879673 -0.10966124218994966 1.348702060990027 3.0477153082428172 -1.5576769301932818 0.0 0.0 
l -1.1188916554240105 -0.10894792125354319 1.3491591337680804 2.2921330031949063 -1.3813738137755676 0.0 0.0 
l -1.115892602612111 -0.10804280103177182 1.352570832669784 2.287828480284585 -1.3944080449402079 0.0 0.0 
l -1.102324675647464 -0.11028301998149415 1.3553725618410384 2.482743845224758 -1.40481211674553 0.0 0.0 
l -1.1033601136612647 -0.10965433028033972 1.3560380010280464 2.2937796496030325 -1.3147086856337578 0.0 0.0 
l -1.0973524124264744 -0.1100227942014577 1.3584174404040135 2.6064995983618386 -1.4590664706713603 0.0 0.0 
l -1.0907917239618692 -0.10884499082933748 1.3639009581450625 2.592808596311743 -1.439878285824657 0.0 0.0 
l -1.0832554134027232 -0.10726065005320583 1.3704517549951627 2.498700003220283 -1.4040247551048812 0.0 0.0 
l -1.0899149028425232 -0.10526260166093371 1.370993579331476 2.307633524181691 -1.3583839804100433 0.0 0.0 
l -1.0924810170998738 -0.1025679370722433 1.374820185849149 2.2263786946444473 -1.351760962029263 0.0 0.0 
l -1.0926656247413726 -0.1011589614497606 1.377378186228462 2.201886618760217 -1.3602706314374011 0.0 0.0 
l -1.0812899435327816 -0.10145852918714499 1.3819751636945297 2.1948599948968246 -1.3557415950275655 0.0 0.0 
l -1.0579980847141544 -0.10472926287781875 1.3862305739109886 2.406365981845682 -1.3773847792490663 0.0 0.0 
l -1.0402569305146026 -0.10674334138805304 1.3901369417823959 2.49188168090479 -1.3836793178041975 0.0 0.0 
l -1.0277786333900714 -0.10796856569955642 1.3930997673122216 2.5324539469133374 -1.3786660200942646 0.0 0.0 
l -1.0416179200325884 -0.10729647635118668 1.3886590144795874 2.3634900592048003 -1.344094876372701 0.0 0.0 
l -1.0617346404362349 -0.10567180360210762 1.382995162331691 2.1578619310281653 -1.2931511553822412 0.0 0.0 
l -1.0736093330529157 -0.10679592183302657 1.3757537491181735 2.1202609496776406 -1.2850139773896894 0.0 0.0 
l -1.078162783849684 -0.10763812747364666 1.3721460479153647 2.12838746165116 -1.2948522888396252 0.0 0.0 
l -1.07202484914918 -0.10872605292387028 1.3730215515940416 2.1594399430309092 -1.2768750620836777 0.0 0.0 
l -1.0659179300726722 -0.10827007869378966 1.376596525035666 2.1738810879100514 -1.2806141225823486 0.0 0.0 
l -1.0687825485660445 -0.10644035200162467 1.3785557839633094 2.16499666517562 -1.2829064799138201 0.0 0.0 
l -1.0732842963091491 -0.10606396872345858 1.3772134724242984 2.1844015248679423 -1.302733124191835 0.0 0.0 
l -1.0769588094539122 -0.10537581602406919 1.3767930530846098 2.1916750590581344 -1.2970260341860738 0.0 0.0 
l -1.0790219061134199 -0.10498397980992999 1.376566530305663 2.303949230553969 -1.2099857681402673 0.0 0.0 
l -1.084941113828164 -0.10885072610428043 1.3667318557264774 2.339389237207111 -1.2645320521864538 0.0 0.0 
l -1.0821872396912189 -0.10678495381501811 1.3718237856493956 2.3354271577568575 -1.3781903470152312 0.0 0.0 
l -1.0815920017426635 -0.10892036809425865 1.3682047596764946 2.5304974865732683 -1.4675486874772687 0.0 0.0 
l -1.0806796244768182 -0.11026846856090458 1.3661845939673067 2.6957304417885473 -1.4232470600351568 0.0 0.0 
l -1.078712172146404 -0.11125207821401463 1.3653428869664868 3.103437009587317 -1.5642683182956953 0.0 0.0 
l -1.0942354683183069 3.028489159528583 1.3542204467539098 0.005679183459364993 1.5698312037240465 0.0 0.0 
l -1.1189709404581047 3.0303146267260237 1.3444956591576085 2.7839233156711822 -1.5216028074688979 0.0 0.0 
l -1.1491306595475927 -0.10266310878942991 1.3450375448859881 3.0431716294935436 -1.5484646377483038 0.0 0.0 
l -1.1656784368540798 -0.09774833138704413 1.3459954463016477 2.8764169350164717 -1.5430890463455882 0.0 0.0 
l -1.1701957077187095 -0.09573524964512076 1.3478171344777399 2.707011719360022 -1.521066984208352 0.0 0.0 
l -1.1706639700045116 -0.0952451810759863 1.3486478988502355 1.1876468536774498 1.4735667334304043 0.0 0.0 
l -1.1617276103695227 -0.0974769655208701 1.348946509516384 1.5604690480126497 1.2629984350755061 0.0 0.0 
l -1.1623545457068507 -0.09810985238242372 1.3471729793338527 1.3968096598224453 1.2926025833674413 0.0 0.0 
l -1.1617019213782052 3.0430006674803582 1.346492015856594 0.20140484544657933 1.5388384915509825 0.0 0.0 
l -1.1647757859803407 3.043790975460862 1.3464168044117772 0.18961170001567001 1.5395375854490638 0.0 0.0 
l -1.180840398895096 3.045728233418898 1.3409682904405333 -1.131302662376474 1.3900565800994384 0.0 0.0 
l -1.175850781583587 3.04578862486138 1.3442194571722343 -1.2905759754387576 1.4319079610924201 0.0 0.0 
l -1.1654404189185736 3.043557497827608 1.3454969008911501 -1.353260353116295 1.3204662485852614 0.0 0.0 
l -1.1629535768769412 3.0425080345783515 1.3446524825802615 1.0096242835935119 1.4254752750029285 0.0 0.0 
l -1.1602392297789113 3.0421917673454737 1.3455746453388988 0.8963524493632392 1.4468843107935077 0.0 0.0 
l -1.1606788899340694 3.0420727485094385 1.3450502296553313 0.9504597522490656 1.436105867320294 0.0 0.0 
l -1.1801901833384758 3.044750482176767 1.339106315800376 0.9581106630906344 1.448741240799283 0.0 0.0 
l -1.1911758567779511 3.0452892689196367 1.3332408198402752 -1.3292047274597105 1.3780309319028792 0.0 0.0 
l -1.1813891488604829 3.0434141973569466 1.3352324011214356 1.1244480471297476 1.4617064872745287 0.0 0.0 
l -1.1773265886789086 3.0428720735914903 1.3365853521076854 1.2335414744880837 1.4355907864068378 0.0 0.0 
l -1.1795763965851598 3.042166438456714 1.3335109741382927 -1.2508001721950888 1.186490639185292 0.0 0.0 
l -1.183643218481806 3.0425519513920136 1.3317516515194479 -1.3633145011344003 1.1835618959787046 0.0 0.0 
l -1.181419980596254 3.041641704533116 1.3310918552326938 -1.0104225703139023 1.0945379347426767 0.0 0.0 
l -1.1778982872811956 3.0403645763571188 1.330447497353777 -1.0104628238803413 1.0245822625023275 0.0 0.0 
l -1.1669750271383648 3.037146560800053 1.330224726417294 -0.7835342726087732 1.0131136127659295 0.0 0.0 
l -1.1625788500553385 3.035375913149717 1.3291070820561202 -0.6709823358955087 1.010436353254575 0.0 0.0 
l -1.1636999044851528 3.0351048121274533 1.3277911640969104 -0.6117857762280928 0.9642090262856167 0.0 0.0 
l -1.156881620092099 3.0328617135657665 1.3272362280694663 -0.5509221942600682 0.9187476069558529 0.0 0.0 
l -1.1388682741861307 3.027535893558569 1.3272172602623733 -0.5313679026437023 0.869303968379758 0.0 0.0 
l -1.1269664721743933 3.024415031287592 1.3280954124595563 -0.4656864978924067 0.9502865167312249 0.0 0.0 
l -1.1124364804233826 3.020577729971208 1.3291447599881365 -0.4446075371931721 0.9449289189887948 0.0 0.0 
l -1.1022323338814755 3.0183454505140466 1.3307793949621523 -0.41234283473704575 0.8882555664733496 0.0 0.0 
l -1.1058232200590281 3.019322770279034 1.3305729559621644 -0.3297479770354426 0.8424254432238761 0.0 0.0 
l -1.0887207555235405 3.015284747335035 1.3327167597412564 -0.28001474880510097 0.9009470339676857 0.0 0.0 
l -1.081413671677523 3.0142035806032683 1.3347902313541933 -0.21861930886347927 0.8989188035416833 0.0 0.0 
l -1.0753153509337945 3.0124029320120815 1.3348918963125722 -0.18760352928050977 0.9983198889618488 0.0 0.0 
l -1.0758979922654879 3.012562423151309 1.3348590928596604 -0.1314791896595251 0.9822524175109332 0.0 0.0 
l -1.0594783427727155 3.009558431109997 1.3383793859347553 -0.1208415257096576 0.8789388676565391 0.0 0.0 
l -1.055253045315577 3.00777525702636 1.3375490668216632 -0.1175241373368271 0.9679585949607444 0.0 0.0 
l -1.0332012620040074 3.0017474789029137 1.338927284919908 -0.12792327819349486 0.976851400242109 0.0 0.0 
l -1.0231936313986583 2.9983399016239938 1.3385317681706064 -0.17685090572026343 0.8862960611339462 0.0 0.0 
l -1.0303388436496068 2.9986603032422914 1.3354068386186584 -0.13668229620828787 0.9537406924028098 0.0 0.0 
l -1.0360124723144382 3.0007601040421017 1.335882948102623 -0.13959136506213776 1.0203439767080429 0.0 0.0 
l -1.0428112860525913 3.0025382121099082 1.3352733225831037 -0.1483655650153835 1.0828845620798782 0.0 0.0 
l -1.0407582190651974 3.002436980302907 1.3361736855500848 -0.1548600344056317 1.056240204145884 0.0 0.0 
l -1.032073425768709 3.0006954844003806 1.3377995505838123 -0.17989666662455994 1.0121666728963048 0.0 0.0 
l -1.0338763561149802 3.0005465447297563 1.3366356887249382 -0.18941734094025353 1.0340980354889713 0.0 0.0 
l -1.0327066990936424 3.0009755555755127 1.3379293126436884 -0.2039009090644859 1.0141024621397277 0.0 0.0 
l -1.0355896142009373 3.0014966928451066 1.3373000339419145 -0.20239075370626367 1.0196814222085837 0.0 0.0 
l -1.035591228793155 3.0017073729466377 1.337642208281017 -0.19272885782093227 1.0816189538472991 0.0 0.0 
l -1.0356700456215822 3.001665589624679 1.3375337762722999 -0.24362761819379958 1.0436594920636986 0.0 0.0 
l -1.0337250390988846 3.000735979710976 1.3370204737530953 -0.24512317878083645 1.130007955700291 0.0 0.0 
l -1.0384862950555527 3.0024482959849856 1.3373656811035242 -0.2541443622257535 1.1946619732745378 0.0 0.0 
l -1.0374597961728205 3.002002896499883 1.337164946983974 -0.2507680074221224 1.2854668142410257 0.0 0.0 
l -1.0412430369795072 3.0031471719200873 1.3370925382346222 -0.274868540689301 1.3099969931270825 0.0 0.0 
l -1.0454172715935903 3.0046317774249505 1.3373900461931691 -0.2790099208915241 1.3529765575155737 0.0 0.0 
l -1.045967905044038 3.0051511585410298 1.3379694182150956 -0.3051560278339726 1.388603772813127 0.0 0.0 
l -1.0481691039299426 3.006242958408784 1.3386534955428488 -0.2849533851810554 1.4182966265482315 0.0 0.0 
l -1.0510970714925976 3.0074933830042694 1.3392379903904512 -0.3911404739893243 1.4082072364995104 0.0 0.0 
l -1.0948591210941667 3.0193613897891654 1.3368408896524864 -0.2514675147159379 1.4563493338932445 0.0 0.0 
l -1.084841349129349 3.0161363673302577 1.3364155525848638 -0.16579678912473092 1.5170752271978705 0.0 0.0 
l -1.0969705641049015 3.019949993133444 1.3367693624415755 -0.248215642471852 1.5019134149072355 0.0 0.0 
l -1.1071753319915791 3.022630629887645 1.3361321031584315 -0.1817464051154594 1.5269295850440348 0.0 0.0 
l -1.0993346981625065 3.0221062823261002 1.339512535582366 -3.0840767452736997 -1.5587777987144773 0.0 0.0 
l -1.1089420981787659 3.0247559043529546 1.3392274475088868 -0.02273528181124598 1.5661079089348178 0.0 0.0 
l -1.111947206094779 3.025470801127229 1.3389241707346606 -2.9551076200201885 -1.554958130346044 0.0 0.0 
l -1.1183211894788394 3.0285120306214113 1.341293037819714 -2.4375132647322095 -1.4676262972364107 0.0 0.0 
l -1.1200965153003661 3.0290647799757853 1.3413861690615383 -0.22709060252454183 1.5565159380264204 0.0 0.0 
l -1.1237113279529436 3.030069923819666 1.3413423933849626 -1.9201314431357681 -1.5185971909455633 0.0 0.0 
l -1.1235760565637114 3.0302301475960562 1.341740002921711 -2.2923624068441386 -1.4994374854958552 0.0 0.0 
l -1.1195239501229903 3.028369549695525 1.340331546210372 1.7551030508346939 -1.5321609673862964 0.0 0.0 
l -1.1252366367461688 3.023823983155099 1.3279499100678422 -1.1632828165473668 1.4553716638323415 0.0 0.0 
l -1.1540578796523233 3.030498615350519 1.3239331115945447 -1.2230892587187552 1.3134414732148496 0.0 0.0 
l -1.1500364122028952 3.0372341394458577 1.340873582359569 -1.2210773404854829 1.367680352283375 0.0 0.0 
l -1.1391181108081476 3.0371474187058882 1.3470459317677217 -1.273118745471748 1.4321897990865868 0.0 0.0 
l -1.1285879084234354 3.036081013423738 1.3507453603400077 -1.4932868592776418 1.4963004230570665 0.0 0.0 
l -1.1176473786697507 3.0352154668278133 1.3549269484013151 0.9123731952661553 1.542990862106099 0.0 0.0 
l -1.1106846490678408 3.0348141552830357 1.3577962130206627 2.8627180165011614 -1.5597176576288685 0.0 0.0 
l -1.1104327050741873 3.0359118088697103 1.3600666734484186 2.375018268802434 -1.5228074752701848 0.0 0.0 
l -1.1092160561674915 3.038353763795895 1.3654425742945027 2.062802553950595 -1.4351075505469182 0.0 0.0 
l -1.1001562903587538 3.036329763048076 1.3660426842059399 2.2476416390843093 -1.44536584344196 0.0 0.0 
l -1.1107025228229015 3.0392684398912526 1.3664841951215425 1.9949512152531894 -1.3949795224700818 0.0 0.0 
l -1.0902230921691647 3.035980654273702 1.3701964333117136 2.2957956119063465 -1.4553955933565887 0.0 0.0 
l -1.0743139415813163 3.033956380421468 1.3739241940464015 2.361234259874863 -1.4428296739404571 0.0 0.0 
l -1.0667583842558708 3.036905629035331 1.3825527136072056 2.4893129758502366 -1.4834346111938246 0.0 0.0 
l -1.0710656783807575 -0.09983790902131452 1.3893354884830904 2.3824957642268494 -1.4866077129216175 0.0 0.0 
l -1.0600149101848055 -0.09920011300865116 1.395024871536281 2.153243962815502 -1.4418441860194933 0.0 0.0 
l -1.044433104503957 -0.09760959161432316 1.4038389937753242 2.071210408709565 -1.423838509787681 0.0 0.0 
l -1.0338657938337157 -0.09781029513178127 1.407425569681507 1.9381842679938794 -1.3482026433952345 0.0 0.0 
l -1.0205169665708635 -0.0983549279987943 1.4113227170241531 1.9684294418286539 -1.3353017609617859 0.0 0.0 
l -0.9975586808754899 -0.10375197070107282 1.4108748128648652 2.0796409585045614 -1.246747369949925 0.0 0.0 
l -0.9843239928160987 -0.1074504885625958 1.409863628415114 2.137246780294377 -1.1657250692456746 0.0 0.0 
l -0.9809245830525202 -0.10910236741352503 1.4085915647807163 2.1272640882487854 -1.1082646441624784 0.0 0.0 
l -0.9830660856362499 -0.10904063068803109 1.4079422475208276 2.1248555975017256 -1.0796438599195097 0.0 0.0 
l -0.9827100427002888 -0.1093484014181759 1.407610807696517 2.1090276658176768 -1.0311658722525843 0.0 0.0 
l -0.9748266233024233 -0.1103174417828337 1.408909095179356 2.1138266723940045 -1.0068118501356111 0.0 0.0 
l -0.9766852355721941 -0.11004682861652654 1.40866587593464 2.1002445847237365 -0.9791275822406965 0.0 0.0 
l -0.9880825178709 -0.10842197718804411 1.4071147501815133 2.0873572366332374 -0.9591296295219345 0.0 0.0 
l -1.0006410936626906 -0.10734034048780161 1.4042975578070231 2.0969094458365705 -0.984432477613986 0.0 0.0 
l -1.0049471853666703 -0.1066491166336118 1.4038088768886445 2.0962737003005394 -1.00671973307944 0.0 0.0 
l -1.0040832428789972 -0.10554682617774144 1.405825497818464 2.101868422796394 -1.026257472145432 0.0 0.0 
l -0.9951299245340381 -0.10548283606920661 1.409082113481611 2.1128581640426436 -1.039409846085576 0.0 0.0 
l -1.0023315416776022 -0.10422191295535883 1.4084919383299468 2.1124443238121113 -1.042083263375276 0.0 0.0 
l -1.0035986728205097 -0.1028198528552638 1.4102127562983315 2.1185671969758295 -1.0670206358276553 0.0 0.0 
l -1.0095749215143972 -0.10226031069321562 1.4089881130316328 2.1292863372668718 -1.0903970725997219 0.0 0.0 
l -0.9913125260042419 -0.10627286079732454 1.4092135804527388 2.234531275659112 -1.1634747818612792 0.0 0.0 
l -0.9936548463129706 -0.10831256225752535 1.4053143801483334 2.2604826981874804 -1.1814267299888888 0.0 0.0 
l -1.0013149934067673 -0.10883086044981276 1.4017651987333604 2.2321741731269573 -1.1445865439182823 0.0 0.0 
l -1.0102509313076502 -0.10836804225715506 1.3991817691420751 2.2602622040231974 -1.1793396972830181 0.0 0.0 
l -1.0176201857044698 -0.106959013389667 1.3986365107964254 2.3157893840764503 -1.2538238705943152 0.0 0.0 
l -1.0202432234394851 3.032042564010484 1.3935011583826125 2.393619410340478 -1.288117205531991 0.0 0.0 
l -1.0348223011117432 3.0324320278567503 1.3883337486307237 2.4752044414182826 -1.337678358625915 0.0 0.0 
l -1.0185660331967945 3.027618947294208 1.3871163963516364 2.6683374022006134 -1.4173965252947622 0.0 0.0 
l -1.0273718012445097 3.0278442664903866 1.3838914887540892 2.829087620902995 -1.4812810328778236 0.0 0.0 
l -1.0562579482120475 3.035871806138549 1.3852489824085545 0.039152974862316836 1.5636240000562802 0.0 0.0 
l -1.0862623310175923 -0.10084865979942326 1.3808747159515344 0.3302589224691696 1.5245316872504668 0.0 0.0 
l -1.0863883540360255 -0.10082274731381449 1.3808659938323744 0.6275255322097135 1.473860016751022 0.0 0.0 
l -1.0946722747591557 -0.09964668094631579 1.3793015864436158 0.9043627835768284 1.4152832020891537 0.0 0.0 
l -1.1006468107659433 -0.1000392786902988 1.3757793810867078 0.9839017124083972 1.402444801784516 0.0 0.0 
l -1.096846813122685 -0.10118789880182964 1.3753777490767058 0.990551129450323 1.3726658024912983 0.0 0.0 
l -1.0965182845224848 -0.10220681826010562 1.3736025136164844 1.014318239756613 1.3526971389444 0.0 0.0 
l -1.096311724150309 3.038902653328492 1.3727860945515282 1.0233547848487157 1.3442243720017377 0.0 0.0 
l -1.0955034579680991 3.038528404397005 1.3724625923293798 1.0388201549932574 1.3384340995799373 0.0 0.0 
l -1.095582962414422 3.0390540729032476 1.3734174356952704 1.0455058018419408 1.3377433885167946 0.0 0.0 
l -1.090538917995146 3.038136720466026 1.3740671680295364 1.0413152946295563 1.3295251305116946 0.0 0.0 
l -1.08975902014154 3.0383580178588923 1.374843792104883 1.0494661756391503 1.3254960630202506 0.0 0.0 
l -1.0942446888285702 3.0395753226281554 1.3750299708046603 1.0338297944512327 1.333900149391069 0.0 0.0 
l -1.0963411752805665 3.0399933926285514 1.374836002519288 1.0319149122748028 1.3356307992130567 0.0 0.0 
l -1.107290436761043 3.041875991968603 1.3732393367245412 1.048145390130457 1.3508751708224214 0.0 0.0 
l -1.1153619523760063 3.043623064107801 1.3727545709557256 1.0856516873917825 1.3562135663640718 0.0 0.0 
l -1.1226694277487863 3.045153194773879 1.3722206703585291 1.1067100684925986 1.3633858767620286 0.0 0.0 
l -1.1326382513981057 3.046486942282183 1.3699409816378474 1.11195954550681 1.3762462449608404 0.0 0.0 
l -1.1299616106871264 3.045019516865552 1.3682817510933363 0.9996146556160531 1.399806847812888 0.0 0.0 
l -1.1333546244674026 -0.09651479960933029 1.366658244512104 0.9486006709956745 1.4012671994555568 0.0 0.0 
l -1.128730509756852 3.0447547813020566 1.368366904143497 0.9690775449812216 1.3713978241945441 0.0 0.0 
l -1.1266430874363467 3.043669552897285 1.3672164280009533 0.8880849650786196 1.4115752626620135 0.0 0.0 
l -1.1283841728835988 3.043784190497471 1.3665590952853595 0.9609981702092965 1.421789227166681 0.0 0.0 
l -1.121245720288951 3.0405544233116673 1.3636884723685787 1.2059268026186076 1.3721441990911702 0.0 0.0 
l -1.0913431877437492 3.034774827194288 1.3674108220222323 1.1888414237807368 1.2979880776139177 0.0 0.0 
l -1.0856336632214325 3.0335123444427485 1.3678167978999796 1.4802039020047084 1.2836373006691315 0.0 0.0 
l -1.0733078713761568 3.0288198041519836 1.3651912562277668 -1.3883422921558575 1.287271994836575 0.0 0.0 
l -1.0678024946143612 -0.11731498257349056 1.3597777686427759 -1.1082512215288083 1.3025079838203202 0.0 0.0 
l -1.0422174809688074 -0.12421228430338528 1.3601775535695968 -1.010890231297353 1.279870999292912 0.0 0.0 
l -1.0349334081863641 -0.1277512239061717 1.357765824822126 -0.8725569205172204 1.2594917573813014 0.0 0.0 
l -1.0282345092661413 -0.13008618853749487 1.357122110199377 -0.7233000305268362 1.2695998361563339 0.0 0.0 
l -1.0069103547784515 3.0057125054496074 1.3578690770462707 -0.7112055351425851 1.269843521168755 0.0 0.0 
l -0.9959715687655636 3.004119460241614 1.3603934658719385 -0.6827321432346825 1.2249998144692853 0.0 0.0 
l -0.9972006574924892 3.0038678481799654 1.35946284132052 -0.5677787659029272 1.2374106256404507 0.0 0.0 
l -0.9998534299965551 3.00477772511567 1.3596443724264304 -0.5010765642226613 1.2198759999629984 0.0 0.0 
l -1.0033872952764382 3.0056851893345122 1.3594298606740685 -0.4317102763414196 1.1739386311777569 0.0 0.0 
l -1.0035743546516607 3.005963158006655 1.3597701118462582 -0.3896294470022659 1.143657127051466 0.0 0.0 
l -1.0003969278028146 3.006241599292676 1.3616225658405574 -0.37870402448453644 1.0913768560217947 0.0 0.0 
l -0.9990904096897015 3.0074425577948123 1.3640255178474894 -0.3813049467165837 1.020217739822525 0.0 0.0 
l -1.0030098699157008 3.008722259679645 1.3642405610170887 -0.3797088250260536 0.9586419089255025 0.0 0.0 
l -1.0059751509941959 3.0097995252346648 1.3645789643153297 -0.37246932955626016 0.9149132755916759 0.0 0.0 
l -1.0078347487195403 3.010794805675033 1.3652896453772552 -0.3686910469518343 0.8762025072095219 0.0 0.0 
l -1.0110133182593335 3.0118058908348693 1.3654484680082013 -0.37298288970932697 0.8453101187073907 0.0 0.0 
l -1.0125887298015532 3.012251941295225 1.3654439973753916 -0.35795115892732243 0.8634125908910534 0.0 0.0 
l -1.0073339348847856 3.0114959198500424 1.3665933253146112 -0.36345825299905854 0.8511836529346635 0.0 0.0 
l -1.0059154576057758 3.010898334258134 1.3662960579595216 -0.36618556042868683 0.8442236586233529 0.0 0.0 
l -1.0023209094165533 3.010203223290261 1.3668066287124006 -0.36771174684113106 0.8519226077386975 0.0 0.0 
l -1.0013474274297156 3.0091477182420054 1.365623031620637 -0.3711640097122932 0.8688507052003759 0.0 0.0 
l -0.9975875010599567 3.0083194936767024 1.366013254063372 -0.38156904144770204 0.884587338593067 0.0 0.0 
l -0.9974971716842376 3.0076328595493003 1.3650149805598644 -0.3858069677011032 0.9214172625682239 0.0 0.0 
l -0.9937276114125592 3.0068978341599557 1.3655583671784575 -0.3805523489619008 0.9816630061429987 0.0 0.0 
l -0.9920770359969218 3.0046369731013614 1.3628996115556313 -0.3837516224540287 1.0664361936995768 0.0 0.0 
l -0.9993246584101089 3.005802937708959 1.3614361182436134 -0.38850758472138314 1.1491047973517157 0.0 0.0 
l -0.9990216587620039 3.004781408542682 1.3600243632485918 -0.42353426769313285 1.2444071180624885 0.0 0.0 
l -1.0148998734607881 3.008636115108895 1.3587473764142202 -0.381068330008737 1.352967771006615 0.0 0.0 
l -1.006539460263646 3.008465286300683 1.3622740888730924 -0.4641878880792708 1.3810100204970386 0.0 0.0 
l -0.9884677040810796 3.006455924629434 1.3671807921534012 -0.6494570139072969 1.4028847811940452 0.0 0.0 
l -1.0161820684731244 3.0135579802140837 1.3658926037356403 -0.6234799501976354 1.4351064551289303 0.0 0.0 
l -1.0257567850085159 3.0185807325987075 1.3696354753915743 -0.6541864484000693 1.4677508824873373 0.0 0.0 
l -1.0537876815989025 3.026681058758215 1.370526337000076 -0.6425870480921166 1.490239672361929 0.0 0.0 
l -1.0706540859378681 3.0320503845390014 1.3721956419948826 -0.41507833123780363 1.526746065479741 0.0 0.0 
l -1.0711584868162212 3.0332001457331113 1.3740129209065175 -0.8279329892551357 1.518268915027871 0.0 0.0 
l -1.0877705041820602 3.035892701135619 1.37119656941145 1.5222658871984354 1.521117595464935 0.0 0.0 
l -1.1034999996076855 3.037789987839426 1.3671899138431793 1.2525890396727095 1.524922645503686 0.0 0.0 
l -1.1045071685412313 3.038212448989786 1.3675067846438518 1.1085599892194147 1.5171806258358378 0.0 0.0 
l -1.1112053700196298 3.039355740418594 1.3664037472202601 1.1577285255382166 1.5171204786339345 0.0 0.0 
l -1.1046979058201793 3.0380650871912245 1.3671288451222714 0.7423469137343363 1.5337869863688687 0.0 0.0 
l -1.098645377499779 3.0370523355032737 1.3681571273565314 0.893622686772977 1.5250254041529936 0.0 0.0 
l -1.1143480199830598 3.041981779809067 1.3700055307696026 1.1014456444021463 1.5352666717853312 0.0 0.0 
l -1.1186185750786084 3.0418317194304683 1.367579042186425 2.3197430863958797 -1.5282144178569206 0.0 0.0 
l -1.1163900855949813 3.0427049407491973 1.3704281918759142 2.1359913712468925 -1.5106071190562553 0.0 0.0 
l -1.1008441231001709 3.0403104828249847 1.3733084514590226 2.074537164823349 -1.4095067760891573 0.0 0.0 
l -1.0904233120987397 3.0386731930980244 1.3751222766496864 2.035744965658962 -1.3215444839075268 0.0 0.0 
l -1.0828118979244632 3.037970491883739 1.37732702593091 2.025370180738132 -1.266934154661635 0.0 0.0 
l -1.0794070508186524 3.0402997838406267 1.3831107261082145 1.9859146961121212 -1.2178694982555627 0.0 0.0 
l -1.0811224110985698 -0.09756118792344316 1.3891845710313406 1.889663432233212 -1.1533753573494485 0.0 0.0 
l -1.084206533824044 -0.09839648730332311 1.3863162108408453 1.9062917503969992 -0.9937156714445378 0.0 0.0 
l -1.0748347027782845 -0.10058328866858413 1.3863891564269983 1.900279575807335 -0.910819192823292 0.0 0.0 
l -1.07001827422116 -0.10093737383502262 1.3878139755017256 1.9028382351082347 -0.8778471191391146 0.0 0.0 
l -1.0574420869327854 -0.10337565593167482 1.388811628438355 1.8932215636792855 -0.8558462326267664 0.0 0.0 
l -1.0533589161835184 -0.10398061810115751 1.3894591574923019 1.8883932045211704 -0.8579029830319697 0.0 0.0 
l -1.048409750097345 -0.1044907463184973 1.3906173628947125 1.886794412080184 -0.8535383098186253 0.0 0.0 
l -1.0514328228134049 -0.1040017202322599 1.3902152418153628 1.8895186416046814 -0.8597709706569739 0.0 0.0 
l -1.050650287538168 -0.10420156307193222 1.390194333879759 1.8885435585511585 -0.8543336715993363 0.0 0.0 
l -1.0512505364189897 -0.10408053625863074 1.390155155434814 1.886802030135995 -0.8401080246070614 0.0 0.0 
l -1.0507474313368717 -0.10460852419095844 1.3894593108923678 1.8801586856608536 -0.8312423684520495 0.0 0.0 
l -1.0536279350589468 -0.10406395207688314 1.389204826291319 1.881270124692463 -0.830212904403079 0.0 0.0 
l -1.0538388540621775 -0.1042976056149782 1.3887157407512336 1.8775339823929642 -0.8244797778296742 0.0 0.0 
