l 1.3290365828549842 -0.5333375421679962 -0.39562619257454107 -1.282280692886622 1.6426357576829897 0.0 0.0 
l 1.2225080207562464 -0.2614282710628751 -0.9357490307900581 -1.2779686782130502 2.310626887925497 0.0 0.0 
l 1.2265432222665218 -0.0505451468134412 -1.4306224181015703 -1.205030593156849 2.806655203820516 0.0 0.0 
l 1.2544077175521884 -0.05527674001631225 -1.4033638605449412 -1.23911753453178 2.7867946285431087 0.0 0.0 
l 1.2558288467888536 0.03303238890895033 1.4697206982290887 -1.232985858813324 -0.1058613347377515 0.0 0.0 
l 1.2794514558853476 0.017755635691391256 1.5116496426375943 -1.2922662419316522 -0.16170234869618993 0.0 0.0 
l 1.2794153174407963 -0.08809957368980295 -1.2843852184974809 -1.330594892889709 2.6698237315839672 0.0 0.0 
l 1.3462292212743288 -0.32274927305243967 -0.5992150421716447 -1.3878955741431427 2.004071912096521 0.0 0.0 
l 1.3233453635178192 -0.2970794048760392 -0.6899238792267955 -1.4475672983036532 2.1372727553554878 0.0 0.0 
l 1.325474388270774 -0.2914931758368689 -0.6953903887285243 -1.5252096681936884 2.2017690493265745 0.0 0.0 
l 1.3981427773923825 -0.48235313177415007 -0.3215007299859802 -1.5788473208256535 1.792674979866939 0.0 0.0 
l 1.3482073603613705 -0.47804744473065225 -0.411854437771369 -1.4352229194152604 1.8165286760312132 0.0 0.0 
l 1.3122168537774628 -0.4800835307804131 -0.4699917158842089 -1.507533190764326 1.9417223758759854 0.0 0.0 
l 1.3904705994777244 -0.19948823243035438 -0.7337611628090246 -1.597957862764942 2.2197640692878293 0.0 0.0 
l 1.3623247582032192 -0.25571719987917224 -0.6802958988771715 -1.5843686580980345 2.175955052319309 0.0 0.0 
l 1.3445706669782227 -0.27517380636898164 -0.6839515531397159 -1.5774985112081457 2.1919923196699145 0.0 0.0 
l 1.2888226813584498 -0.35158685261721523 -0.6684430001221848 -1.5130571361298857 2.1649227255741987 0.0 0.0 
l 1.2868638476594252 -0.335873257034364 -0.6962573705641507 -1.4940263675245635 2.190100809505639 0.0 0.0 
l 1.3213131749689044 -0.3370547438152912 -0.6286764406645374 -1.5274306099913133 2.1277707633400045 0.0 0.0 
l 1.3329393422136837 -0.3460036138937487 -0.5920419102362997 -1.999486600496503 1.9535393542638178 0.0 0.0 
l 1.3493711137024231 -0.3454111804702147 -0.5590354941148645 -2.118474356436629 1.9294853524743107 0.0 0.0 
l 1.371913756160438 -0.3698974911394858 -0.4793557136858475 -2.0634053915851394 1.8268898399328053 0.0 0.0 
l 1.3675347095370836 -0.3817433481914658 -0.4743315402336178 -2.1442203121265373 1.757215688277046 0.0 0.0 
l 1.3594401548831458 -0.40487373038072505 -0.4641806309311351 -1.513177513645975 1.812482169869357 0.0 0.0 
l 1.2993409710419102 -0.48638590571878787 -0.484527728638585 -1.3897491669873239 1.8986452568387067 0.0 0.0 
l 1.291884537997738 -0.4638005843705801 -0.5199790605444836 -1.372303404742163 1.930036371414544 0.0 0.0 
l 1.2597972787716598 -0.48534064917885833 -0.5473314988910772 -1.3594369050361383 1.9779884919489503 0.0 0.0 
l 1.269287561423649 -0.3246069452702124 -0.7460054829120856 -1.3810421816212604 2.1755797780217527 0.0 0.0 
l 1.272400727870283 -0.4032095762233263 -0.6247026273065057 -1.4304915730277448 2.0697873125301998 0.0 0.0 
l 1.2917638989179823 -0.34559836925876464 -0.6721416795297106 -1.4709515005122105 2.1352234107020083 0.0 0.0 
l 1.3419864428879684 -0.2669365117408202 -0.7054379904385819 -1.4989406829746752 2.1462486465500143 0.0 0.0 
l 1.3658919027026857 -0.24077411389759878 -0.70239636262913 -1.5242163240286024 2.141166790831148 0.0 0.0 
l 1.3737546239720015 -0.23440099132818595 -0.6963178717566528 -1.4916043818911848 2.107012325148896 0.0 0.0 
l 1.3725528120246444 -0.21690820425621055 -0.7391572226699458 -1.4973792358424092 2.1508604753354184 0.0 0.0 
l 1.3758841228339338 -0.20068421293232505 -0.7704210870514636 -1.4850888525545887 2.1530753654095856 0.0 0.0 
l 1.3806853989857963 -0.19928536574114136 -0.7612364150126365 -1.4756540706282062 2.0921797078124102 0.0 0.0 
l 1.3755669340378265 -0.19726897757207534 -0.780065941749671 -1.491772356690691 2.12381873223936 0.0 0.0 
l 1.3705775715459714 -0.18610131557559131 -0.8228478325095632 -1.4714277814106325 2.186115639177518 0.0 0.0 
l 1.3669979432799102 -0.1795426807078367 -0.8501523034940726 -2.264128948412374 2.1149624221933085 0.0 0.0 
l 1.365311184897064 -0.1693259142874611 -0.883827141874993 -2.2312799435783917 2.182353908276685 0.0 0.0 
l 1.2645355098437627 -0.36334588833675 -0.6937335378737387 -2.1001443151696826 1.718886627796473 0.0 0.0 
l 1.281077105118301 -0.36375536840513345 -0.664324248103968 -1.3947075977029493 1.973059761919858 0.0 0.0 
l 1.2968565115530981 -0.34064856967597124 -0.6703060068854891 -1.3563656839502267 1.9634631265170714 0.0 0.0 
l 1.3031583897048065 -0.31899342774154044 -0.692930051173546 -1.3952153316925668 2.062531628077956 0.0 0.0 
l 1.3164925425896226 -0.3080015583074499 -0.6850643879566042 -1.4046467607159685 2.0515165343469817 0.0 0.0 
l 1.3265189233477548 -0.3231707426353428 -0.6398046667503515 -1.4248742440815805 2.0180587413705458 0.0 0.0 
l 1.3353847722163723 -0.3375720117135725 -0.5994599154675582 -1.4247941509502193 1.9909739037326148 0.0 0.0 
l 1.3466503176701257 -0.3563643708072019 -0.5494993109280262 -1.443868347271371 1.9404357795562925 0.0 0.0 
l 1.3514885507036654 -0.3672418351948821 -0.5251372615404862 -1.4996383826246575 1.9744972870635862 0.0 0.0 
l 1.363298081910259 -0.3646835890865862 -0.5039701406205739 -1.4700740144304556 1.9283462100379767 0.0 0.0 
l 1.3557063076809583 -0.3503956382650985 -0.5387749384313099 -1.4727663176310446 1.9703585950274123 0.0 0.0 
l 1.3526798714445765 -0.35868017253326 -0.5339307878494294 -1.4595433873564445 1.950281793363621 0.0 0.0 
l 1.3557337529411972 -0.3394136267793692 -0.5540394846453887 -1.46633711639713 1.9721894972772496 0.0 0.0 
l 1.3621517981644777 -0.287554925655123 -0.6213108992045613 -1.3948005292676147 1.9592038422210871 0.0 0.0 
l 1.356430577731423 -0.30463276485386903 -0.6056213556978629 -1.3939628622632516 1.9344296709292164 0.0 0.0 
l 1.3566974498598177 -0.30308431282885917 -0.6075599488631046 -1.4048209816748927 1.9413959717971023 0.0 0.0 
l 1.3662693172268758 -0.29985861424417626 -0.590922441773482 -1.4230706190156013 1.9395074291861667 0.0 0.0 
l 1.3728373636105329 -0.31114629595569937 -0.5576844116140331 -1.4848180720515087 1.9464051546403578 0.0 0.0 
l 1.3774436697991614 -0.3010185445833829 -0.5626791555289737 -1.5126925469511103 1.9814578308094837 0.0 0.0 
l 1.3741699382950676 -0.337343642798625 -0.5165008939330809 -1.5234482490137695 1.936741815662689 0.0 0.0 
l 1.3676112999837593 -0.34479985658664947 -0.5208268055511376 -1.5246568955892297 1.9472633940744424 0.0 0.0 
l 1.359475365716817 -0.454458959811739 -0.41374282444796745 -1.4794994716644403 1.784334876134669 0.0 0.0 
l 1.362473732191146 -0.4180632435970178 -0.4441276067135418 -1.4783564444272512 1.8146566047375023 0.0 0.0 
l 1.366253537956863 -0.40094326391658214 -0.45510223501014857 -1.5261320862716692 1.8929003433700575 0.0 0.0 
l 1.3745696471171214 -0.4608006416036315 -0.3808642356713806 -1.5447776788375336 1.8281151043840773 0.0 0.0 
l 1.3761592567954362 -0.4869246292732985 -0.3564356853711036 -1.5679373784754662 1.8246155784889502 0.0 0.0 
l 1.3684101469849335 -0.44281692797693484 -0.40837045961620255 -1.5036482526209716 1.8163208026220858 0.0 0.0 
l 1.3725675196001932 -0.43946637356484347 -0.40378241761365136 -1.5467802169768123 1.8615640365854405 0.0 0.0 
l 1.3545514015600086 -0.45939471396139236 -0.4179126105520852 -1.5518846341613 1.8944124903911392 0.0 0.0 
l 1.3487344814402609 -0.42871392951243065 -0.458827448345984 -1.5512657460055892 1.9409703192613676 0.0 0.0 
l 1.333665343661662 -0.48061708515845764 -0.4340413435433021 -1.5509210124352582 1.9308777592512965 0.0 0.0 
l 1.3391157119268444 -0.4892242072213794 -0.4171229059688158 -1.4955654916579815 1.8458884972566618 0.0 0.0 
l 1.34277171131254 -0.43743403534975084 -0.46062511530209604 -1.4898827278543594 1.89565768839039 0.0 0.0 
l 1.3345513260273467 -0.4029041738253354 -0.5141544720419078 -1.5100919987863575 1.9839935828086794 0.0 0.0 
l 1.3581675652313925 -0.2259629446946881 -0.754010098938257 -1.536649937258336 2.241589025823131 0.0 0.0 
l 1.357900389769306 -0.30839316308951387 -0.5962170793973174 -1.491443632121076 2.0215387613795386 0.0 0.0 
l 1.3399481271142584 -0.3176682745732033 -0.6206089120640341 -1.5366120831796384 2.10608832402148 0.0 0.0 
l 1.3322341272708174 -0.3453747056742428 -0.5943818575940816 -1.5472429678425401 2.091056766398998 0.0 0.0 
l 1.3286160323984766 -0.35076641413397563 -0.5938400546328885 -1.5270900593017263 2.078750363142971 0.0 0.0 
l 1.3272510305177336 -0.3600467085359967 -0.5834035634031419 -1.505128038034002 2.031573336411307 0.0 0.0 
l 1.3279636835345137 -0.35706756046942123 -0.5861730473996212 -1.5162122135839957 2.0477945046620603 0.0 0.0 
l 1.33894086729598 -0.30702631820461557 -0.6400861007851794 -1.5010553100663373 2.07669855919881 0.0 0.0 
l 1.3447621205848042 -0.28198075159500335 -0.6709491784317944 -1.492186107841981 2.096640921477497 0.0 0.0 
l 1.3464631822776405 -0.2679536534350185 -0.6933971528374389 -1.4942368802761947 2.1186492794131118 0.0 0.0 
l 1.3462419429105343 -0.2604853825856386 -0.7085017959655008 -1.4625493238936782 2.0954940245087177 0.0 0.0 
l 1.3483063028928537 -0.25014899853766986 -0.7247232454052324 -1.458855357750379 2.0930787681672833 0.0 0.0 
l 1.352580452970365 -0.23230552868084617 -0.7530528630764551 -1.5192821351144559 2.2003556840845087 0.0 0.0 
l 1.3501123454283912 -0.22940886392206536 -0.7653461697751052 -1.4589649833430898 2.1426242222749057 0.0 0.0 
l 1.363488641267022 -0.18478646431925777 -0.8442619716426886 -1.527366652202086 2.2683417760802884 0.0 0.0 
l 1.361671601287898 -0.208174399419616 -0.7877429475465427 -1.4483383296764964 2.1064981436370083 0.0 0.0 
l 1.3723687680672136 -0.1721557198910756 -0.8578052570175996 -1.4316014311040237 2.1763466507057063 0.0 0.0 
l 1.3563066710833829 -0.2682423176165108 -0.670170448515825 -1.4436928052439286 2.0424816670688233 0.0 0.0 
l 1.3572175119795533 -0.348479880016866 -0.5381956177096693 -1.4875268521722422 1.931283118995926 0.0 0.0 
l 1.3624433431482816 -0.3469161106141319 -0.5291557118929112 -1.4699145377979275 1.8821957803775176 0.0 0.0 
l 1.364548454907208 -0.3379568033458442 -0.5369794274787036 -1.456195807322079 1.8762091970659505 0.0 0.0 
l 1.3716217217518374 -0.3221552918470996 -0.5438950375707715 -1.4907036597714949 1.9281796650804637 0.0 0.0 
l 1.3656790693016234 -0.27511789400411485 -0.6351423976559781 -1.4814661782829779 1.9979337191194917 0.0 0.0 
l 1.3822834768202117 -0.3742047086952588 -0.4522240507623653 -1.5365782590396295 1.8410208252434812 0.0 0.0 
l 1.3620366982597594 -0.44586649038995857 -0.4172039419878149 -1.497247238632915 1.8101201188514853 0.0 0.0 
l 1.3400962296875074 -0.46307801809991234 -0.4397159925711581 -1.4496245681919704 1.809014357672651 0.0 0.0 
l 1.3305596966533049 -0.42763665864289513 -0.4931863585386548 -1.4822830153395479 1.9155807680300176 0.0 0.0 
l 1.316280063282155 -0.43970209072537264 -0.5051725759180694 -1.4492027701966235 1.9169055724139785 0.0 0.0 
l 1.2964086254234368 -0.41921393363933995 -0.5633758219358221 -1.468356051165754 2.0136996486571452 0.0 0.0 
l 1.2620283259227028 -0.2852028104077919 -0.8274759677479333 -1.4461568638440072 2.2902552911056686 0.0 0.0 
l 1.3042028011447282 -0.22187136226943707 -0.8803811131049644 -1.4025321891786457 2.3011151308936997 0.0 0.0 
l 1.2671506712106264 -0.2782676511424874 -0.8315338933126962 -1.414776295875728 2.285599736985134 0.0 0.0 
l 1.2650870810004597 -0.3015191766100507 -0.792741361808914 -1.4480274505842874 2.270872722385054 0.0 0.0 
l 1.2693313562014024 -0.3258868859963676 -0.7438218528631635 -1.442788192017834 2.214717499852475 0.0 0.0 
l 1.2887215769670464 -0.34393926435626554 -0.6802691349981708 -1.4006012986184897 2.107279256323752 0.0 0.0 
l 1.2859179026085719 -0.3621299730623141 -0.6580642062798301 -1.4116454438592687 2.0887241927866627 0.0 0.0 
l 1.2824095343228192 -0.33648144894224696 -0.7033996945492138 -1.4103678974002456 2.1205689978414286 0.0 0.0 
l 1.2891969704471862 -0.29145268663325513 -0.7672275553466624 -1.3840618819673673 2.1464833593981445 0.0 0.0 
l 1.305859077787917 -0.17530768495716792 -0.992425831602274 -1.4304244983875785 2.4227023319128174 0.0 0.0 
l 1.336376480951871 -0.1400817401849504 -1.0374294986457393 -1.4507991590984484 2.4385966197113476 0.0 0.0 
l 1.3385963476721467 -0.129547384703295 -1.0672353355727238 -1.424944987833735 2.45714695771251 0.0 0.0 
l 1.338126562047921 -0.10950586523670441 -1.1363762385705243 -1.4790257601055015 2.5898857884178383 0.0 0.0 
l 1.345730692128204 -0.10808609669703494 -1.1282023243374868 -1.5048601560338042 2.587379676118051 0.0 0.0 
l 1.3490468540725362 -0.09809562528868875 -1.1592275212049357 -1.4831847481056029 2.5922084432739787 0.0 0.0 
l 1.3525167489992975 -0.1014230971864747 -1.1406328432046067 -1.5126579512255545 2.596972745582166 0.0 0.0 
l 1.327415902912883 -0.19497194133284196 -0.8989139099797878 -1.5864183943276928 2.4225514481674244 0.0 0.0 
l 1.3286794502981905 -0.18688609824733848 -0.9173373802115222 -1.5719516520675372 2.4303185955894566 0.0 0.0 
l 1.334397101005114 -0.20028308727801777 -0.870567044667461 -1.555257740907119 2.357165849800594 0.0 0.0 
l 1.3315742708389964 -0.22446832408504816 -0.8183725359438665 -1.503733901638128 2.252006818482394 0.0 0.0 
l 1.3260433727787568 -0.24299719892658056 -0.789144637297612 -1.5682771872523753 2.3051930634019606 0.0 0.0 
l 1.3256730435379185 -0.24675591244048145 -0.7819412922047839 -1.534623861264081 2.24688972184555 0.0 0.0 
l 1.3265711938362046 -0.2470221217730166 -0.7794689750586898 -1.5086565601132353 2.217139420601921 0.0 0.0 
l 1.3179854706282172 -0.2609335162821673 -0.768871622553501 -1.531451273366683 2.2590751678628074 0.0 0.0 
l 1.3649092104483802 -0.21022537838848931 -0.7746658556992176 -1.5123416287022429 2.148529973968163 0.0 0.0 
l 1.371632240421494 -0.20173481331531068 -0.778810815687743 -1.5215308825830103 2.140663053427514 0.0 0.0 
l 1.368741506604206 -0.15117649093241722 -0.93136547101519 -1.5501256762013078 2.321825140241236 0.0 0.0 
l 1.366386265370406 -0.1390659421994532 -0.9769199674063593 -1.581075481261363 2.427794422911396 0.0 0.0 
l 1.3605153013635045 -0.12314320581232605 -1.0452951517079387 -1.5638008418961504 2.463872550672767 0.0 0.0 
l 1.3562345320686449 -0.11029377372438494 -1.1006168160141867 -1.521937273999388 2.46817380771688 0.0 0.0 
l 1.3544136551801464 -0.09283944241117614 -1.1701524281453324 -1.5552876780808442 2.5630643530993504 0.0 0.0 
l 1.3513737938868091 -0.07612928597202946 -1.24124126020575 -1.5862468443074476 2.7211828328575187 0.0 0.0 
l 1.3503466577842502 -0.0910535797039866 -1.1838843898652864 -1.5714654093654532 2.6275606043655255 0.0 0.0 
l 1.355231304218267 -0.2146809994005344 -0.7875176397190239 -1.5349045525552083 2.196815511010694 0.0 0.0 
l 1.3570583321884548 -0.18439905377288118 -0.8609174046623157 -1.5511859779136323 2.281696372612427 0.0 0.0 
l 1.3549311951690612 -0.20939242033617353 -0.8010860806156097 -1.5663252855057226 2.1988102592834062 0.0 0.0 
l 1.3521790683620296 -0.20344871819678828 -0.8224082463634406 -1.5700856141969137 2.220575823543017 0.0 0.0 
l 1.3464014166100908 -0.21847494363484776 -0.7992116589400333 -1.5656282603630038 2.224942636070439 0.0 0.0 
l 1.3351773415101982 -0.20812079621630553 -0.8493533094787562 -1.5567955599196919 2.2830383537581502 0.0 0.0 
l 1.3325395233087913 -0.21823511955900016 -0.8307849790731211 -1.531272289105243 2.2359333028293054 0.0 0.0 
l 1.3295796588069457 -0.2235867971404304 -0.8247065623971868 -1.5028524799765808 2.1991784943250146 0.0 0.0 
l 1.3281621386303761 -0.23226895867520214 -0.808062387889486 -1.5265909677661664 2.2467824819274 0.0 0.0 
l 1.3188835111051038 -0.24471427350988045 -0.8005051817041269 -1.501235990446351 2.216126976078416 0.0 0.0 
l 1.3266548730653493 -0.25701006821036654 -0.7586200090881192 -1.5225486179081864 2.1981919042873117 0.0 0.0 
l 1.3310624220470275 -0.16854550818987096 -0.9626682034274658 -1.4220964058656804 2.3470569136659796 0.0 0.0 
l 1.32995107039732 -0.14852073604536153 -1.023653803033594 -1.4433860792823492 2.4400149696661497 0.0 0.0 
l 1.3330348769370435 -0.1485037906061698 -1.0177372214813418 -1.4459356536111365 2.4419754610782043 0.0 0.0 
l 1.3349457584471962 -0.15704679979786884 -0.9881846603689282 -1.4634490989689466 2.4245844641667467 0.0 0.0 
l 1.3057076557391638 -0.32775759462928 -0.6737731141341173 -1.476879261275559 2.1253247628411223 0.0 0.0 
l 1.283372161840391 -0.332105592092314 -0.7086245702665163 -1.474977355557574 2.170702658363379 0.0 0.0 
l 1.2683513082160063 -0.3349873381053343 -0.7307815243866033 -1.4913570216847454 2.2328892151716295 0.0 0.0 
l 1.2523646277826126 -0.33623921725369277 -0.7561625659000514 -1.5002760228833758 2.28380518156294 0.0 0.0 
l 1.2236070173972335 -0.297123273799276 -0.8685245816200251 -1.5087157341045176 2.4274794458646367 0.0 0.0 
l 1.3101922734584284 -0.12146748430917723 -1.1415133026441304 -1.4897988180242006 2.6207651234324434 0.0 0.0 
l 1.3020074228338343 -0.052906972302885984 -1.3808628899007387 -1.3729820403506714 2.8108540783834117 0.0 0.0 
l 1.3101789995667006 -0.021867550023619262 -1.4889679886056126 -1.3440125020887776 2.909842267075007 0.0 0.0 
l 1.3425156293196672 0.043055773096914884 1.3874432122703688 -1.3200825859225669 -0.012880493768788748 0.0 0.0 
l 1.3426600563969127 0.036856895899011935 1.4132958778509448 -1.3208879349374925 -0.010409688001840278 0.0 0.0 
l 1.3338836323594876 0.016854260003914632 1.5010975748134068 -1.3103114906409359 -0.09646001892294365 0.0 0.0 
l 1.3410962168095684 -0.002842167644665226 -1.558641893449132 -1.3551530587951297 2.934133102671489 0.0 0.0 
l 1.336355157410394 -0.01830991224806059 -1.4942733693221033 -1.354573089263847 2.8702763813565335 0.0 0.0 
l 1.3311358579364563 -0.06034997250042207 -1.3283840013947141 -1.3383061922727821 2.7350387946726844 0.0 0.0 
l 1.3291388798913164 -0.09410527321909384 -1.205085439538706 -1.3490895814463078 2.562563246912296 0.0 0.0 
l 1.336270147799112 -0.1357194970084976 -1.0515502341065521 -1.3760966477303176 2.4316099386930303 0.0 0.0 
l 1.3354824818849682 -0.1528412421904558 -0.999712582506995 -1.4267838654699199 2.430148062269839 0.0 0.0 
l 1.3012860583597707 -0.06582709070383888 -1.3365288389002483 -1.3790920700846003 2.760262880587435 0.0 0.0 
l 1.3129027889113176 -0.10085441276200494 -1.204452352257936 -1.3613604254446636 2.600855880780315 0.0 0.0 
l 1.3240837253204754 -0.10010326202135822 -1.1913113544254705 -1.3420846687551913 2.5828947845655157 0.0 0.0 
l 1.3176232134160482 -0.12460991728436936 -1.1199171826736596 -1.4825593718883092 2.6090200056771726 0.0 0.0 
l 1.322710746946224 -0.1266752434310793 -1.1049235092954535 -1.4254924718019069 2.5207338440699036 0.0 0.0 
l 1.3308195668254703 -0.13416314107263821 -1.0667198973276075 -1.3965502067336273 2.4498156793111514 0.0 0.0 
l 1.3348633352939507 -0.13723230884781717 -1.0493861802372144 -1.417384154045243 2.4534027813835957 0.0 0.0 
l 1.3428070694990897 -0.13575191811340848 -1.038727556155131 -1.415934023012639 2.436617739296267 0.0 0.0 
l 1.3859478711964885 -0.08526002778049603 -1.1420657079602874 -1.3910143621342563 2.495130802420138 0.0 0.0 
l 1.3825796651606592 -0.0917752992685605 -1.1206866265076854 -1.3759357749494012 2.451338621490985 0.0 0.0 
l 1.373348007500496 -0.1371585689490912 -0.9668562634840122 -1.3960508739339608 2.2780575476519846 0.0 0.0 
l 1.361119147221737 -0.18360628185090702 -0.8533164026616732 -1.4339408106531077 2.2222046526441943 0.0 0.0 
l 1.3495893223143793 -0.21842299644500215 -0.7919393620076328 -1.4775857893447741 2.1914804772204213 0.0 0.0 
l 1.3387386509674601 -0.2452710580936258 -0.7566451756742321 -1.4849311374345415 2.1677041310056704 0.0 0.0 
l 1.333397145496251 -0.27479136908482976 -0.7092664646713039 -1.5342203443449 2.161100424488096 0.0 0.0 
l 1.322910111113324 -0.29271357429568223 -0.6985438412153532 -1.496350359811628 2.1328765151264326 0.0 0.0 
l 1.3085208814690117 -0.30682640718307236 -0.7029389984086875 -1.504638168320818 2.163240257425381 0.0 0.0 
l 1.294551625663388 -0.32576566003107416 -0.6982090843658283 -1.4826590821580143 2.135524631111887 0.0 0.0 
l 1.2858860708789073 -0.35663350248919196 -0.6662166501707141 -1.511082323683181 2.149715085582433 0.0 0.0 
l 1.2668311034889401 -0.38777616849109176 -0.6549076792566834 -1.4783725947306354 2.133979973301544 0.0 0.0 
l 1.3030615279170885 -0.41266510205033996 -0.5597380953062718 -1.4871847168912649 1.9642619162783805 0.0 0.0 
l 1.298817218671291 -0.41706208692448643 -0.5618092103869436 -1.4932206475840608 1.9771399501567837 0.0 0.0 
l 1.3199154580850345 -0.3923720864517729 -0.5544815426508583 -1.4921948794470785 1.9352860313251883 0.0 0.0 
l 1.3216623359953619 -0.38304548952348316 -0.5631848717630629 -1.4933368109002283 1.9421571441725995 0.0 0.0 
l 1.3247498009967051 -0.3805085975212551 -0.5606340975316769 -1.4726355769744213 1.8884108456677247 0.0 0.0 
l 1.3212071364810385 -0.38350778407227926 -0.5634424286887955 -1.4922663163225265 1.9286304518187634 0.0 0.0 
l 1.322828226499215 -0.3873085713798137 -0.5554791917891982 -1.5115267146813154 1.932095429974657 0.0 0.0 
l 1.3223656010294382 -0.38761095579036586 -0.55596247890473 -1.5004783142751124 1.936028605951134 0.0 0.0 
l 1.321401176482783 -0.34380615771348955 -0.6183336242480579 -1.4821069691464561 1.9965485514495562 0.0 0.0 
l 1.2770234175227138 -0.176120167034838 -1.039054161872051 -1.504688369607949 2.5295532317734173 0.0 0.0 
l 1.2759311125423065 -0.25936610426085943 -0.8527336788030045 -1.5131025344158486 2.3608748513712867 0.0 0.0 
l 1.2857659749660784 -0.24431521656591942 -0.865831032428833 -1.5192879090362719 2.373918065243559 0.0 0.0 
l 1.2893016243710547 -0.2388804472020566 -0.8708709732397542 -1.5501045416661623 2.407140840115205 0.0 0.0 
l 1.2894611846232806 -0.2421849668698124 -0.8635298055392614 -1.4857512341837757 2.314540077304158 0.0 0.0 
l 1.2870862872561415 -0.2450662464792735 -0.8618315819049384 -1.5231228334363278 2.36369010148978 0.0 0.0 
l 1.270492335477266 -0.24306041141763093 -0.8956078932843664 -1.4994818731558217 2.4015173515280663 0.0 0.0 
l 1.2693103563920571 -0.27706631528513737 -0.8300222766014967 -1.4958893710756132 2.3326959450051064 0.0 0.0 
l 1.259109086452678 -0.3325793163985997 -0.7506300741830002 -1.5219689177560827 2.2798673022229434 0.0 0.0 
l 1.2521380889699854 -0.40200122932048915 -0.659907086055115 -1.500543707204423 2.1849770046843946 0.0 0.0 
l 1.2586619839662891 -0.37613408752499045 -0.6850499759042024 -1.5284941085884303 2.2269741554359896 0.0 0.0 
l 1.2648388821534546 -0.39547488075895104 -0.6477400219498027 -1.5307952910141103 2.1858521513966216 0.0 0.0 
l 1.2686501427032568 -0.41135068158657456 -0.6203873098313382 -1.5280027549538155 2.149304489315881 0.0 0.0 
l 1.302205691059216 -0.3424864590216328 -0.6574241091174844 -1.548338032815952 2.1741862245414763 0.0 0.0 
l 1.3084395048034403 -0.42002237180984664 -0.5413855744728341 -1.5103808462470192 2.0141765028636276 0.0 0.0 
l 1.3036440017548514 -0.42096309308029245 -0.548684477269409 -1.5170564263127793 2.015545073447128 0.0 0.0 
l 1.3042112493185989 -0.41105983560207204 -0.5596753839987507 -1.5002747785164237 2.029157064606741 0.0 0.0 
l 1.3104384554682058 -0.4090063171199023 -0.5510960804656526 -1.5138955578444937 2.0214346128011957 0.0 0.0 
l 1.3064102051828592 -0.4076813250849872 -0.5599306970450612 -1.4793411509558856 2.00457313110058 0.0 0.0 
l 1.3035252156025288 -0.4072856983855552 -0.5655571103800783 -1.4841385677165446 2.0139412246674206 0.0 0.0 
l 1.3063953002727882 -0.41557316825722024 -0.5503171517771341 -1.4738662208027218 1.9907322679795854 0.0 0.0 
l 1.3840308844874867 -0.24137802720240453 -0.6546745706949124 -1.4105392500989478 2.012878227326966 0.0 0.0 
l 1.4225786779814997 -0.13654839413717687 -0.8269108698113596 -1.3386685910311282 2.140210283768079 0.0 0.0 
l 1.4792187239299148 -0.10122231113611505 -0.7351056802715672 -1.2494886994696959 1.985097770727077 0.0 0.0 
l 1.4729346690574274 -0.10555864626396737 -0.7473168815453585 -1.2398219958101433 1.9972119486499755 0.0 0.0 
l 1.46172326302773 -0.1389727290610591 -0.6642269226887333 -1.2681916330548535 1.9199757091806355 0.0 0.0 
l 1.4277850324743273 -0.3580925000941553 -0.367315761386095 -1.4214567075278048 1.5669434619360976 0.0 0.0 
l 1.386702886428274 -0.3820854019138049 -0.4339256678509927 -1.4139423382586682 1.6783860738276555 0.0 0.0 
l 1.3585923161877724 -0.4233262789135052 -0.4460307052647718 -1.4204982130206234 1.7156613186629832 0.0 0.0 
l 1.3027646865832034 -0.41780981259060246 -0.55400637420387 -1.45345148780608 1.957952065286237 0.0 0.0 
l 1.28984852489365 -0.3977787486802952 -0.601816657083529 -1.4438220909906043 2.0342497812248608 0.0 0.0 
l 1.3238062414872591 -0.3134220579447286 -0.6611520867440872 -1.431108889647149 2.024286479613215 0.0 0.0 
l 1.3264361808318577 -0.3601274364560738 -0.5848902737086092 -1.4383020617593902 1.932686689675815 0.0 0.0 
l 1.34496802846439 -0.5453545251419515 -0.3619787815911553 -1.4590743117303018 1.7356635793888164 0.0 0.0 
l 1.3264600501743464 -0.501559711788641 -0.4267437591129257 -1.461775489876665 1.8150548966794149 0.0 0.0 
l 1.3212706467172621 -0.44763837716639143 -0.4879429681124056 -1.4473605035283534 1.8419309835256652 0.0 0.0 
l 1.3046377764531285 -0.40905989351870864 -0.5613821836150669 -1.4487922196062966 1.9459599535607568 0.0 0.0 
l 1.3183725599362557 -0.3653272047595173 -0.5932821579844622 -1.3963960225147798 1.9841434363187567 0.0 0.0 
l 1.3280632488555097 -0.36349758449489633 -0.5770302245978383 -1.39538483870267 1.923330256963176 0.0 0.0 
l 1.3338084603186167 -0.3683495832161987 -0.5591542962406478 -1.3673879823906938 1.8762690568358393 0.0 0.0 
l 1.3324759375759416 -0.36092336499352384 -0.5718735186499753 -1.359515370253166 1.9052356079224901 0.0 0.0 
l 1.3468732555354457 -0.3676835423817141 -0.5339463041537512 -1.382177056973177 1.8324442854150012 0.0 0.0 
l 1.3334654377368327 -0.3468835333366244 -0.5897033285819268 -1.4159462622530374 1.965887734530622 0.0 0.0 
l 1.328634251579962 -0.35393124319353525 -0.5892808954363423 -1.4420758135561185 1.9902398004977693 0.0 0.0 
l 1.305071243050875 -0.4380724430940948 -0.5263390719028495 -1.4621668042594897 1.947159256729643 0.0 0.0 
l 1.301319843053657 -0.4446822934183526 -0.5252962414489468 -1.4731892724640128 1.9579784104276774 0.0 0.0 
l 1.2954921284921312 -0.4549789971435984 -0.523646472222415 -1.4856394475803774 1.9773046290339198 0.0 0.0 
l 1.2877234583796966 -0.47550674551456906 -0.5142252436635691 -1.5013338172275172 1.9870042655033218 0.0 0.0 
l 1.2816903498849497 -0.49228999722893657 -0.5063523135563441 -1.4899726825616342 1.950279311598411 0.0 0.0 
l 1.2778858230817203 -0.4913337883648897 -0.5132266579447438 -1.5058533263341838 1.9997658607981408 0.0 0.0 
l 1.3933079827163135 -0.5665190964957889 -0.27486900472609616 -1.447331414482628 1.6068958560544198 0.0 0.0 
l 1.3935263266942437 -0.4823520064609455 -0.32966345820271437 -1.4866443485831222 1.634225023778764 0.0 0.0 
l 1.4084135104962527 -0.17786634398265927 -0.7390367741625726 -1.3940781936430429 1.8944854283982755 0.0 0.0 
l 1.4818882945051663 -0.22819939637108402 -0.36649135300262664 -1.3640528429930552 1.467423892047118 0.0 0.0 
l 1.4663640247331726 -0.22837265981792043 -0.42364528582544925 -1.3910756513000393 1.5261491847455178 0.0 0.0 
l 1.4226961588400555 -0.1621583039606945 -0.7393859422807749 -1.393560811316125 1.8397639924565015 0.0 0.0 
l 1.4113393558719076 -0.13094328012598788 -0.884638902677253 -1.4475055316509218 2.072622207095888 0.0 0.0 
l 1.4058763441331337 -0.15318326864504453 -0.8229053027310531 -1.4373206170509527 1.9405217191172188 0.0 0.0 
l 1.4064026788297341 -0.1653527340168962 -0.7824362302175848 -1.4325953762061892 1.9806782985576175 0.0 0.0 
l 1.384931137426001 -0.19483411045841448 -0.7612652554104132 -1.4801531445627145 2.0507896195494193 0.0 0.0 
l 1.3804266511761984 -0.21484274055471356 -0.7234032440046807 -1.4931819357292386 2.0290532578429987 0.0 0.0 
l 1.3774814908776376 -0.21945917901610573 -0.7203244215393139 -1.4878821993351699 2.0281300273270304 0.0 0.0 
l 1.3860543397802236 -0.07549597795683982 -1.186188178873489 -1.4305860847446679 2.5226529162190783 0.0 0.0 
l 1.3827959320223067 -0.07508374606164431 -1.1942550590811831 -1.4355006874804221 2.5480978377633408 0.0 0.0 
l 1.3903374575898064 -0.06971041298137115 -1.205280764829506 -1.4125166875256583 2.561022756474716 0.0 0.0 
l 1.3998385237447577 -0.1100202060826968 -1.0015868970427575 -1.437293436321234 2.338532869651897 0.0 0.0 
