l -1.0076094235405397 -0.5539806216104275 0.7956398042637332 2.082814651161467 -0.1400024771915621 0.0 0.0 
l -0.994394538722316 -0.5652803577848357 0.7976275955568055 2.0681646432707375 -0.12115264850971597 0.0 0.0 
l -1.000612140999668 -0.5618076385949256 0.7946509836907655 2.028256507116545 -0.1075418700948273 0.0 0.0 
l -1.00854606155958 -0.552931617908232 0.795774859514492 2.00076293081162 -0.09944051002418841 0.0 0.0 
l -1.0093377691682284 -0.5542483994025036 0.7934250686696535 2.0321011338388315 -0.023656377515523963 0.0 0.0 
l -1.0149664619081573 -0.5482447383353006 0.7938914021661326 1.9976152593681913 -0.021488918779360766 0.0 0.0 
l -1.0459436600327994 -0.517117432705577 0.7943568746078998 1.9196264020113623 0.012663630388918046 0.0 0.0 
l -1.0404108200173257 -0.5190425890380663 0.7984779971100169 2.0334361337632836 -0.03377044847760757 0.0 0.0 
l -1.0324913182539461 -0.5206133383562322 0.8056869780844121 1.980274323963137 -0.024870035532563173 0.0 0.0 
l -1.0344136841163536 -0.5183624835841147 0.8061122758618693 1.958690050269453 -0.01880396665746531 0.0 0.0 
l -1.0345735837699785 -0.5159465017966822 0.8087385865268978 1.9144248263578378 -0.004635465526698801 0.0 0.0 
l -1.0296182490029435 -0.5221110149734708 0.807210273784397 1.8185159989608957 0.03732812721731815 0.0 0.0 
l -1.0234222022998736 -0.5318674561172974 0.8029848769982261 1.7983275179243188 0.046183818079413186 0.0 0.0 
l -1.0153550697608902 -0.5399606074422025 0.8028070646984645 1.9195443871327107 0.018422505228780306 0.0 0.0 
l -1.0123658121666732 -0.5400508744425138 0.8060333522465363 1.8853551214202102 0.015718580430905904 0.0 0.0 
l -1.018515919037135 -0.5300632109546495 0.8105501171985265 1.8813025286034726 0.016245510720232947 0.0 0.0 
l -1.021635606302216 -0.5222630519642218 0.8160241238462157 1.8830351624519428 -5.623193168657892e-06 0.0 0.0 
l -1.020499939195287 -0.519671302067455 0.820291453540045 1.9389888743120383 -0.01173932234981967 0.0 0.0 
l -1.0276862965284832 -0.5106787990547227 0.8226815389288582 1.9574353555604913 -0.018091576850314706 0.0 0.0 
l -1.027506207883773 -0.509778082330299 0.8239381667266232 1.9684197239302745 -0.02061034410347351 0.0 0.0 
l -1.0224629494071762 -0.5106838184755519 0.8285434803141971 1.9541166663564191 -0.02739307109538447 0.0 0.0 
l -1.018921112845902 -0.5144943948582509 0.8280612112776903 2.012421360975495 -0.03820029228137678 0.0 0.0 
l -1.0192955066752278 -0.5147651568197394 0.8273284897452023 2.006567818733174 -0.038673195281362815 0.0 0.0 
l -1.023719253893663 -0.5117959618338092 0.8258367975635444 2.037006355892216 -0.04311229828184582 0.0 0.0 
l -1.0226284759451083 -0.5160444336914671 0.8221127139342811 2.037504847454903 -0.042311935929004396 0.0 0.0 
l -1.0196993275676984 -0.5186345641437419 0.8223870827230501 1.9804316256806558 -0.025327447363276412 0.0 0.0 
l -1.018990634231138 -0.5186858073724897 0.823119557072039 2.006854761236675 -0.03745306850925434 0.0 0.0 
l -1.0273194041646099 -0.5086603103506325 0.8254575422138091 1.8646531579251586 0.015587022020076335 0.0 0.0 
l -1.0372824771679192 -0.4999734016779122 0.8244129108012306 2.0917281686215814 -0.09168383549441828 0.0 0.0 
l -1.0412076829806733 -0.4976599249008155 0.8226797103228078 2.032839582167115 -0.004662656511111196 0.0 0.0 
l -1.0360282129369642 -0.5030791915436118 0.8221668621985992 2.0831057008153593 -0.008911321445838838 0.0 0.0 
l -1.0247790331133113 -0.5113421157190414 0.8251771463033742 2.046379089523004 -0.08779137115134739 0.0 0.0 
l -1.0211937670456832 -0.5178289558231789 0.8216488834997372 1.9792463757410779 0.0400043911772241 0.0 0.0 
l -1.0267686902894915 -0.5208649517063697 0.8118692134294392 2.0979685075587007 0.04121705840077605 0.0 0.0 
l -1.0201146615152934 -0.5298995375252312 0.8089484307527997 2.124249585990375 0.02298321798647529 0.0 0.0 
l -1.000731592216653 -0.5424669012648013 0.8161574905104151 1.9785495386848033 0.05080714923337604 0.0 0.0 
l -1.0058194957664834 -0.5354405550105369 0.8185160637802171 2.1040618199038783 0.043079435070320304 0.0 0.0 
l -0.9747596640272166 -0.5584088559883689 0.8265078637015454 1.993328941543626 0.013099606876844305 0.0 0.0 
l -0.9815613570917483 -0.5463418930480812 0.8326512150254334 1.9096529490933098 0.06333328964059715 0.0 0.0 
l -1.0168663611093012 -0.5266606858236013 0.816293777486822 2.137767310034219 0.05739292160839238 0.0 0.0 
l -1.0288585768612943 -0.520593588803802 0.809824142713084 2.152713282064639 0.05707739241186527 0.0 0.0 
l -1.0141483665794433 -0.5215240034780886 0.8252328799098648 2.1191080441679295 0.030767618401860042 0.0 0.0 
l -0.9565471024039398 -0.56459474020596 0.8390535613723851 1.9786571559421542 -0.08500746745264798 0.0 0.0 
l -0.9256686395203877 -0.5812336436164031 0.8531291604173583 1.9439475587089168 -0.04396305419484525 0.0 0.0 
l -0.8991342985812818 -0.5929363192533619 0.8676927681307597 1.8705585539820537 -0.05846864722967504 0.0 0.0 
l -0.9024615660670059 -0.5931099035954294 0.8641342381085979 1.9294988360240881 -0.05244698068211129 0.0 0.0 
l -0.9501500030503816 -0.565943160356926 0.8443053599466054 2.190334801774505 -0.029718952157819833 0.0 0.0 
l -0.7743769187032152 -0.7267424642549598 0.8549852627994695 1.5846436477133614 -0.009917705653493258 0.0 0.0 
l -0.844181532540872 -0.6691530511740076 0.8436533563733818 1.8629406704349238 -0.017959352454225974 0.0 0.0 
l -0.88295728868901 -0.6349696557327705 0.839856644051502 2.0186591770345523 -0.02078033186374817 0.0 0.0 
l -0.8970036298541446 -0.6100557939632716 0.8517098758245106 1.8856571479636097 0.03051169736675996 0.0 0.0 
l -0.9069110491315976 -0.601547082114688 0.8506251754141196 1.929063679735293 0.021687656097112318 0.0 0.0 
l -0.9127635303942981 -0.5883201704118542 0.8587565737502659 2.120767753856408 -0.034752694483276 0.0 0.0 
l -0.8676833161853882 -0.6112139538927094 0.8799879410151988 2.101483286337095 -0.07936715277294382 0.0 0.0 
l -0.9249582638436745 -0.5859155757819259 0.8488145689631222 2.169055464323102 -0.03993085711698097 0.0 0.0 
l -0.9273655788745963 -0.5939572979884826 0.8376857056830779 2.147808774210268 -0.014781582107160629 0.0 0.0 
l -0.9448692763189908 -0.598385511983136 0.8146677720216294 -0.9033953725628343 -0.08302157884276429 0.0 0.0 
l -0.9211422915630226 -0.6153800286639761 0.8213167041196074 1.9826925468470755 0.06655564791673341 0.0 0.0 
l -0.900334632241347 -0.6280022259820519 0.829440558634906 2.0316770625869838 0.027084887874889385 0.0 0.0 
l -0.893266657499613 -0.6255244884155755 0.8392482937338754 2.0004581284404552 0.010713470373378997 0.0 0.0 
l -0.8814875498130602 -0.6311502758969318 0.8453221894231576 2.01786697363583 -0.009539572099468874 0.0 0.0 
l -0.8538753387985467 -0.6407625809806659 0.8630873765469927 2.0093952539420785 -0.05112791347899892 0.0 0.0 
l -0.8721350203248714 -0.6280240740881096 0.8580052109321755 2.0134486852917775 -0.04676999721146735 0.0 0.0 
l -0.899295487501339 -0.6192228566123023 0.8397174650478676 2.142484343684221 -0.04478414839098843 0.0 0.0 
l -0.9396286860902828 -0.5650328330558465 0.8562899770318678 2.0846432730993754 -0.0915393472033692 0.0 0.0 
l -0.9174428181619291 -0.581987298349112 0.8607699192119997 1.9442077770815718 -0.0513784045501291 0.0 0.0 
l -0.905857417601171 -0.5930529393877648 0.8607424081558084 1.9948045743487872 -0.07133854626378411 0.0 0.0 
l -0.8768033039303739 -0.6141489797680661 0.8678029173228913 2.03628634821037 -0.1157716537989828 0.0 0.0 
l -0.8309521092015831 -0.6589839559031229 0.867196646269929 1.8599628387112805 -0.1046823211365151 0.0 0.0 
l -0.8690251752468939 -0.6407622171844838 0.8479113480918381 1.944329999140906 -0.0899441486023358 0.0 0.0 
l -0.9056126849653321 -0.6168067755063569 0.8358027251375627 1.9891443144858971 -0.15868009220979862 0.0 0.0 
l -0.9230206302068684 -0.6034820896018716 0.8320044094899606 1.9950392917018764 -0.06940755168675472 0.0 0.0 
l -1.0048909381705888 -0.5324156757602279 0.8229835300087922 2.108095318798237 -0.05232011198088238 0.0 0.0 
l -0.9756188828621691 -0.5577908097185011 0.8262715065423779 1.9710404284696563 -0.04541238659192348 0.0 0.0 
l -0.9014666734833767 -0.613079568352267 0.8439732011767928 1.8925055219770346 -0.10948597033053453 0.0 0.0 
l -0.7770156788178654 -0.7344502427203388 0.8446779874975199 1.8287788547827721 -0.13010151905947875 0.0 0.0 
l -0.8716663023629255 -0.605503315745452 0.881998728509856 1.9932399414847712 -0.1642265933261564 0.0 0.0 
l -0.9245050711015509 -0.5855084530575565 0.8497204027996105 2.0318369962369265 -0.17970437756638724 0.0 0.0 
l -0.8756423505832727 -0.6413045595838393 0.8406776027734013 1.9553280155204884 -0.13506449715177216 0.0 0.0 
l -0.9046186025914638 -0.6168010054381118 0.8368267809594891 1.91165309122265 -0.12576873891037443 0.0 0.0 
l -0.9058558572660879 -0.6086213802524212 0.8442010935763441 1.8856729374189773 -0.14502018184006604 0.0 0.0 
l -0.9772380735520987 -0.5494088510951924 0.833867246822533 1.879384888254396 -0.13410519447632874 0.0 0.0 
l -1.025714129502061 -0.5225654425004006 0.8110923794226388 1.9372292687234955 -0.1131391816968429 0.0 0.0 
l -1.0537283059341034 -0.5055313060224764 0.7989145337983125 1.8574206003991918 -0.08373366192408038 0.0 0.0 
l -1.0465469308092423 -0.5163114505563349 0.7945992164184417 1.865632025956743 -0.11501078317499569 0.0 0.0 
l -1.0543013449065246 -0.5082436477091917 0.7950531972136955 1.9129009728879527 -0.17744765842624177 0.0 0.0 
l -1.0522083326659937 -0.5000014041862274 0.8072248568615301 1.8469848647131506 -0.10278001198528763 0.0 0.0 
l -1.0813999646725017 -0.4789701215241149 0.7980510595128969 1.8648910112706216 -0.10724625238994034 0.0 0.0 
l -1.0807139856853014 -0.4690210676758555 0.8111165753208042 1.877203738048826 -0.13932801427747865 0.0 0.0 
l -1.0360049969108884 -0.48793905851082353 0.8402152179885709 1.898520793068674 -0.19300521378175373 0.0 0.0 
l -1.0338393505681955 -0.4979399344689142 0.8307342578682275 1.83058158484586 -0.19081906379072744 0.0 0.0 
l -1.0462314195390925 -0.4931285591003106 0.8223201736164304 1.8703655269821529 -0.20097619065399341 0.0 0.0 
l -1.024092417760542 -0.4978582541632455 0.8418040558036595 1.8822110397398342 -0.21333806325760174 0.0 0.0 
l -1.0116726454043268 -0.5063340615849464 0.8456274741383483 1.8990886663709194 -0.2210977243967981 0.0 0.0 
l -1.0110695657438753 -0.5095164515597934 0.8425747154725342 1.9414333054525683 -0.21712887718276008 0.0 0.0 
l -1.0442086029368587 -0.5062618862273006 0.8090608683237328 1.9879479037077974 -0.14062986783214715 0.0 0.0 
l -0.9963805105890361 -0.519176268708309 0.8474736015057234 1.949464766134301 -0.20124464924872643 0.0 0.0 
l -1.0179488191790016 -0.5282788548418755 0.8132283829246192 1.871954721533794 -0.12055490402537661 0.0 0.0 
l -1.015013309013289 -0.534684160718246 0.8091828874601453 1.902112442725224 -0.1233810721589571 0.0 0.0 
l -1.017526107605878 -0.5345839961876879 0.8064931032202379 1.8378087550484616 -0.08338348467957224 0.0 0.0 
l -1.0202756360607512 -0.5313490498250794 0.8071093544912722 1.8673654001015143 -0.06314052287707406 0.0 0.0 
l -1.025037736162031 -0.5236932392077288 0.8105526529297208 1.8501607430171438 -0.0671128681134826 0.0 0.0 
l -1.0164453917242735 -0.5197254437736143 0.824755135094815 1.9025584319879345 -0.08404886761050612 0.0 0.0 
l -1.046722319891473 -0.49269757018023597 0.8222708775119396 1.8693202524366155 -0.12436670917875947 0.0 0.0 
l -1.0455487294747259 -0.488699885151315 0.8284137976542455 -0.6239198881811292 -0.06720571452161928 0.0 0.0 
l -1.0484106893347038 -0.4823209587062259 0.8328196233502814 1.8662629375581836 -0.07418791456843477 0.0 0.0 
l -1.0523968366084748 -0.48013657900871454 0.8308699795329826 1.8772683326838646 -0.06545074521065719 0.0 0.0 
l -1.0686170955402985 -0.46383289238643366 0.8319676603851347 1.9379959818461787 -0.11128809787661464 0.0 0.0 
l -1.053742330039798 -0.4689995546075169 0.8429417050088 1.7916190370054126 -0.03197335568804416 0.0 0.0 
l -1.0487571582026938 -0.4711651969824524 0.8460223396729367 1.7744758718992875 -0.027340352226496 0.0 0.0 
l -1.0690449414017231 -0.45313012144753645 0.8448714529977085 1.8866330844755106 -0.029381324680978094 0.0 0.0 
l -1.0708786116480813 -0.453558822279438 0.8421686191890159 1.8226630932564605 -0.0056942771386141455 0.0 0.0 
l -1.068546306414324 -0.45425311683444997 0.8440430159631432 1.7988215619183634 -0.0015119295439902647 0.0 0.0 
l -1.0683885166463745 -0.4482860818363499 0.8517714649515646 1.7534342185500813 -0.001833985143558925 0.0 0.0 
l -1.0743225830312468 -0.4350760865694764 0.8617052991840718 1.7558055561639694 -0.018346514710068096 0.0 0.0 
l -1.0849630615349044 -0.422444117263219 0.8655697684372664 1.8347373550724695 -0.10388420292360534 0.0 0.0 
l -1.0928584037048248 -0.4166419190465306 0.8637780990463277 1.8021467838237306 -0.009613700821899163 0.0 0.0 
l -1.0945074904924637 -0.4158084536052681 0.8628946111288718 1.686329349465303 0.05082532141517149 0.0 0.0 
l -1.1051651769906568 -0.40403420892143005 0.8657859212823301 1.6827600449041358 0.048601299593662106 0.0 0.0 
l -1.1062417557521695 -0.4003409893502039 0.8695186826951083 1.8560434648098745 -0.07912245674894025 0.0 0.0 
l -1.1353788908870424 -0.3685024931167201 0.8779902010719841 1.8780088683030096 0.0039052897532413366 0.0 0.0 
l -1.1229407223969998 -0.3819889402357909 0.8743693367654033 1.8652102008144957 0.024647779404160186 0.0 0.0 
l -1.1129828079357533 -0.3889904138449317 0.8769352793747394 1.9451840368198494 -0.06394834792803872 0.0 0.0 
l -1.1134630150424514 -0.37520830754332724 0.8958550849709543 1.8796458244833827 0.011412810445335708 0.0 0.0 
l -1.0019527297482127 -0.4320806130080317 0.945931031484169 1.8953489645052188 -0.05319383003384104 0.0 0.0 
l -0.9574617087344786 -0.44389306287595287 0.9766400553282448 1.7623630589340207 -0.0796059484981062 0.0 0.0 
l -1.008319068587577 -0.41141582446142483 0.9653796324430415 1.8649216246957214 -0.13578269803097787 0.0 0.0 
l -1.0383351705230672 -0.3945850586860358 0.9555680254287207 2.0044854609579144 -0.13967837030966235 0.0 0.0 
l -1.0439770863391618 -0.39180473189645687 0.9531697875867529 2.1854258274992855 -0.1076076713626748 0.0 0.0 
l -1.0422663447009064 -0.39621364684362353 0.9491486440451229 2.249821552932442 -0.16655161559528964 0.0 0.0 
l -1.0547966693904975 -0.39061261848626283 0.942903531435048 2.117906634098354 -0.1608242772916747 0.0 0.0 
l -1.059691411940002 -0.3928102568923703 0.9344819785201375 2.242087921551892 -0.21379648885064417 0.0 0.0 
l -1.061548279610153 -0.39334743710942077 0.9316714069853427 2.254987639592051 -0.25645497015715446 0.0 0.0 
l -1.0649477707785002 -0.3954413596667009 0.9250007568757962 -0.6789696695465468 -0.07687676851492786 0.0 0.0 
l -1.1003745739106539 -0.3850558489787857 0.8978689745063173 -0.6281401232544632 -0.08389080856187581 0.0 0.0 
l -1.1299016559236421 -0.3966060600066694 0.8449183088744749 -0.6321515571457104 -0.07923049960903161 0.0 0.0 
l -1.1899056539587618 -0.461217542071577 0.6782560313822734 2.2256125346114244 -0.08659333015289672 0.0 0.0 
l -1.2063884342272395 -0.4545194046617682 0.6628122864310868 2.006507863601507 -0.16949815762489967 0.0 0.0 
l -1.2323126645710236 -0.45813480150033814 0.6199775557536951 2.245871923295955 -0.23722734907781318 0.0 0.0 
l -1.320468309948243 -0.39633896409183766 0.5484639419905755 2.28486429156043 -0.21047271558039693 0.0 0.0 
l -1.3873086535343744 -0.38645139598659717 0.42787866017739423 2.3090449849334824 -0.11371232970395656 0.0 0.0 
l -1.4093391297319386 -0.4170893561533766 0.3522604303005639 2.086399136708144 -0.09450931459564882 0.0 0.0 
l -1.4395128628918656 -0.4296552741974651 0.280573263319154 2.17729545845578 -0.15372820672367785 0.0 0.0 
l -1.4842613788459111 -0.35491948510857035 0.2299357749820354 2.3176130029849134 -0.2924487702165327 0.0 0.0 
l -1.5135654294277923 -0.32328771786089544 0.16936554031802878 2.19154443551367 -0.34404863682902714 0.0 0.0 
l -1.498554845744739 -0.5987830004569415 0.10566091944307379 2.052892991252368 -0.5007898141901067 0.0 0.0 
l -1.5018603923046123 -1.229729403104027 0.0245018941743984 2.081500758897709 -0.39504582465859744 0.0 0.0 
l -1.5087054455675046 0.6542869490287835 -0.08088122328065755 2.2320751139415007 -0.3045186832028081 0.0 0.0 
l -1.541894068986181 0.21016397635918085 -0.134708646161616 2.4126210941529926 -0.07611206284450492 0.0 0.0 
l -1.562698530055889 0.04130005364054076 -0.19351285173935195 2.478475656842705 0.053630231981233845 0.0 0.0 
l 1.4985407624123201 -0.2748779443865125 -0.2512341116182371 -0.740062099300516 -0.3588134642933895 0.0 0.0 
l 1.440800413444858 -0.32318664266640484 -0.3721425564280195 -0.6435392073832522 -0.28176825837176633 0.0 0.0 
l 1.3526227480713655 -0.4702381940229946 -0.41131381440492343 -0.42896361982813563 -0.23992960325698087 0.0 0.0 
l 1.248392581142042 -0.5755191280766574 -0.4754975918806373 -0.1911690199698683 -0.24909348701410766 0.0 0.0 
l 1.199909526758912 -0.6008291448608898 -0.5161187700208968 -0.10349693598196258 -0.17945306819691798 0.0 0.0 
l 1.1955799568235264 -0.5790102816534602 -0.542243606313034 -0.059252461458750794 -0.23053700663934618 0.0 0.0 
l 1.210729315587908 -0.5147576638122268 -0.5872656985391138 -0.04416817232188602 -0.15893129539741369 0.0 0.0 
l 1.2199971012525483 -0.4874959370556947 -0.60412744513 -0.04635482721973333 -0.23071457970660325 0.0 0.0 
l 1.2201479423982458 -0.4729808265820013 -0.6205703814374472 -0.06074683697285427 -0.18765234312407464 0.0 0.0 
l 1.2946175460709575 -0.35652465606001166 -0.6504948338405144 -0.19649839703772248 -0.2737338910829785 0.0 0.0 
l 1.3242250507391733 -0.3189314070954814 -0.6512853889367041 -0.3648775978343188 -0.3086554326976336 0.0 0.0 
l 1.3793754369124094 -0.2363390194857648 -0.677574499118491 -0.38442040702844 -0.22529178958211293 0.0 0.0 
l 1.377809493642792 -0.24177605624254045 -0.6701223185426588 -0.36709189352160493 -0.1976834292530193 0.0 0.0 
l 1.3969092252462243 -0.21715329877240727 -0.6724022212852732 -0.44786345284797074 -0.2166556375182137 0.0 0.0 
l 1.4002756383937434 -0.21490864545328603 -0.6679138822974504 -0.581919132596874 -0.18217867848431812 0.0 0.0 
l 1.4038178312052554 -0.2140542402011938 -0.6595251708840992 -0.48989890046106693 -0.09478960447270435 0.0 0.0 
l 1.3896577347877428 -0.23387490540578593 -0.6554023392631974 -0.5868884124847056 -0.17693748673403176 0.0 0.0 
l 1.3697161761670398 -0.25881063536426907 -0.6561278318408035 -0.5115094897632064 -0.16759772334454692 0.0 0.0 
l 1.3788762987552095 -0.24637578701788462 -0.6578446081649173 -0.5233645841734982 -0.2174910190874486 0.0 0.0 
l 1.4018299938899206 -0.2223668111609253 -0.646363559104922 -0.6536419495098762 -0.1164175873559502 0.0 0.0 
l 1.3912420316881073 -0.2403905790654417 -0.6373664868001604 -0.5295137554062987 -0.14753183475216491 0.0 0.0 
l 1.3713536899925394 -0.2645131345991476 -0.6410982885224781 -0.5490187890913782 -0.1311941520677068 0.0 0.0 
l 1.3155186595147674 -0.336148481601831 -0.6415096099990397 -0.37488521991705465 -0.11551728137489092 0.0 0.0 
l 1.3284636618960566 -0.3170665487231812 -0.6456193086725548 -0.45495016207087774 -0.11775529380071248 0.0 0.0 
l 1.3427688327922223 -0.30255492050054744 -0.6393057692403412 -0.4948363988500892 -0.12345933496631278 0.0 0.0 
l 1.3507644772263343 -0.29047655593801197 -0.6423310650135418 -0.4727110811467294 -0.09103437513090618 0.0 0.0 
l 1.3457305812903841 -0.29850196197644785 -0.6396898161102401 -0.4916849466168937 -0.17984654281118762 0.0 0.0 
l 1.3561655135060433 -0.2836033156574914 -0.6421684637350642 -0.46361233276113073 -0.13400767103136035 0.0 0.0 
l 1.3605773499006575 -0.27793156433645827 -0.642118454359945 -0.43231323126912086 -0.16347161286648115 0.0 0.0 
l 1.4003426559344847 -0.22476864917648604 -0.6453180408227739 -0.5304412278944615 -0.15392508918543024 0.0 0.0 
l 1.4130471488012777 -0.2114493557763118 -0.6377438265835712 -0.5013112972978819 -0.19154065124247488 0.0 0.0 
l 1.419867659841524 -0.20530659939918125 -0.6307955284502201 -0.5581110348605831 -0.22368491313458083 0.0 0.0 
l 1.416568004266188 -0.21135154386927457 -0.6270330716391962 -0.6487680179838686 -0.29174445266439475 0.0 0.0 
l 1.4041983565267198 -0.23557644665047894 -0.6110985323748789 -0.7147284766001061 -0.39127769910565335 0.0 0.0 
l 1.3994976232094316 -0.23975217527489415 -0.6158586122574193 -0.6633814795832715 -0.34286698278593675 0.0 0.0 
l -1.5674345218891144 0.006216757419415148 -0.49572155856568434 2.006626489923836 -0.6264765865407954 0.0 0.0 
l -1.5112095091653215 0.12163222899791631 -0.4540442596430501 1.754435220777235 -0.7648345880192149 0.0 0.0 
l -1.484645128979996 0.17467312429931137 -0.4551307856575137 1.6373097021780112 -0.8267010139533733 0.0 0.0 
l -1.478152521341768 0.1936726794533844 -0.44239745474851194 1.5692260256158583 -0.8831152685858294 0.0 0.0 
l -1.51272998993741 0.11966793345281192 -0.4503233357739787 1.5190591791729071 -0.9470693020635128 0.0 0.0 
l 1.5498345393625288 -0.03800341642320239 -0.5039109837716972 -2.2655809150056174 1.8733899566499823 0.0 0.0 
l 1.4951597744416247 -0.12726347409745134 -0.5347001299677376 -2.367287611439493 1.8318835033478988 0.0 0.0 
l 1.4653056184055941 -0.16576520014785506 -0.5642573141981732 -2.491690730032646 1.6099298634453243 0.0 0.0 
l 1.450413505994337 -0.19069365008536823 -0.5597838453431104 -2.554363191676789 1.657461317121912 0.0 0.0 
l 1.427868499912984 -0.21321960118630778 -0.5866221720532749 -2.5361581136194604 1.6945419338833763 0.0 0.0 
l 1.4230768463554677 -0.2155720042724953 -0.5968664994043811 -2.5699078028169007 1.6421979256862769 0.0 0.0 
l 1.3959926992538068 -0.2465955888893386 -0.61179974710567 -2.56217658167768 1.606895878946972 0.0 0.0 
l 1.3810235648732838 -0.26151788470274706 -0.6224908489693073 -2.5676965186711422 1.5580502436294803 0.0 0.0 
l 1.3811545921730364 -0.25849135414019214 -0.6279361669949747 -2.5618696191668824 1.6024651072135665 0.0 0.0 
l 1.3526441416491102 -0.2846079740139578 -0.648443250470252 -2.522722167097862 1.6621313965636124 0.0 0.0 
l 1.3505404925391842 -0.29342233053521855 -0.637715288609712 -2.519963537373716 1.592202847388835 0.0 0.0 
l 1.3575972948821606 -0.2869688439406778 -0.6329067418055725 -2.5561154209722945 1.6076983130016556 0.0 0.0 
l 1.4110978556516105 -0.22106658564824846 -0.6218440039348903 -2.478388642439893 1.7055616646510612 0.0 0.0 
l 1.4663373881046249 -0.14781452745278365 -0.6134708217632109 -2.6722874835098733 1.5157676598979934 0.0 0.0 
l 1.4489945793878076 -0.16598289588497417 -0.6310255533140006 -2.594915844592156 1.6033517672232351 0.0 0.0 
l 1.4779822486680743 -0.12921296909961935 -0.6216211635602763 -2.4649873988545687 1.7401929225207051 0.0 0.0 
l 1.4333570715097774 -0.19085855824330974 -0.6212901453391714 -2.4792422407906316 1.640411546399882 0.0 0.0 
l 1.4145613081932595 -0.21813305129037303 -0.6178262940335348 -2.39358786536247 1.7629826813983174 0.0 0.0 
l 1.383094964273244 -0.26408908831237987 -0.6123470221302817 -2.4235460532521538 1.6893314772595316 0.0 0.0 
l 1.3521222246117388 -0.3092269990919354 -0.6077679890523949 -2.399197354568717 1.6541862578493212 0.0 0.0 
l 1.3362128560343 -0.3335576461882394 -0.6037777518567627 -2.3571957563580233 1.7037907439985975 0.0 0.0 
l 1.2609673033224449 -0.4521067521538877 -0.5828076757523393 -2.3989803792133015 1.6221736042976171 0.0 0.0 
l 1.3941857289436224 -0.26939097674574725 -0.5738334913718132 -2.3683058213329766 1.6922868898930248 0.0 0.0 
l 1.4791052042686004 -0.13725923966939163 -0.5873194530038293 -2.255751194447773 1.7757232089594646 0.0 0.0 
l 1.482139258338289 -0.12244863630785571 -0.625540057286271 -2.252541763966675 1.7830972816228006 0.0 0.0 
l 1.374850188531533 -0.26998765233243227 -0.6222043218215592 -2.2503485670213013 1.7393584947397924 0.0 0.0 
l 1.367298061839549 -0.2594610489754144 -0.6608032049910276 -2.170440764887296 1.8420669470938127 0.0 0.0 
l 1.2335796462977706 -0.35974671659956453 -0.750316124345031 -2.222333562910779 1.8411384212446462 0.0 0.0 
l 1.0331292885125178 -0.48100371929311725 -0.8518169206465914 -2.1267074291386505 1.8926190803583696 0.0 0.0 
l 0.9222710629216678 -0.52369324919198 -0.9196829910702844 -2.0042835352956594 1.8918552414357999 0.0 0.0 
l 0.7830152827835627 -0.553223226435884 -1.0197013942701485 -2.1191673435511778 1.850404436693519 0.0 0.0 
l 0.6271986324575118 -0.6449180562592587 -1.0716218126373396 -2.0972442522304506 1.8789862751309148 0.0 0.0 
l 0.5620756350716555 -0.6729796877083533 -1.10550277867092 -2.094764807985129 1.9359593692804808 0.0 0.0 
l 0.47933055430248245 -0.7084664693712911 -1.151803778636167 -2.1405240634589204 1.981083927950988 0.0 0.0 
l 0.6373971714331437 -0.688723844462508 -1.0233630202450448 -2.2923998415260947 1.8644274500111397 0.0 0.0 
l 0.7790493431760552 -0.5806735786155621 -0.9959321059421211 -2.4733513993374467 1.777757584197143 0.0 0.0 
l 0.7032317290163914 -0.5427855256118596 -1.0980475413747328 -2.439981493934959 1.8569302256554483 0.0 0.0 
l 0.645579462300389 -0.5434454755890799 -1.1437449393657115 -2.440435910288214 1.9066150120407457 0.0 0.0 
l 0.5805710138683408 -0.559709730960075 -1.18083970956611 -2.3360078295712143 1.935588589526415 0.0 0.0 
l 0.6338045285963372 -0.5157424765054337 -1.1760074116336918 -2.406003598534073 1.9370901065277426 0.0 0.0 
l 0.6072204244186311 -0.5368962991574012 -1.1786624028075694 -2.3813957411312208 1.972058326131966 0.0 0.0 
l 0.5955168637509937 -0.551551954965565 -1.175829180193561 -2.3668799324915195 1.9316075765310052 0.0 0.0 
l 0.5645806955550617 -0.5657754076177246 -1.1884015806560206 -2.3491988249809146 1.8796780269781992 0.0 0.0 
l 0.5608018051435653 -0.560534399407506 -1.1952704339302735 -2.3394359989614752 1.891970367233943 0.0 0.0 
l 0.5642345111349638 -0.5547863776288208 -1.197038685579465 -2.3417612288757024 1.9055374395940556 0.0 0.0 
l 0.5386702097231353 -0.567029922358969 -1.2071614947548173 -2.3548442307354334 1.901448952065246 0.0 0.0 
l 0.5280984793115883 -0.5791523185364533 -1.2063424559065974 -2.325723519052819 1.9304918571041512 0.0 0.0 
l 0.520798304946167 -0.6003756052162608 -1.1965533427982913 -2.301169987200385 2.0111636112852076 0.0 0.0 
l 0.5097407663746484 -0.6111343861265902 -1.1975061269718457 -2.3208259116379097 1.9180385368814465 0.0 0.0 
l 0.5090755162568099 -0.6062465832253197 -1.2015569902413876 -2.3150197122644407 1.9147992458423035 0.0 0.0 
l 0.48632144201969446 -0.6092245108857618 -1.2173938956135135 -2.2911655767597447 1.9530266488570311 0.0 0.0 
l 0.4796165056789623 -0.6057172398377209 -1.2250475028847072 -2.3050938838491017 1.9540432068027795 0.0 0.0 
l 0.4614593141313533 -0.6105000131567693 -1.235975764125815 -2.2328374373477224 1.9284555760829099 0.0 0.0 
l 0.4639509499257921 -0.6135448738909977 -1.2320105502740701 -2.250766653128117 2.0153605378794524 0.0 0.0 
l 0.4649924589633205 -0.6201839178878259 -1.2267511711959507 -2.2929719084704723 1.9514833884103544 0.0 0.0 
l 0.4638813809063119 -0.6289039983712637 -1.2217648524400684 -2.278648776459861 1.963674526185272 0.0 0.0 
l 0.4780942015861377 -0.6365232758021061 -1.205010643144604 0.7499775991916924 2.1305570450004314 0.0 0.0 
l 0.4922550804310788 -0.6344786248656282 -1.19486167478138 0.759540995653291 2.1549689207701688 0.0 0.0 
l 0.4904931091558673 -0.6598548314906559 -1.177995583757979 0.7575712010619544 2.213721687260718 0.0 0.0 
l 0.5926475134881102 -0.6932797176524648 -1.0606873382752404 0.546742478133891 2.077813731190774 0.0 0.0 
l 0.720339035826049 -0.729418690859245 -0.9055646530501084 -2.4548147385329457 1.652190136500436 0.0 0.0 
l 0.861830811371369 -0.6807253008280787 -0.8140962242604591 -2.467350963339255 1.5677293590739843 0.0 0.0 
l 1.0697987798137416 -0.6865277100929276 -0.5890620308109918 -2.302751529332985 1.7757456266115708 0.0 0.0 
l 1.1188372773999689 -0.71957709857961 -0.5059022976927963 -2.1878230444575637 1.7816266241069323 0.0 0.0 
l 1.1860149909399869 -0.7218467598427188 -0.43114887504478305 -2.1700548679426164 1.68014185935208 0.0 0.0 
l 1.2113146528488103 -0.7524107060863984 -0.3817649961744513 -2.124235363182379 1.6498275355699465 0.0 0.0 
l 1.2113495906231366 -0.8667408083731452 -0.3089061915843316 -2.1937372818201997 1.5554504009970749 0.0 0.0 
l 1.2221021116907596 -0.9002088529337517 -0.28075445374122227 -2.1509096273741566 1.4745339718662898 0.0 0.0 
l 1.2250213672376329 -0.886625435864345 -0.28577015706850734 -2.198777023390109 1.486111313794106 0.0 0.0 
l 1.2120473704005736 -0.8702651367987091 -0.3062320607612994 -2.181106207062868 1.5098313595554256 0.0 0.0 
l 1.2092975757716309 -0.8786543995993182 -0.3037372578223068 -2.185635116610009 1.5046822600503449 0.0 0.0 
l 1.2087571732654654 -0.8833002843955517 -0.3015092974639238 -2.2185953226541852 1.518221814279172 0.0 0.0 
l 1.2226424310257706 -0.8694743339532894 -0.29742712277166744 -2.2318324137905687 1.5077656097205316 0.0 0.0 
l 1.223728055050607 -0.8936939617999955 -0.28296864277031514 -2.1516342206505334 1.51425108076283 0.0 0.0 
l 1.233340257567116 -0.8911003026299918 -0.27631096794354304 -2.1896034121528913 1.46451470318889 0.0 0.0 
l 1.2921264698735722 -0.8342790776011857 -0.25383118372844854 -2.111088333877248 1.4917674346049672 0.0 0.0 
l 1.281046249639762 -0.8449153462631239 -0.2586792506504054 -2.103004114499829 1.4858363209541734 0.0 0.0 
l 1.2879757655304782 -0.8183510134520353 -0.26563292662913157 -2.0684253780079414 1.488772918316535 0.0 0.0 
l 1.2720972727895596 -0.828481618698788 -0.2752887567915267 -2.1024529422671203 1.4763122531436186 0.0 0.0 
l 1.2836082111142642 -0.8118393159805717 -0.27313203045859585 -2.057816966707725 1.4832329990372815 0.0 0.0 
l 1.3010685849501447 -0.8342583010851091 -0.24562587205841302 -2.026106937176665 1.4851029250866992 0.0 0.0 
l 1.2846973751945259 -0.8839166368125512 -0.23672592634259315 -1.988095282711601 1.480184944889586 0.0 0.0 
l 1.2575474058012583 -0.9436311129995103 -0.23059082945063797 -1.972534579889481 1.483259514472033 0.0 0.0 
l 1.2181010087436048 -1.0518380681299455 -0.2072250371806376 -1.9313782683790632 1.4791813349328444 0.0 0.0 
l 1.123601942652476 -1.1643840182975935 -0.20354787485336492 -1.9537758329355597 1.443433990557356 0.0 0.0 
l 1.1504681119028302 -1.1283287830893236 -0.20868868504926094 -1.950282842334322 1.461215479689783 0.0 0.0 
l 1.1685476617736625 -1.1024416213250818 -0.21199826204301964 -1.9524711379939663 1.4607309245199216 0.0 0.0 
l 1.185783141299878 -1.0537049441156843 -0.22650615077743583 -1.9697868677212587 1.4740180961896805 0.0 0.0 
l 1.1678369122208927 -1.0048081839434897 -0.2644846170047754 -1.999227025431807 1.4734128881141297 0.0 0.0 
l 1.1716122743270847 -0.9898717290129884 -0.27015835875615646 -1.9956941650415263 1.4982631954352488 0.0 0.0 
l 1.15846741104301 -0.9867355100481459 -0.2814436452929393 -1.9988957129683051 1.527349909747957 0.0 0.0 
l 1.1415561257717934 -0.970595054650212 -0.3035824408384371 -2.0128913304944507 1.5251840656170845 0.0 0.0 
l 1.1475283713508564 -0.9642844798474042 -0.3029105454109481 -1.9785229566326545 1.5240801052465565 0.0 0.0 
l 1.1305984572385492 -0.9813408470471087 -0.30516473215415396 -1.7854359910986954 1.5428251697055406 0.0 0.0 
l 1.1507893612273858 -0.9618280432298115 -0.301917512356486 -1.9745033947056168 1.5574356614355143 0.0 0.0 
l 1.1162441059599135 -0.9936640701171385 -0.3080418343770891 -1.934302753945189 1.5809771271041044 0.0 0.0 
l 0.9354545790924618 -1.1438658874859242 -0.32362627071806227 -1.979708995176505 1.609689467462235 0.0 0.0 
l 1.0053509009631272 -1.0975809344576708 -0.3141474321062211 -2.021644029031358 1.5480280505254944 0.0 0.0 
l 1.053305262067947 -1.0523086366247094 -0.3140331259907291 -1.988952394908486 1.5681466080541062 0.0 0.0 
l 1.0850618092793765 -1.0229976691756115 -0.31158371453097583 -1.913688939807728 1.6179250992388703 0.0 0.0 
l 1.1057149472777112 -1.001279877090014 -0.3108741570101078 -1.8078833969053336 1.5703073621047814 0.0 0.0 
l 1.109360077193228 -0.9888398598942736 -0.31619099377012977 -1.638141132731936 1.7662112861603725 0.0 0.0 
l 1.1235667770448095 -0.9483528674629813 -0.33149279434839213 -1.3274715752821744 -1.1888407847432443 0.0 0.0 
l 1.1255641969004198 -0.9323227117575049 -0.3403729999591087 -1.1137781634320874 -1.0729641599030177 0.0 0.0 
l 1.1341338295622365 -0.916321902931986 -0.3438735436607956 -0.8826376363055977 -0.9277414817570129 0.0 0.0 
l 1.1802618899799837 -0.8392331586954971 -0.3540104385712069 -0.8595772409567315 -0.8452574294004562 0.0 0.0 
l 1.2134494354917424 -0.7788526276369636 -0.36165809360175133 -0.6484169820107377 -0.6585930010466756 0.0 0.0 
l 1.2633505494191637 -0.6557297330025078 -0.3914393024936898 -0.6253035136862306 -0.5819819056699442 0.0 0.0 
l 1.2595401855515025 -0.5443196255753529 -0.4885125490759374 -0.25321365538548574 -0.14815434790877963 0.0 0.0 
l 1.2655406012556836 -0.5750158154403417 -0.45256386160195367 -0.10140162937503122 -0.09981326440874944 0.0 0.0 
l 1.2955767661548172 -0.5221740335221492 -0.45619577698104763 -0.03347152446009444 -0.028563525977574944 0.0 0.0 
l 1.429024608330395 -0.2853466836632612 -0.45282650894251253 -0.16399058479647283 0.021584597084917168 0.0 0.0 
l 1.5391262954309406 -0.06737298627488053 -0.43896414480453994 -0.32239158368715376 0.04201691116828238 0.0 0.0 
l 1.4176395215110467 -0.3640393972086109 -0.38492637267285895 -3.1795053654123477 -0.03395508667075242 0.0 0.0 
l 1.3933418370800714 -0.2936468216763421 -0.5353163380528643 -3.074250701061125 0.09269221879240491 0.0 0.0 
l 1.3934351103409999 -0.2577530615497509 -0.5971379862182178 -3.0346702434206394 0.14014277653303436 0.0 0.0 
l 1.396200263609149 -0.23818345140910038 -0.6283002216590942 -3.0098101833307167 0.16319078840007278 0.0 0.0 
l 1.4066629804505484 -0.21595747217313632 -0.6466716581897864 -2.971583973156177 0.1685479391619773 0.0 0.0 
l 1.417040341944888 -0.19834569999967216 -0.6568598432266052 -2.972173476893074 0.17814852471438086 0.0 0.0 
l 1.4290248678876438 -0.18661201054469045 -0.6472947593966272 -2.894579451361018 0.140644062954295 0.0 0.0 
l 1.4280312433457416 -0.1862386539380305 -0.651691765173529 -2.965653457505554 0.18017064252968856 0.0 0.0 
l 1.4158121188929906 -0.20073387263014683 -0.6548260681545954 -3.0137588959909998 0.21989754480209162 0.0 0.0 
l 1.4183506494813358 -0.19920195576113223 -0.6505275973263298 -3.0032893658060553 0.2227279783745309 0.0 0.0 
l 1.5065513566529223 -0.07588022105403314 -0.7022849109652068 -3.1568388517158965 0.3238217493892883 0.0 0.0 
l 1.528871364251388 -0.05940354573758868 -0.6143063989102225 -3.199782344487777 0.26348594527077907 0.0 0.0 
l 1.5296672704173446 -0.06603640903513434 -0.5566332219212519 -3.2061003421222476 0.22737788629384664 0.0 0.0 
l 1.5237084811673287 -0.08167650292061514 -0.5223296894330254 -3.202122634936903 0.2042433031149477 0.0 0.0 
l 1.5432119712511319 -0.05264256636133524 -0.48238187654030146 -3.2072682084857815 0.1264935142763272 0.0 0.0 
l 1.5550850868324277 -0.031007156728484208 -0.4688949570760716 -3.21062507542553 0.08372929446820537 0.0 0.0 
l 1.561324447699057 -0.019087403322789475 -0.460596368567012 -3.194284847036502 0.03683402385803103 0.0 0.0 
l 1.5524752511633257 -0.03700294818285615 -0.45960277606582334 -3.196235016601949 0.025789605803669624 0.0 0.0 
l 1.5414090478655975 -0.058679367829239104 -0.46395173489047353 -3.2074512375061994 0.023102926806885582 0.0 0.0 
l 1.5324014027991848 -0.07743108695544205 -0.4597289467807693 -3.1959608660421117 -0.014898851163414661 0.0 0.0 
l 1.529969718894597 -0.08256360402785672 -0.45854421185900124 -3.209404318344567 -0.030489474187882337 0.0 0.0 
l 1.5297531347506048 -0.08294627096827283 -0.45880288758031396 -3.235019655352385 -0.031102294053802826 0.0 0.0 
l 1.5244743721103085 -0.09120656721017534 -0.4690991243764079 -3.2458041145697614 -0.019994561240682884 0.0 0.0 
l 1.5199898812713448 -0.09934605372755616 -0.4717459057100692 -3.183697825856509 -0.043152615248118475 0.0 0.0 
l 1.4986860320150046 -0.13518587272744864 -0.48820397613619093 -3.1628035124028413 -0.03071815061201344 0.0 0.0 
l 1.4946388545221734 -0.14018481036337183 -0.49571163574900035 -3.1913662358544155 -0.05517435117491565 0.0 0.0 
l 1.4844427409676988 -0.15958033251484505 -0.493479263736219 -3.147329515527885 -0.13112763332485666 0.0 0.0 
l 1.4721447197868767 -0.18517846725584416 -0.48606935367783066 -3.19926229606918 -0.22165101376000695 0.0 0.0 
l 1.469255657040982 -0.18630648311085266 -0.495565239917681 -0.2028154696001256 -0.313298837882099 0.0 0.0 
l 1.455278412256023 -0.19821692825161577 -0.5238645613146705 -0.2726714863346444 -0.4185913390992706 0.0 0.0 
l 1.4574854794263539 -0.1867504451400705 -0.54207943010641 -0.2561011717119343 -0.5538854422682924 0.0 0.0 
l 1.4841269986586225 -0.13990229774726035 -0.552824058664202 -0.5149753215843509 -0.6600097135767112 0.0 0.0 
l 1.5123001505466762 -0.09250676805029598 -0.5630883812524062 -0.9433866254967787 -0.7830339997579038 0.0 0.0 
l 1.4933868860769823 -0.10737400133483074 -0.623758248644157 -1.494735483154736 -0.8755267080118653 0.0 0.0 
l 1.4749371796848836 -0.12558155485645464 -0.6509087106933722 -1.9296982004583019 2.1812041279279706 0.0 0.0 
l 1.4627182462775157 -0.13366999308265032 -0.6789140201875438 -2.194820446096365 2.142504349291373 0.0 0.0 
l 1.427666700152775 -0.1648733788947417 -0.7138018236165347 -2.3369710805643082 2.086709653819112 0.0 0.0 
l 1.4295531738863783 -0.16627337505613368 -0.7029025650746026 -2.504900561091439 1.9863539172924252 0.0 0.0 
l 1.4110055230834537 -0.1941883867538433 -0.6865079283989626 -2.5539092599129827 1.9197325433636143 0.0 0.0 
l 1.3808341904853598 -0.23060960917629986 -0.6861950503407838 -2.525989350014526 1.9177833115318248 0.0 0.0 
l 1.3585662529867664 -0.2576063804995654 -0.6855399322528298 -2.4887221130826607 1.9171276102471126 0.0 0.0 
l 1.3440335668179229 -0.27581217963145505 -0.6839592471882874 -2.4460863308985594 1.9164703303047872 0.0 0.0 
l 1.3292830962662097 -0.29205237973703896 -0.6863973051007626 -2.467626116452105 1.894134815835061 0.0 0.0 
l 1.3344985463233252 -0.29099605810171325 -0.6771752529548895 -2.4481526792253296 1.8716977366273513 0.0 0.0 
l 1.3299962112027033 -0.2967045625202529 -0.676695591404593 -2.475498884121336 1.823707763747339 0.0 0.0 
l 1.31697729850605 -0.3130547854578565 -0.6755968764409619 -2.4472956033753155 1.8112233430267581 0.0 0.0 
l 1.305110624791034 -0.32193590172903275 -0.6843326917126539 -2.4275894800600706 1.819116877390123 0.0 0.0 
l 1.281938702354721 -0.336861428775078 -0.7036497513757516 -2.4183699849821214 1.8818132717757394 0.0 0.0 
l 1.2154822457185952 -0.36850246223312366 -0.7654868419249541 -2.3240369587997147 1.9756630731996554 0.0 0.0 
l 1.1350798343139206 -0.387377382584068 -0.8512015363777063 -2.3017643226718625 2.011023146834602 0.0 0.0 
l 1.1070729965493784 -0.3825121029934241 -0.8933146301777511 -2.285593013236664 2.060974442190433 0.0 0.0 
l 1.071064451860669 -0.37935305238880945 -0.9400799143141176 -2.224314877423021 2.1076618922249213 0.0 0.0 
l 0.9847866605751454 -0.3906117783817728 -1.0155619607485191 -2.171137540695251 2.147744636403517 0.0 0.0 
l 0.9469893567674271 -0.37928377937137286 -1.065010394699906 -2.2547343412011043 2.1598280919494184 0.0 0.0 
l 0.8751215787072529 -0.36927280923286065 -1.1367325069423733 -2.2623988847047585 2.179276469048837 0.0 0.0 
l 0.7770439765629686 -0.3934532124490036 -1.183224696313552 -2.203685776994491 2.2036563823687363 0.0 0.0 
l 0.6749884797154755 -0.4121351454654181 -1.234197099485343 -2.1636007510894832 2.204784563164015 0.0 0.0 
l 0.7120295792830355 -0.2995930768553436 -1.3102634817870422 -2.218637654309329 2.253317568391872 0.0 0.0 
l 0.7458148894603496 -0.27601578737308646 -1.3148693601947894 -2.2548014999248007 2.227615642724433 0.0 0.0 
l 0.9750343356306491 -0.1567636737419444 -1.3417376366730633 -2.5412414210687833 2.21364999258129 0.0 0.0 
l 1.0771927467926392 -0.11528258557709761 -1.3588061876653736 -2.68999140197442 2.2169475319048906 0.0 0.0 
l 1.1852544310712687 -0.08679376701574512 -1.3595996697070245 -2.828291100735981 2.223554120185078 0.0 0.0 
l 1.2284186841056286 -0.07487707896796086 -1.3633464709777532 -2.89585820198415 2.2283488217190577 0.0 0.0 
l 1.2421611995869948 -0.07274881884429381 -1.3602473371708852 -2.948006990309469 2.234756589760687 0.0 0.0 
l 1.2259190178687192 -0.07793273353243078 -1.3567448332860057 -2.911220446040424 2.239550505421076 0.0 0.0 
l 1.285352125948834 -0.06684391297615742 -1.3465141865740444 -2.957753350826927 2.232520969313972 0.0 0.0 
l 1.3769565924634668 -0.047080449776193065 -1.3352408776127163 -3.063844144935749 2.2385828825515337 0.0 0.0 
l 1.4240095936380657 -0.035941440839701154 -1.3322292918536731 -3.117328649778659 2.241639875939595 0.0 0.0 
l 1.4323835786478762 -0.03430761950848435 -1.3292310383974453 -3.11846662861256 2.2403131751190144 0.0 0.0 
l 1.445438764070144 -0.03126939643187777 -1.3274987839059742 -3.130548241381427 2.239574912899574 0.0 0.0 
l 1.4540463460150759 -0.029199483249070516 -1.3267250861658009 -3.147748189675053 2.254148692469473 0.0 0.0 
l 1.433917271291169 -0.03385961267603794 -1.3296651079833557 -3.148472917374564 2.2740966785426533 0.0 0.0 
l 1.4719731154180493 -0.02614048891956652 -1.3129506153495811 -3.1804654627935554 2.254560525102648 0.0 0.0 
l 1.5027728479037914 -0.020005584076276922 -1.2851443802027982 -3.1784906625739686 2.23170064200429 0.0 0.0 
l 1.5344658293995201 -0.01146461583311962 -1.265235738253572 -3.216845130063203 2.2050401451882817 0.0 0.0 
l 1.5582732693113863 -0.004314967826004791 -1.2389885666324587 -3.2183383942696717 2.185741726066805 0.0 0.0 
l -1.505303057415753 0.02472125288122851 -1.210273865695021 -0.13641191478939957 2.1459427584719 0.0 0.0 
l -1.49583287848946 0.03170001140035163 -1.171281075910624 -0.11837109147462338 2.1105223114953233 0.0 0.0 
l -1.5532061866129028 0.007867400370447116 -1.150252450239461 -0.07524634482052023 2.1337813419836484 0.0 0.0 
l -1.5618573515437162 0.004454854702829609 -1.1084671513353883 -0.07150534124444746 2.1462754459537035 0.0 0.0 
l -1.5318911283931769 0.022511040933580456 -1.046396807889068 -0.03969455482325984 2.1299011945678985 0.0 0.0 
l 1.568099128314217 -0.0017475880033411952 -0.995880348446808 -3.177032595750685 2.0983877170343748 0.0 0.0 
l 1.5255128972731062 -0.033762612577568324 -0.9302728496933523 -3.1634541412813393 2.0787509269607174 0.0 0.0 
l -1.568451291321631 0.0021437848752779774 -0.8302020485391136 0.02669670552251252 2.03550683825151 0.0 0.0 
l -1.5446476292806466 0.02757140897063715 -0.7589078486317217 -0.0689694720030935 1.9708362874445262 0.0 0.0 
l -1.495714713272465 0.09455006537402265 -0.6705913028333508 -0.012885064119539213 1.8972930675342676 0.0 0.0 
l -1.4691262080082248 0.14837825174772448 -0.598902222890337 0.018562293748053238 1.8558531760804389 0.0 0.0 
l -1.490564833776269 0.129177339354971 -0.5542483868736405 0.1596233760669155 1.8457898507647574 0.0 0.0 
l -1.4708247457548964 0.17195622489114756 -0.5237574911761129 0.25733695420515795 1.832063904115228 0.0 0.0 
l -1.45343500648699 0.19002944673134203 -0.5498946528472799 0.23989179555644363 1.8264684172738757 0.0 0.0 
l -1.4556654301480876 0.19977845072081832 -0.518921917381321 0.2835450468701745 1.8064226841866615 0.0 0.0 
l -1.4489404833518142 0.22256805286643713 -0.49599210450038017 0.3338909182763578 1.7924526877415345 0.0 0.0 
l -1.4285801221701682 0.2702019838183176 -0.4771162836361225 0.33209991721173476 1.7834273784433679 0.0 0.0 
l -1.4282337054373926 0.2558676998220413 -0.5018314667277564 0.3999956345380296 1.7968769947650507 0.0 0.0 
l -1.4394757967640772 0.22795873385314483 -0.5175662458303496 0.43446417686745903 1.8011549489931806 0.0 0.0 
l -1.4492154135449895 0.20529125257123101 -0.530647433611606 0.4386446175711282 1.8039477550566767 0.0 0.0 
l -1.454065336483132 0.19388836111927546 -0.5383613400506652 0.4430392582110905 1.8043455762042862 0.0 0.0 
l -1.4676464292460367 0.1693719016520519 -0.5443278626001412 0.45465784711265306 1.8094980015724778 0.0 0.0 
l -1.4924362974645065 0.13016395626518767 -0.5402979421664087 0.46384862695582424 1.7960642823536002 0.0 0.0 
l -1.4862512853050904 0.13998784162386363 -0.5414695791178731 0.43270543153330027 1.7921590205695987 0.0 0.0 
l -1.4721389586481852 0.1611609219993484 -0.5468900074737013 0.42797586512988034 1.7985867917979514 0.0 0.0 
l -1.4853732984155663 0.14013763359528145 -0.5455849713523946 0.43892129492234694 1.7985063601776734 0.0 0.0 
l -1.4681866169293327 0.19269466870560664 -0.48559666696894016 0.5004869272852355 1.812396408492323 0.0 0.0 
l -1.4824440419742102 0.1612339666264151 -0.49871628759401326 0.5221010279806533 1.8483469080317425 0.0 0.0 
l -1.4592375404198163 0.21997905978332088 -0.46445295123295194 0.7455578142178299 1.9095558061718285 0.0 0.0 
l -1.434772140277791 0.27530508720789576 -0.4511960557778789 1.0241988380291818 1.9884970994442124 0.0 0.0 
l -1.3842108434985754 0.37622051446697147 -0.4457978321770199 1.3529770575480082 -1.035493422172237 0.0 0.0 
l -1.3315316325028321 0.4651596105365897 -0.45241445183488804 1.651912080712642 -0.8724667725644322 0.0 0.0 
l -1.3598486567630912 0.37647145349929073 -0.49641865812501074 1.819201214948796 -0.7145674488176308 0.0 0.0 
l -1.3572108733314496 0.34173957557544027 -0.54757508218687 2.028134875186649 -0.516344984788678 0.0 0.0 
l -1.3708931545650653 0.3082807696023631 -0.5666624011769008 2.2351556489278224 -0.34923140184059653 0.0 0.0 
l -1.3949202310907038 0.27406087508767285 -0.5637059549173828 2.476838614490473 -0.24093229880971312 0.0 0.0 
l -1.4009458662085832 0.2739438708580686 -0.5479670299748635 2.6264769663702197 -0.15292878689214595 0.0 0.0 
l -1.4066683861053841 0.27353653730908073 -0.533250526696184 -0.44015467620234133 -0.0794378625413078 0.0 0.0 
l -1.4123093443364207 0.27009587344352487 -0.5235484931115819 -0.3620532667820617 -0.03358829804810881 0.0 0.0 
l -1.3952241934492036 0.30651205197452575 -0.5108888987259861 -0.3369990062206409 -0.004393159524483381 0.0 0.0 
l -1.3855277429614694 0.32115182225987854 -0.5130559381232956 -0.28182222768156445 0.04250833355987793 0.0 0.0 
l -1.3719303036683934 0.35377765994686916 -0.4995239711189966 -0.2930565775948561 0.05877987214759045 0.0 0.0 
l -1.356546411720361 0.3878005743810981 -0.48944294827232293 -0.2905159274845483 0.0546138109376032 0.0 0.0 
l -1.350361394040188 0.4060230793517585 -0.4804752123922563 -0.2642392816506473 0.03936737335732715 0.0 0.0 
l -1.3430564394610207 0.42767753156797417 -0.4703890159031953 -0.2669708050265491 0.03320275648999366 0.0 0.0 
l -1.342618023399569 0.4216350003525751 -0.47773529990526675 -0.2628820353893259 0.08109066479282434 0.0 0.0 
l -1.342453629117684 0.4067272776276272 -0.49476141934642376 -0.24988510850297113 0.12753554229436748 0.0 0.0 
l -1.3387777496369688 0.4127227862857297 -0.4948196012356698 -0.2851547286160964 0.15764564450357155 0.0 0.0 
l -1.3339316402585464 0.4223347752797193 -0.4929481037498787 -0.30400710739533404 0.1707275226324808 0.0 0.0 
l -1.3200882070193956 0.45053841104562065 -0.4869148415211531 -0.3273239804687033 0.16302362037366835 0.0 0.0 
l -1.3193587281488828 0.44129948911503414 -0.49806994284671136 -0.2991323384615409 0.16651409020972358 0.0 0.0 
l -1.321625578115329 0.4326562293593012 -0.5035857572860604 -0.28726792641148896 0.16616595413028107 0.0 0.0 
l -1.328368477979577 0.4202359532792141 -0.5054525693239575 -0.2821676265996335 0.16631363552030887 0.0 0.0 
l -1.3362028246083713 0.4083817181363229 -0.5046232697876696 -0.27200526723979274 0.16707027981347994 0.0 0.0 
l -1.3529913382486534 0.39430093739118854 -0.4888345724610015 -0.24963451995947555 0.12216032119486503 0.0 0.0 
l -1.351021257146821 0.4085202640830364 -0.47640338197389265 -0.2730496213916466 0.09327623140867541 0.0 0.0 
l -1.3437953579937911 0.42837775550738993 -0.468283794165945 -0.27265672862927354 0.06266664885302864 0.0 0.0 
l -1.3414189241075338 0.4360953561775624 -0.4644663361278136 -0.2516221846419299 0.03072407195246668 0.0 0.0 
l -1.347029683058881 0.42001436372405904 -0.47129029977461795 -0.2556133223178933 0.032593674207191115 0.0 0.0 
l -1.36112871525183 0.39604659749154725 -0.4707480942546721 -0.24582709113811346 0.024848725770370783 0.0 0.0 
l -1.3699381294576316 0.3846738800645599 -0.46598149326252747 -0.24833103990705835 0.016323230096441876 0.0 0.0 
l -1.3769273410041885 0.3679169677450024 -0.471092295245658 -0.26940688127200535 0.030059895531753644 0.0 0.0 
l -1.3909380621366332 0.34654150701436803 -0.46644844950106457 -0.24267645239148322 -0.010686853785694728 0.0 0.0 
l -1.3969463515621847 0.3310977750602372 -0.4723296208228419 -0.1866425965027067 -0.042225622132361584 0.0 0.0 
l -1.4198518056337712 0.2801281453076563 -0.4863380280817712 -0.17414843744895653 -0.06313408938939447 0.0 0.0 
l -1.4375985216869451 0.23189645822860022 -0.5161124420948111 -0.20881052597371202 -0.04615560571834765 0.0 0.0 
l -1.44261088870733 0.21894377684596877 -0.525032116787368 -0.20369815264682595 -0.12557464428211995 0.0 0.0 
l -1.4473482845931307 0.20278242186738799 -0.5429687037320677 -0.19533352123419884 -0.1906071069087112 0.0 0.0 
l -1.449902353205241 0.19659297208559742 -0.54772349797972 -0.23706865074025968 -0.2532110920658597 0.0 0.0 
l -1.4441467370044978 0.20081096621490868 -0.5589863398615943 -0.2961875024343576 -0.34676161392776883 0.0 0.0 
l -1.4323837781172717 0.21447633025079393 -0.5689686543422448 -0.431382990022342 -0.4750081922559892 0.0 0.0 
l -1.3899389447864163 0.26981458187713153 -0.5841957090833854 2.5605663744469798 -0.5436130533041892 0.0 0.0 
l -1.3410686100239717 0.3206184966937587 -0.6135558563717537 2.291336171159353 -0.5579610649544166 0.0 0.0 
l -1.3244530777014052 0.3301377525572496 -0.6330383374683557 2.071810603199603 -0.6516857679778973 0.0 0.0 
l -1.3222554962655417 0.3166867859390799 -0.6589439672892805 1.8314590736519374 -0.7203741294061241 0.0 0.0 
l -1.3357559449693386 0.27737349707813247 -0.6992930518815952 1.2581568014807762 -0.8147981966920936 0.0 0.0 
l -1.3829988779493627 0.20774054649163126 -0.7336884427623397 0.8624899271423903 2.247543294548951 0.0 0.0 
l -1.414420716916631 0.1625670184033494 -0.7656554939713808 0.6489578160591027 2.1991795620003116 0.0 0.0 
l -1.4075259411367713 0.15885028195676676 -0.7993593042727501 0.5452698385375025 2.1744206573121243 0.0 0.0 
l -1.4275300149732513 0.12821406727049564 -0.8414692298275371 0.5038360049486819 2.1865251764317923 0.0 0.0 
l -1.4566028710166041 0.09496126981793142 -0.8777547714676921 0.35222795071534635 2.1709151294806075 0.0 0.0 
l -1.4726529566868194 0.0788558041424341 -0.8944973201716379 0.28549713543715477 2.156140221818427 0.0 0.0 
l -1.4725676716904346 0.07987416275004004 -0.8886265579300753 0.24994073633886554 2.1325335383231567 0.0 0.0 
l -1.3633754455346343 0.21322141344295967 -0.7711942833080216 0.3480022862653737 2.0592641999188706 0.0 0.0 
l -1.3370223602671953 0.27952356115275423 -0.6925321414411356 0.5020895933657257 2.0533718177796247 0.0 0.0 
l -1.4062841191816504 0.1813358615149956 -0.7358131018742545 0.5738212487487855 2.1026045398780115 0.0 0.0 
l -1.45334060564068 0.11829235836764032 -0.7818162309250758 0.5805159392273112 2.1228385845126425 0.0 0.0 
l -1.4780311372801749 0.08771608189915009 -0.8135188846713941 0.49272176693552555 2.112018003877982 0.0 0.0 
l -1.5321168983956952 0.03457229609775681 -0.8414581241713008 0.45617055405358026 2.12306127834727 0.0 0.0 
l 1.570072438606963 -0.0006224655950714092 -0.8605874812768655 -2.702424369345982 2.1179113868311585 0.0 0.0 
l 1.5578462742479289 -0.010886356196069306 -0.8717683759228078 -2.680014934091824 2.1269995414330656 0.0 0.0 
l 1.5197285126904372 -0.041106031119345604 -0.8932059709798856 -2.6571956167066624 2.141391599646955 0.0 0.0 
l 1.5067113535309564 -0.050985341507005594 -0.8989955845464718 -2.6679549250810584 2.125159149415189 0.0 0.0 
l 1.4546028980928973 -0.09037577476112331 -0.9106021905312228 -2.6846479016045377 2.1143126911009302 0.0 0.0 
l 1.3828787786228085 -0.13912115245812837 -0.9360869425389323 -2.646994321407708 2.1378575447776593 0.0 0.0 
l 1.3131329044504123 -0.17242041008042755 -0.98682714798418 -2.610991032144872 2.1747865813057836 0.0 0.0 
l 1.219651913290091 -0.217859669720684 -1.0272163214103145 -2.452890736786575 2.227444890318736 0.0 0.0 
l 1.0567913791043049 -0.31906816520343767 -1.0414161333777565 -2.3233794482685646 2.2202167483055595 0.0 0.0 
l 0.9526830489305325 -0.374870274161084 -1.0653748629144502 -2.2454734749706824 2.2518889818572156 0.0 0.0 
l 0.8689810331809736 -0.4139272782460486 -1.0915542652110362 -2.205775380497684 2.2683236300398804 0.0 0.0 
l 0.7994635877069066 -0.45665426527743275 -1.1029120525044513 -2.1578527826542273 2.2585742231344663 0.0 0.0 
l 0.7739865643968932 -0.45947459550736935 -1.1203313213105495 -2.1626720872696987 2.261233607503767 0.0 0.0 
l 0.7548205779740957 -0.4716509737350614 -1.1234640579512212 -2.14856166537647 2.2662927737498864 0.0 0.0 
l 0.9146134230774718 -0.3439203115885983 -1.1354310407592143 -2.2974682275184253 2.248431903653056 0.0 0.0 
l 0.8870711893576381 -0.334440325334101 -1.1676932473780242 -2.344994574569386 2.26682645398007 0.0 0.0 
l 1.1008002074710073 -0.18933201016163737 -1.2100563468543923 -2.582616504223946 2.289508352401331 0.0 0.0 
l 1.2406564347090325 -0.16205262131212286 -1.125652496790825 -2.712812445977317 2.1984073616386723 0.0 0.0 
l 1.2399049110181364 -0.16629494818921964 -1.1163089243813493 -2.6966729975003645 2.1759364411761455 0.0 0.0 
l 1.1961612178350913 -0.1916287834897655 -1.1124386651136822 -2.684903459225332 2.1767090162738034 0.0 0.0 
l 1.1908255108995394 -0.19914843551911005 -1.1028828420682728 -2.7012541275107256 2.142385537116116 0.0 0.0 
l 1.2140123033608534 -0.18744500462700028 -1.1000829557234357 -2.749739081261046 2.0993891572073515 0.0 0.0 
l 1.2414158508185302 -0.1809021495228239 -1.0794942099844629 -2.815151170687572 2.0506378530576925 0.0 0.0 
l 1.2490164688596528 -0.18067156320770422 -1.0695385868298086 -2.8483104270482222 2.0394784722854684 0.0 0.0 
l 1.3841209486873098 -0.09167746190784852 -1.1178024921882168 -2.967156322608853 2.121971969726867 0.0 0.0 
l 1.3170357549586238 -0.14025194758423876 -1.0722987782780862 -2.8836585561692125 2.113029166527922 0.0 0.0 
l 1.4248170087874819 -0.0725856374322526 -1.111506822642196 -2.979283167740718 2.169600364552009 0.0 0.0 
l 1.4499953100156302 -0.05952741004730154 -1.1144123666940557 -3.011232481102901 2.2129788769213645 0.0 0.0 
l 1.4247944552495795 -0.07306583373665441 -1.1089345996491073 -3.0143831310004683 2.2183630032954413 0.0 0.0 
l 1.4545802129412635 -0.06297753960562492 -1.0755293653617533 -3.0428996820695504 2.249631590416348 0.0 0.0 
l 1.412028650885211 -0.09271560328746688 -1.044673784568621 -3.0921601729243386 2.270119010990979 0.0 0.0 
l 1.45460320487531 -0.07572992556465591 -0.9943743188440404 -3.093078126860818 2.233752959371225 0.0 0.0 
l 1.4331751444344496 -0.10133787659419811 -0.937474933056582 -3.1125994165342417 2.2184811304970706 0.0 0.0 
l 1.5082265108433845 -0.052756568083731144 -0.8704709693742897 -2.9753258231209756 2.184814908423882 0.0 0.0 
l 1.4801193785938949 -0.0840954956846836 -0.8232294930543941 -2.900691506426633 2.206889509941318 0.0 0.0 
l 1.4695099620332486 -0.10372894042830672 -0.7734007652518233 -2.7588601960284542 2.1922252683415056 0.0 0.0 
l 1.4913115864283808 -0.09196322414055005 -0.7123893413382786 -2.5749826358263626 2.150839401514556 0.0 0.0 
l 1.490713470018397 -0.10156088403351925 -0.6670673799920824 -2.531163739669139 2.1151649970416155 0.0 0.0 
l 1.5484643930958666 -0.030984662277602368 -0.6244382952650803 -2.527237657671906 2.0768316768991597 0.0 0.0 
l -1.5624412858062369 0.012410496675625158 -0.5925153834717951 0.49633560676899396 2.0383644006010915 0.0 0.0 
l -1.5349958159672095 0.05518704972944204 -0.5752006654314428 0.4886200490109494 2.0172268745874544 0.0 0.0 
l -1.529527060655862 0.0619147208976362 -0.5875938373938775 0.3688804450150381 2.028706956275021 0.0 0.0 
l -1.5183104567748202 0.07700092337607584 -0.5977946792087079 0.41697257859998565 2.0359016572547235 0.0 0.0 
l -1.5158697666705745 0.07945098767709845 -0.6043660947264559 0.41771382649008065 2.0265704412379306 0.0 0.0 
l -1.4974192428296689 0.1046311510279586 -0.6107183155203673 0.24039763592227764 2.0122560235653966 0.0 0.0 
l -1.504305547636819 0.09522848894351289 -0.6088035074222271 0.22597181393165294 1.9979919331546716 0.0 0.0 
l -1.5114928991345102 0.08364478168001457 -0.6161864973431073 0.23796837058250614 1.9919668332362246 0.0 0.0 
l -1.515052035197091 0.07861252964528655 -0.6163242994542384 0.2653155793699247 1.9870689280263651 0.0 0.0 
l -1.518508323404983 0.07336510894790778 -0.6187869650310822 0.32568985937950096 1.9845667477980056 0.0 0.0 
l -1.5397109951594825 0.04400796507609788 -0.6148271139560668 0.37165982575609796 1.9771658806037398 0.0 0.0 
l -1.538323037913326 0.045439549244516014 -0.6203300173331895 0.4035084191716061 1.9743036019399374 0.0 0.0 
l -1.5641150605412537 0.009331787064972726 -0.6213562268645003 0.4555246314952079 1.9715542245647204 0.0 0.0 
l -1.5705423241417982 0.0003474554538083411 -0.6312536481669647 0.5188314292875087 1.9833555154125952 0.0 0.0 
l -1.5638864224339415 0.009086012664491489 -0.6501811427034336 0.4956919766020525 1.9893006161383955 0.0 0.0 
l 1.5676481631363055 -0.004091583691209103 -0.6558160610231951 -2.6491445981833825 1.9898723381987702 0.0 0.0 
l 1.539329312487285 -0.040127315016498084 -0.6649191066062093 -2.628276464533445 1.9928533673520965 0.0 0.0 
l 1.5163870386995926 -0.06785436268092872 -0.6756024881885068 -2.6227593144121784 1.98829849217475 0.0 0.0 
l 1.521494500470013 -0.061353986649644275 -0.6766926890141876 -2.624216955877705 1.987832557342131 0.0 0.0 
l 1.523811059105893 -0.05850057454223904 -0.6764663116163796 -2.7196946445121513 1.9658519495959814 0.0 0.0 
l 1.5372046603904364 -0.04141989739262212 -0.6813184288760615 -2.7589370150763584 1.9649634121172972 0.0 0.0 
l 1.5282526339040792 -0.051415251419112164 -0.6911211254430631 -2.7709504108009373 1.9779425439933698 0.0 0.0 
l 1.5133855825867581 -0.06816700435681872 -0.6997302803707596 -2.752358916360252 1.9860665301833418 0.0 0.0 
l 1.5229867759260767 -0.05576733265322843 -0.7085831621268573 -2.7602121986612254 1.9955279551605174 0.0 0.0 
l 1.5405362422444544 -0.03527073190911819 -0.7090300808174818 -2.7733049842495148 1.997076014842027 0.0 0.0 
l 1.5466993267706393 -0.02804492432322489 -0.7097934535067792 -2.7816688381722727 2.010357056106465 0.0 0.0 
l 1.5348464942755704 -0.04051973719960994 -0.725650198953336 -2.801167974028578 2.019844861848667 0.0 0.0 
l 1.5481033182225148 -0.02607793383019664 -0.7160774758425096 -2.8655746322871263 2.0102363525665328 0.0 0.0 
l 1.5242060758140263 -0.051628819074489976 -0.7340616676360339 -2.9360293018853607 2.0384403583094963 0.0 0.0 
l 1.5243348620593886 -0.049926483738244654 -0.7494093815444952 -2.927209350949385 2.054453750379637 0.0 0.0 
l 1.5150609358115013 -0.058979308536572156 -0.7570655473605875 -2.903853283014712 2.0451168103475075 0.0 0.0 
l 1.5190963648543168 -0.054693955427602796 -0.757211866345084 -2.912070089044474 2.0457818943615314 0.0 0.0 
l 1.525500205833629 -0.04793525244753815 -0.7570574040669887 -2.925443290965517 2.040504876789417 0.0 0.0 
l 1.488012814936935 -0.08477571971019233 -0.7734533473588526 -3.00676839070192 2.0828650916148517 0.0 0.0 
l 1.5017898183971512 -0.07053581378605667 -0.7744035249068123 -3.0262369875034967 2.0469487244976317 0.0 0.0 
l 1.461074201195776 -0.1126957451980185 -0.7719186117505206 -3.0325004397637905 2.058453638949941 0.0 0.0 
l 1.4272906060225852 -0.14163648385152922 -0.7920431998085197 -3.0483195301519928 2.0688243500297028 0.0 0.0 
l 1.3939538315527935 -0.17100432251810113 -0.8025234426043444 -3.004720466547412 2.059963654625827 0.0 0.0 
l 1.3664752989413067 -0.1975139731116123 -0.8028008191447955 -3.001582624203005 2.0565853569209254 0.0 0.0 
l 1.3484833686127298 -0.21328229526172235 -0.8067968093973157 -2.973823685044514 2.054213494617943 0.0 0.0 
l 1.3453585584776475 -0.2182857017308749 -0.8020561075966584 -2.948721169252676 2.0475326957061015 0.0 0.0 
l 1.343957773140016 -0.22147506095751718 -0.7977715342949653 -2.9404790348729986 2.0375975421178927 0.0 0.0 
l 1.3480800151144001 -0.21857303220470112 -0.7950986618391589 -2.928405740405598 2.035730840783645 0.0 0.0 
l 1.3506338548529122 -0.21730789746913276 -0.7921361105791541 -2.9191895804483625 2.0348787444685383 0.0 0.0 
l 1.333219360137176 -0.22932864129955682 -0.8037204162373475 -2.923079646668818 2.0455195579363963 0.0 0.0 
l 1.3411340302839028 -0.21974998083107122 -0.8082103343032894 -2.8841210090043283 2.052505313022195 0.0 0.0 
l 1.340834256873322 -0.21952381970786564 -0.8094165574536896 -2.874781773690981 2.047868016907363 0.0 0.0 
l 1.3489523211499568 -0.21109784605013648 -0.8110060338247688 -2.8808534099572096 2.0521111415345663 0.0 0.0 
l 1.347983030330884 -0.21053683132184742 -0.8146247969367301 -2.8775764570220455 2.0514739523050562 0.0 0.0 
l 1.3374370113468157 -0.22349924694460777 -0.8077458710948021 -2.866632880685608 2.05351110769345 0.0 0.0 
l 1.3486649753249236 -0.21323094661656317 -0.8064988153318485 -2.8645435638970858 2.0465462290363723 0.0 0.0 
l 1.348965275809844 -0.2136926023080994 -0.8046862280527637 -2.871217966480631 2.043583078247003 0.0 0.0 
l 1.372400177577785 -0.19164698587800796 -0.8031464562853873 -2.89218055957838 2.037358398092983 0.0 0.0 
l 1.3634223958757612 -0.19962172874176637 -0.80497904219406 -2.8998091328859017 2.0432963164965954 0.0 0.0 
l 1.3707507341773102 -0.19224293543869134 -0.8058046799674669 -2.9003787724421 2.0480336465083666 0.0 0.0 
l 1.377458142008358 -0.18545263963344252 -0.8067186787319541 -2.9014027421019817 2.0470291026153085 0.0 0.0 
l 1.4051895539362484 -0.15973051062751964 -0.8037806557106628 -2.9392995585483517 2.0463896395104166 0.0 0.0 
l 1.4151543817557484 -0.15078617969280195 -0.8014937879678616 -2.9485652480435958 2.040369266165105 0.0 0.0 
l 1.4077915804546302 -0.15847013748127312 -0.7997486907747657 -2.9480477680231796 2.0425090572259093 0.0 0.0 
l 1.3744168186728702 -0.18629621279904882 -0.8123948616528235 -2.9342334092196873 2.0534258195495774 0.0 0.0 
l 1.3458948756513915 -0.21066457246411208 -0.8191270120554732 -2.902700414580832 2.0548154761145794 0.0 0.0 
l 1.3335584230823532 -0.22173776570097248 -0.8203691532883316 -2.8909971507128547 2.0553111175223595 0.0 0.0 
l 1.35031075656345 -0.20997202493741704 -0.8105873870786394 -2.8806990327957465 2.0434411614825447 0.0 0.0 
l 1.427186041910049 -0.14373176475487862 -0.7849695182347562 -2.903036468162635 2.0098181196536307 0.0 0.0 
l 1.4069450241928048 -0.16411828189200928 -0.7845693481108065 -2.917455844071239 2.0163957645801776 0.0 0.0 
l 1.398311107456513 -0.17175966944879575 -0.787548026754549 -2.9222496586342563 2.023810410379364 0.0 0.0 
l 1.4238171897625498 -0.14801441168088816 -0.7818372753134546 -2.879845751058411 2.007733258154998 0.0 0.0 
l 1.4216882985784176 -0.1545134158076507 -0.7673206687896907 -2.895459092333896 1.9802513562724233 0.0 0.0 
l 1.4312869590971413 -0.14790768762642367 -0.7557809821819962 -2.913801020845298 1.9836315887991698 0.0 0.0 
l 1.434060104960852 -0.14649454158454178 -0.7504943069450978 -2.9604679896008923 1.9623735534443096 0.0 0.0 
l 1.3804727219536024 -0.19861653215764233 -0.7635328222639044 -2.966805398543829 1.9834203629441225 0.0 0.0 
l 1.4085763169766694 -0.17056429700487086 -0.7598609936788913 -3.0362190619466314 1.9719703999169993 0.0 0.0 
l 1.4462819379941936 -0.13023876822858793 -0.762686991187064 -3.0555043488673994 1.9789772231246263 0.0 0.0 
l 1.478717759110201 -0.09920163618458609 -0.7479490184937305 -3.0522370798201752 1.987421108102599 0.0 0.0 
l 1.440511128525821 -0.1367962535080239 -0.7607325427394398 -3.1123577890419236 1.9927456314200749 0.0 0.0 
l 1.4606577099977536 -0.1164942495267626 -0.7571206430361185 -3.0610604156349996 1.9746510839029128 0.0 0.0 
l 1.4678198633941137 -0.11013809876506848 -0.7515510280580397 -3.0692536760556175 1.963768298047751 0.0 0.0 
l 1.4471782107920594 -0.13174467807611673 -0.7532374955553196 -3.0300442381707775 1.953354323858652 0.0 0.0 
l 1.4700225106231048 -0.11143596303997291 -0.7348197749821517 -3.029397197202947 1.9610695398488238 0.0 0.0 
l 1.4565802575363982 -0.12693019707050873 -0.7322116055637181 -2.9982702316557743 1.9867603047149474 0.0 0.0 
l 1.4714396025775551 -0.11122065515386799 -0.7287017729080004 -2.915161788367822 1.991074993494835 0.0 0.0 
l 1.4678845349275609 -0.1185416926488252 -0.7143618806788169 -3.029419416591905 1.9717411139941472 0.0 0.0 
l 1.4313504137008186 -0.16916166990754866 -0.6878874418604466 -3.0482640361967657 1.9588390218621556 0.0 0.0 
l 1.4609917141220126 -0.13837333173367553 -0.669629872091857 -3.195537787809916 1.934675895277621 0.0 0.0 
l 1.4522748306886912 -0.14937033573903558 -0.669396714346676 -3.2055370315211626 1.9350129147102506 0.0 0.0 
l 1.4459767790972526 -0.1584943854093466 -0.6655326972461173 -3.1642991409192387 1.941926056833895 0.0 0.0 
l 1.4548466555831976 -0.14600257763145896 -0.6698828814909894 -3.124034041168442 1.9449603472275885 0.0 0.0 
l 1.4221251050817598 -0.18796047903023982 -0.6670378709529977 -3.048167630251757 1.9394178911188646 0.0 0.0 
