l -0.39562619257454107 -0.5333375421679962 1.3290365828549842 0.4423820825429033 -0.08202701774653542 0.0 0.0 
l -0.9357490307900581 -0.2614282710628751 1.2225080207562464 0.8802883733332545 0.15236983637919277 0.0 0.0 
l -1.4306224181015703 -0.0505451468134412 1.2265432222665218 1.452135047211243 0.14948956345242403 0.0 0.0 
l -1.4033638605449412 -0.05527674001631225 1.2544077175521884 1.4186540435653494 0.12902305044597906 0.0 0.0 
l 1.4697206982290887 0.03303238890895033 1.2558288467888536 -1.446877710253559 0.10803051670248354 0.0 0.0 
l 1.5116496426375943 0.017755635691391256 1.2794514558853476 -1.5244644286838989 0.07049583805605675 0.0 0.0 
l -1.2843852184974809 -0.08809957368980295 1.2794153174407963 1.2332056430485683 0.10602319564569007 0.0 0.0 
l -0.5992150421716447 -0.32274927305243967 1.3462292212743288 0.5575486893028307 0.0586276486505477 0.0 0.0 
l -0.6899238792267955 -0.2970794048760392 1.3233453635178192 0.5657019444409614 0.12400351261087317 0.0 0.0 
l -0.6953903887285243 -0.2914931758368689 1.325474388270774 0.4956551088056101 0.18090427232727624 0.0 0.0 
l -0.3215007299859802 -0.48235313177415007 1.3981427773923825 0.1407961865527093 0.07303147248857633 0.0 0.0 
l -0.411854437771369 -0.47804744473065225 1.3482073603613705 0.32483887871747913 0.0564668778984736 0.0 0.0 
l -0.4699917158842089 -0.4800835307804131 1.3122168537774628 0.2746753788973458 0.15951380621431377 0.0 0.0 
l -0.7337611628090246 -0.19948823243035438 1.3904705994777244 0.526273899521807 0.09553230700108006 0.0 0.0 
l -0.6802958988771715 -0.25571719987917224 1.3623247582032192 0.4582519989823561 0.13333439523891832 0.0 0.0 
l -0.6839515531397159 -0.27517380636898164 1.3445706669782227 0.451023708909793 0.163470099551976 0.0 0.0 
l -0.6684430001221848 -0.35158685261721523 1.2888226813584498 0.4442085453507489 0.20765704409356434 0.0 0.0 
l -0.6962573705641507 -0.335873257034364 1.2868638476594252 0.48909485069901243 0.2069795912820631 0.0 0.0 
l -0.6286764406645374 -0.3370547438152912 1.3213131749689044 0.4225590056421286 0.1777811477065625 0.0 0.0 
l -0.5920419102362997 -0.3460036138937487 1.3329393422136837 -0.0745053480465197 0.028558101813834336 0.0 0.0 
l -0.5590354941148645 -0.3454111804702147 1.3493711137024231 -0.21006774861934135 0.021078744657023085 0.0 0.0 
l -0.4793557136858475 -0.3698974911394858 1.371913756160438 -0.21213592173885404 -0.024379629913480194 0.0 0.0 
l -0.4743315402336178 -0.3817433481914658 1.3675347095370836 -0.30235406235583623 -0.08465056149365546 0.0 0.0 
l -0.4641806309311351 -0.40487373038072505 1.3594401548831458 0.310443272168306 -0.011138615944924046 0.0 0.0 
l -0.484527728638585 -0.48638590571878787 1.2993409710419102 0.3941195326931713 0.11477655715821156 0.0 0.0 
l -0.5199790605444836 -0.4638005843705801 1.291884537997738 0.4395601938000587 0.11817277287232253 0.0 0.0 
l -0.5473314988910772 -0.48534064917885833 1.2597972787716598 0.4476918726265989 0.17085971428621338 0.0 0.0 
l -0.7460054829120856 -0.3246069452702124 1.269287561423649 0.6342508627144741 0.1602867336860181 0.0 0.0 
l -0.6247026273065057 -0.4032095762233263 1.272400727870283 0.46661178214904403 0.1726839573534109 0.0 0.0 
l -0.6721416795297106 -0.34559836925876464 1.2917638989179823 0.49295407793548257 0.17131783225431518 0.0 0.0 
l -0.7054379904385819 -0.2669365117408202 1.3419864428879684 0.5484837503518751 0.09882421322346424 0.0 0.0 
l -0.70239636262913 -0.24077411389759878 1.3658919027026857 0.5440719413032131 0.07287852549933205 0.0 0.0 
l -0.6963178717566528 -0.23440099132818595 1.3737546239720015 0.5784681138374697 0.03693982942024143 0.0 0.0 
l -0.7391572226699458 -0.21690820425621055 1.3725528120246444 0.6143307988521811 0.039150440640828066 0.0 0.0 
l -0.7704210870514636 -0.20068421293232505 1.3758841228339338 0.6612163573308087 0.006770155524188137 0.0 0.0 
l -0.7612364150126365 -0.19928536574114136 1.3806853989857963 0.6662677433702267 -0.049742106186022816 0.0 0.0 
l -0.780065941749671 -0.19726897757207534 1.3755669340378265 0.6638605190968065 -0.03181414354813761 0.0 0.0 
l -0.8228478325095632 -0.18610131557559131 1.3705775715459714 0.7219976226449021 -0.007309764878016489 0.0 0.0 
l -0.8501523034940726 -0.1795426807078367 1.3669979432799102 -0.046978701638391296 -0.10218782458067421 0.0 0.0 
l -0.883827141874993 -0.1693259142874611 1.365311184897064 0.01785838319366534 -0.06678441849537231 0.0 0.0 
l -0.6937335378737387 -0.36334588833675 1.2645355098437627 -0.14187526745218143 -0.2393824199210286 0.0 0.0 
l -0.664324248103968 -0.36375536840513345 1.281077105118301 0.5506937555193196 0.027658408697589065 0.0 0.0 
l -0.6703060068854891 -0.34064856967597124 1.2968565115530981 0.6107968344883608 -0.0036993919215158044 0.0 0.0 
l -0.692930051173546 -0.31899342774154044 1.3031583897048065 0.6008731091857857 0.06644318719960385 0.0 0.0 
l -0.6850643879566042 -0.3080015583074499 1.3164925425896226 0.5969101698302581 0.04995960380075504 0.0 0.0 
l -0.6398046667503515 -0.3231707426353428 1.3265189233477548 0.541449346016526 0.05173515127243933 0.0 0.0 
l -0.5994599154675582 -0.3375720117135725 1.3353847722163723 0.5100505367337111 0.05612921604868437 0.0 0.0 
l -0.5494993109280262 -0.3563643708072019 1.3466503176701257 0.45228128132678097 0.0442861509581407 0.0 0.0 
l -0.5251372615404862 -0.3672418351948821 1.3514885507036654 0.376987429619494 0.0978714748194347 0.0 0.0 
l -0.5039701406205739 -0.3646835890865862 1.363298081910259 0.39719420810037714 0.06107798750714388 0.0 0.0 
l -0.5387749384313099 -0.3503956382650985 1.3557063076809583 0.42171492848122366 0.07587734891514408 0.0 0.0 
l -0.5339307878494294 -0.35868017253326 1.3526798714445765 0.4270672719375613 0.06367113406961522 0.0 0.0 
l -0.5540394846453887 -0.3394136267793692 1.3557337529411972 0.44343612118945613 0.06241625969066367 0.0 0.0 
l -0.6213108992045613 -0.287554925655123 1.3621517981644777 0.5886621681014244 -0.024258855147951897 0.0 0.0 
l -0.6056213556978629 -0.30463276485386903 1.356430577731423 0.5680890711660342 -0.027622262500069494 0.0 0.0 
l -0.6075599488631046 -0.30308431282885917 1.3566974498598177 0.5594364170480297 -0.022861426925819828 0.0 0.0 
l -0.590922441773482 -0.29985861424417626 1.3662693172268758 0.5341211399847565 -0.017684329814191102 0.0 0.0 
l -0.5576844116140331 -0.31114629595569937 1.3728373636105329 0.44570370317305724 0.015883379415791765 0.0 0.0 
l -0.5626791555289737 -0.3010185445833829 1.3774436697991614 0.4274302783770248 0.041335005481348386 0.0 0.0 
l -0.5165008939330809 -0.337343642798625 1.3741699382950676 0.367222583214379 0.046070983434540524 0.0 0.0 
l -0.5208268055511376 -0.34479985658664947 1.3676112999837593 0.36378120994566726 0.058825288539545495 0.0 0.0 
l -0.41374282444796745 -0.454458959811739 1.359475365716817 0.2937187185003443 0.011116685969884355 0.0 0.0 
l -0.4441276067135418 -0.4180632435970178 1.362473732191146 0.3282448944774366 0.008055265832814573 0.0 0.0 
l -0.45510223501014857 -0.40094326391658214 1.366253537956863 0.29522368669534244 0.07154457040304596 0.0 0.0 
l -0.3808642356713806 -0.4608006416036315 1.3745696471171214 0.21065620395096835 0.07268122159557522 0.0 0.0 
l -0.3564356853711036 -0.4869246292732985 1.3761592567954362 0.16465756369107354 0.09202063632241031 0.0 0.0 
l -0.40837045961620255 -0.44281692797693484 1.3684101469849335 0.2731323539801645 0.039540196020949825 0.0 0.0 
l -0.40378241761365136 -0.43946637356484347 1.3725675196001932 0.22956972023703232 0.08521409937159596 0.0 0.0 
l -0.4179126105520852 -0.45939471396139236 1.3545514015600086 0.22057937795079402 0.12194847827904542 0.0 0.0 
l -0.458827448345984 -0.42871392951243065 1.3487344814402609 0.2562961837806557 0.1334083894751228 0.0 0.0 
l -0.4340413435433021 -0.48061708515845764 1.333665343661662 0.21678567476970595 0.1631710720463324 0.0 0.0 
l -0.4171229059688158 -0.4892242072213794 1.3391157119268444 0.26067312623767885 0.08964987936100166 0.0 0.0 
l -0.46062511530209604 -0.43743403534975084 1.34277171131254 0.31351409876027664 0.09226086177575388 0.0 0.0 
l -0.5141544720419078 -0.4029041738253354 1.3345513260273467 0.3386137992828971 0.13528778473942493 0.0 0.0 
l -0.754010098938257 -0.2259629446946881 1.3581675652313925 0.5755277269113135 0.12941136165348155 0.0 0.0 
l -0.5962170793973174 -0.30839316308951387 1.357900389769306 0.4626738370455475 0.06742129221291537 0.0 0.0 
l -0.6206089120640341 -0.3176682745732033 1.3399481271142584 0.42394495599865406 0.14553128484318756 0.0 0.0 
l -0.5943818575940816 -0.3453747056742428 1.3322341272708174 0.379373017022359 0.16444078153409913 0.0 0.0 
l -0.5938400546328885 -0.35076641413397563 1.3286160323984766 0.39536602772963886 0.15629427611160596 0.0 0.0 
l -0.5834035634031419 -0.3600467085359967 1.3272510305177336 0.40552655588687364 0.12091874249043144 0.0 0.0 
l -0.5861730473996212 -0.35706756046942123 1.3279636835345137 0.3979245173501392 0.13365777372792542 0.0 0.0 
l -0.6400861007851794 -0.30702631820461557 1.33894086729598 0.47797165801482194 0.09767159111765067 0.0 0.0 
l -0.6709491784317944 -0.28198075159500335 1.3447621205848042 0.5235251911746177 0.08092962246089841 0.0 0.0 
l -0.6933971528374389 -0.2679536534350185 1.3464631822776405 0.5456234548388847 0.07878894429803229 0.0 0.0 
l -0.7085017959655008 -0.2604853825856386 1.3462419429105343 0.592194414982357 0.04075028563268246 0.0 0.0 
l -0.7247232454052324 -0.25014899853766986 1.3483063028928537 0.6141741905477074 0.020049219869197277 0.0 0.0 
l -0.7530528630764551 -0.23230552868084617 1.352580452970365 0.5863511809323645 0.09472236803768852 0.0 0.0 
l -0.7653461697751052 -0.22940886392206536 1.3501123454283912 0.6564935318604066 0.027165707071409084 0.0 0.0 
l -0.8442619716426886 -0.18478646431925777 1.363488641267022 0.6803839607076245 0.060591163170578 0.0 0.0 
l -0.7877429475465427 -0.208174399419616 1.361671601287898 0.7010762191579443 -0.04291640519743223 0.0 0.0 
l -0.8578052570175996 -0.1721557198910756 1.3723687680672136 0.7985725939807895 -0.053827374379106896 0.0 0.0 
l -0.670170448515825 -0.2682423176165108 1.3563066710833829 0.5827843143552793 0.01600454746961555 0.0 0.0 
l -0.5381956177096693 -0.348479880016866 1.3572175119795533 0.4078862775169803 0.035869989306703376 0.0 0.0 
l -0.5291557118929112 -0.3469161106141319 1.3624433431482816 0.42168451724326556 -0.00940327466367541 0.0 0.0 
l -0.5369794274787036 -0.3379568033458442 1.364548454907208 0.4453320750638326 -0.025318685319961176 0.0 0.0 
l -0.5438950375707715 -0.3221552918470996 1.3716217217518374 0.42481309955111407 0.01266290575785467 0.0 0.0 
l -0.6351423976559781 -0.27511789400411485 1.3656790693016234 0.5193552886746235 -0.0028877478381099664 0.0 0.0 
l -0.4522240507623653 -0.3742047086952588 1.3822834768202117 0.2979292685429476 0.006513297660904138 0.0 0.0 
l -0.4172039419878149 -0.44586649038995857 1.3620366982597594 0.2819934016146593 0.030879478603911048 0.0 0.0 
l -0.4397159925711581 -0.46307801809991234 1.3400962296875074 0.3301876540666951 0.02920213541398553 0.0 0.0 
l -0.4931863585386548 -0.42763665864289513 1.3305596966533049 0.34146303985241183 0.09183471283805789 0.0 0.0 
l -0.5051725759180694 -0.43970209072537264 1.316280063282155 0.37224986900360096 0.09545293321375414 0.0 0.0 
l -0.5633758219358221 -0.41921393363933995 1.2964086254234368 0.39142839619350484 0.15391520129788616 0.0 0.0 
l -0.8274759677479333 -0.2852028104077919 1.2620283259227028 0.6433474298266288 0.20075099743503255 0.0 0.0 
l -0.8803811131049644 -0.22187136226943707 1.3042028011447282 0.7820517250710468 0.11653121664400734 0.0 0.0 
l -0.8315338933126962 -0.2782676511424874 1.2671506712106264 0.6839082686475948 0.18691517246181166 0.0 0.0 
l -0.792741361808914 -0.3015191766100507 1.2650870810004597 0.6098009922250864 0.2130442795756804 0.0 0.0 
l -0.7438218528631635 -0.3258868859963676 1.2693313562014024 0.5703650170467318 0.20156429078790894 0.0 0.0 
l -0.6802691349981708 -0.34393926435626554 1.2887215769670464 0.5683894133467273 0.1382885443585351 0.0 0.0 
l -0.6580642062798301 -0.3621299730623141 1.2859179026085719 0.5323366650291332 0.1447420838982607 0.0 0.0 
l -0.7033996945492138 -0.33648144894224696 1.2824095343228192 0.5754413314717877 0.13475976896939557 0.0 0.0 
l -0.7672275553466624 -0.29145268663325513 1.2891969704471862 0.6723626438264814 0.09005883360429578 0.0 0.0 
l -0.992425831602274 -0.17530768495716792 1.305859077787917 0.8678604110026127 0.12441742252262622 0.0 0.0 
l -1.0374294986457393 -0.1400817401849504 1.336376480951871 0.9230068204991619 0.06479064011373747 0.0 0.0 
l -1.0672353355727238 -0.129547384703295 1.3385963476721467 0.9808866954111355 0.05131527446763973 0.0 0.0 
l -1.1363762385705243 -0.10950586523670441 1.338126562047921 0.9954770405129438 0.11538298779939282 0.0 0.0 
l -1.1282023243374868 -0.10808609669703494 1.345730692128204 0.9690728604318866 0.11344665965236045 0.0 0.0 
l -1.1592275212049357 -0.09809562528868875 1.3490468540725362 1.025089627171869 0.0839340679965066 0.0 0.0 
l -1.1406328432046067 -0.1014230971864747 1.3525167489992975 0.9804916409783497 0.10382315337826187 0.0 0.0 
l -0.8989139099797878 -0.19497194133284196 1.327415902912883 0.6399114185649779 0.1962216352747539 0.0 0.0 
l -0.9173373802115222 -0.18688609824733848 1.3286794502981905 0.6740651784421756 0.18430176507974383 0.0 0.0 
l -0.870567044667461 -0.20028308727801777 1.334397101005114 0.6497064047654559 0.1522017041280188 0.0 0.0 
l -0.8183725359438665 -0.22446832408504816 1.3315742708389964 0.646212905144735 0.10206001169953116 0.0 0.0 
l -0.789144637297612 -0.24299719892658056 1.3260433727787568 0.5469108228239934 0.1900050533255917 0.0 0.0 
l -0.7819412922047839 -0.24675591244048145 1.3256730435379185 0.5729904744786214 0.13927538610284773 0.0 0.0 
l -0.7794689750586898 -0.2470221217730166 1.3265711938362046 0.5973836087816591 0.11109925170702661 0.0 0.0 
l -0.768871622553501 -0.2609335162821673 1.3179854706282172 0.5554058198150353 0.1722180746810893 0.0 0.0 
l -0.7746658556992176 -0.21022537838848931 1.3649092104483802 0.6272334374453552 0.008954907820565072 0.0 0.0 
l -0.778810815687743 -0.20173481331531068 1.371632240421494 0.6289121735262269 -0.009780002681722966 0.0 0.0 
l -0.93136547101519 -0.15117649093241722 1.368741506604206 0.749981301418088 0.02171816262184012 0.0 0.0 
l -0.9769199674063593 -0.1390659421994532 1.366386265370406 0.7622307515154023 0.08448819013463105 0.0 0.0 
l -1.0452951517079387 -0.12314320581232605 1.3605153013635045 0.8420096111752928 0.058062097601323526 0.0 0.0 
l -1.1006168160141867 -0.11029377372438494 1.3562345320686449 0.9349140740834436 0.011322459634048432 0.0 0.0 
l -1.1701524281453324 -0.09283944241117614 1.3544136551801464 0.9692784052446346 0.038498269773871385 0.0 0.0 
l -1.24124126020575 -0.07612928597202946 1.3513737938868091 1.0063682097851117 0.12856777876495928 0.0 0.0 
l -1.1838843898652864 -0.0910535797039866 1.3503466577842502 0.9627656382840835 0.09332955671598908 0.0 0.0 
l -0.7875176397190239 -0.2146809994005344 1.355231304218267 0.6078443913820826 0.05406656707340307 0.0 0.0 
l -0.8609174046623157 -0.18439905377288118 1.3570583321884548 0.6667897589371383 0.06372063576165643 0.0 0.0 
l -0.8010860806156097 -0.20939242033617353 1.3549311951690612 0.5896919902789484 0.04279298349873506 0.0 0.0 
l -0.8224082463634406 -0.20344871819678828 1.3521790683620296 0.6045017005285565 0.0459885088175469 0.0 0.0 
l -0.7992116589400333 -0.21847494363484776 1.3464014166100908 0.5799848151871205 0.07932956052031481 0.0 0.0 
l -0.8493533094787562 -0.20812079621630553 1.3351773415101982 0.6277350910692625 0.09850770276919607 0.0 0.0 
l -0.8307849790731211 -0.21823511955900016 1.3325395233087913 0.6320522132766695 0.07260880044739304 0.0 0.0 
l -0.8247065623971868 -0.2235867971404304 1.3295796588069457 0.6514337412275517 0.04489227312088184 0.0 0.0 
l -0.808062387889486 -0.23226895867520214 1.3281621386303761 0.6096335587536956 0.11055795540753777 0.0 0.0 
l -0.8005051817041269 -0.24471427350988045 1.3188835111051038 0.6181527023628797 0.09673828326918521 0.0 0.0 
l -0.7586200090881192 -0.25701006821036654 1.3266548730653493 0.5627262642452822 0.11291702213384314 0.0 0.0 
l -0.9626682034274658 -0.16854550818987096 1.3310624220470275 0.8716342196088129 0.05332628819148644 0.0 0.0 
l -1.023653803033594 -0.14852073604536153 1.32995107039732 0.9102187941485649 0.08641009623523566 0.0 0.0 
l -1.0177372214813418 -0.1485037906061698 1.3330348769370435 0.9048364448072488 0.09120336265981921 0.0 0.0 
l -0.9881846603689282 -0.15704679979786884 1.3349457584471962 0.8596813198471778 0.1014540453506223 0.0 0.0 
l -0.6737731141341173 -0.32775759462928 1.3057076557391638 0.5026015085977222 0.14584399296784123 0.0 0.0 
l -0.7086245702665163 -0.332105592092314 1.283372161840391 0.5170193765493332 0.17870592625647164 0.0 0.0 
l -0.7307815243866033 -0.3349873381053343 1.2683513082160063 0.5077758109178643 0.2337563825690201 0.0 0.0 
l -0.7561625659000514 -0.33623921725369277 1.2523646277826126 0.5082511707992883 0.2752779878802758 0.0 0.0 
l -0.8685245816200251 -0.297123273799276 1.2236070173972335 0.583415864912741 0.33534784684737806 0.0 0.0 
l -1.1415133026441304 -0.12146748430917723 1.3101922734584284 0.9619067580783582 0.16905954732988437 0.0 0.0 
l -1.3808628899007387 -0.052906972302885984 1.3020074228338343 1.3098882723839018 0.12798376564883895 0.0 0.0 
l -1.4889679886056126 -0.021867550023619262 1.3101789995667006 1.4551344860835356 0.11069527890269382 0.0 0.0 
l 1.3874432122703688 0.043055773096914884 1.3425156293196672 -1.3650101688732688 0.0320470891819129 0.0 0.0 
l 1.4132958778509448 0.036856895899011935 1.3426600563969127 -1.3915237563915246 0.060226133452191855 0.0 0.0 
l 1.5010975748134068 0.016854260003914632 1.3338836323594876 -1.477525433094855 0.07075392353097554 0.0 0.0 
l -1.558641893449132 -0.002842167644665226 1.3410962168095684 1.5445850514635706 0.034394992412789094 0.0 0.0 
l -1.4942733693221033 -0.01830991224806059 1.336355157410394 1.4760554374686503 0.03964785462403597 0.0 0.0 
l -1.3283840013947141 -0.06034997250042207 1.3311358579364563 1.3212136670583883 0.07551893534151422 0.0 0.0 
l -1.205085439538706 -0.09410527321909384 1.3291388798913164 1.1851347379837147 0.028338927482273624 0.0 0.0 
l -1.0515502341065521 -0.1357194970084976 1.336270147799112 1.0117237341753464 0.04378955678736629 0.0 0.0 
l -0.999712582506995 -0.1528412421904558 1.3354824818849682 0.9084111989220434 0.09495299787787581 0.0 0.0 
l -1.3365288389002483 -0.06582709070383888 1.3012860583597707 1.2587228271754187 0.12244798332741613 0.0 0.0 
l -1.204452352257936 -0.10085441276200494 1.3129027889113176 1.1559947157245902 0.08350073961106141 0.0 0.0 
l -1.1913113544254705 -0.10010326202135822 1.3240837253204754 1.1733104109907544 0.0674997048195698 0.0 0.0 
l -1.1199171826736596 -0.12460991728436936 1.3176232134160482 0.9549810242013985 0.1714796095874651 0.0 0.0 
l -1.1049235092954535 -0.1266752434310793 1.322710746946224 1.0021417844397706 0.09309958782822614 0.0 0.0 
l -1.0667198973276075 -0.13416314107263821 1.3308195668254703 1.0009892574194506 0.05227621515807357 0.0 0.0 
l -1.0493861802372144 -0.13723230884781717 1.3348633352939507 0.9668653614859222 0.06915326585243053 0.0 0.0 
l -1.038727556155131 -0.13575191811340848 1.3428070694990897 0.9656006026415818 0.05508311364204643 0.0 0.0 
l -1.1420657079602874 -0.08526002778049603 1.3859478711964885 1.1369992170225196 -0.032882776736637975 0.0 0.0 
l -1.1206866265076854 -0.0917752992685605 1.3825796651606592 1.1273305167189434 -0.05192767017735944 0.0 0.0 
l -0.9668562634840122 -0.1371585689490912 1.373348007500496 0.9441533970505476 -0.06214672333252347 0.0 0.0 
l -0.8533164026616732 -0.18360628185090702 1.361119147221737 0.7804947392303025 0.007769102760784019 0.0 0.0 
l -0.7919393620076328 -0.21842299644500215 1.3495893223143793 0.6639428949772381 0.04995179289840901 0.0 0.0 
l -0.7566451756742321 -0.2452710580936258 1.3387386509674601 0.6104526892071507 0.07232030436397818 0.0 0.0 
l -0.7092664646713039 -0.27479136908482976 1.333397145496251 0.508443265822655 0.11843681432054098 0.0 0.0 
l -0.6985438412153532 -0.29271357429568223 1.322910111113324 0.5251035925170493 0.11142256279775564 0.0 0.0 
l -0.7029389984086875 -0.30682640718307236 1.3085208814690117 0.5068217115568809 0.1517803775476818 0.0 0.0 
l -0.6982090843658283 -0.32576566003107416 1.294551625663388 0.5101016278712018 0.14276392108267077 0.0 0.0 
l -0.6662166501707141 -0.35663350248919196 1.2858860708789073 0.44102039736644044 0.19761236453281184 0.0 0.0 
l -0.6549076792566834 -0.38777616849109176 1.2668311034889401 0.4433661880149881 0.2122411905559205 0.0 0.0 
l -0.5597380953062718 -0.41266510205033996 1.3030615279170885 0.37561490633209543 0.10146229305502019 0.0 0.0 
l -0.5618092103869436 -0.41706208692448643 1.298817218671291 0.36740578147417385 0.11651352109854907 0.0 0.0 
l -0.5544815426508583 -0.3923720864517729 1.3199154580850345 0.3822021212888144 0.06088903058929551 0.0 0.0 
l -0.5631848717630629 -0.38304548952348316 1.3216623359953619 0.3915103968581965 0.0573099364141747 0.0 0.0 
l -0.5606340975316769 -0.3805085975212551 1.3247498009967051 0.41274832155396096 0.003026947139342706 0.0 0.0 
l -0.5634424286887955 -0.38350778407227926 1.3212071364810385 0.3923832488473075 0.043980886648929296 0.0 0.0 
l -0.5554791917891982 -0.3873085713798137 1.322828226499215 0.36678070360709797 0.0537880116862437 0.0 0.0 
l -0.55596247890473 -0.38761095579036586 1.3223656010294382 0.37784976565905587 0.05770052601696585 0.0 0.0 
l -0.6183336242480579 -0.34380615771348955 1.321401176482783 0.45762783158438497 0.056813750718715195 0.0 0.0 
l -1.039054161872051 -0.176120167034838 1.2770234175227138 0.8113892097868158 0.21347565237865274 0.0 0.0 
l -0.8527336788030045 -0.25936610426085943 1.2759311125423065 0.6155622569294625 0.23221006002597577 0.0 0.0 
l -0.865831032428833 -0.24431521656591942 1.2857659749660784 0.6323090983586395 0.22232105784864786 0.0 0.0 
l -0.8708709732397542 -0.2388804472020566 1.2893016243710547 0.6100680559446465 0.24696824250439642 0.0 0.0 
l -0.8635298055392614 -0.2421849668698124 1.2894611846232806 0.6672397559787664 0.16154908714161564 0.0 0.0 
l -0.8618315819049384 -0.2450662464792735 1.2870862872561415 0.6257950357247521 0.21477223232870024 0.0 0.0 
l -0.8956078932843664 -0.24306041141763093 1.270492335477266 0.6666183556058107 0.23541712276643412 0.0 0.0 
l -0.8300222766014967 -0.27706631528513737 1.2693103563920571 0.6034432619179408 0.23336331201155236 0.0 0.0 
l -0.7506300741830002 -0.3325793163985997 1.259109086452678 0.48777024287959553 0.27012814158726517 0.0 0.0 
l -0.659907086055115 -0.40200122932048915 1.2521380889699854 0.4115014678206776 0.2729318296592942 0.0 0.0 
l -0.6850499759042024 -0.37613408752499045 1.2586619839662891 0.4152178512820614 0.28326219556549814 0.0 0.0 
l -0.6477400219498027 -0.39547488075895104 1.2648388821534546 0.38178361308914716 0.2732732472933641 0.0 0.0 
l -0.6203873098313382 -0.41135068158657456 1.2686501427032568 0.3610346975807795 0.26026703678128627 0.0 0.0 
l -0.6574241091174844 -0.3424864590216328 1.302205691059216 0.4112917673607484 0.21455642436477596 0.0 0.0 
l -0.5413855744728341 -0.42002237180984664 1.3084395048034403 0.33944423302925525 0.1643514235873531 0.0 0.0 
l -0.548684477269409 -0.42096309308029245 1.3036440017548514 0.33527205271148125 0.16321659442286718 0.0 0.0 
l -0.5596753839987507 -0.41105983560207204 1.3042112493185989 0.3636118548009261 0.16527043128939156 0.0 0.0 
l -0.5510960804656526 -0.4090063171199023 1.3104384554682058 0.34763897808936467 0.15990007686733732 0.0 0.0 
l -0.5599306970450612 -0.4076813250849872 1.3064102051828592 0.38699975127203484 0.1382322288726594 0.0 0.0 
l -0.5655571103800783 -0.4072856983855552 1.3035252156025288 0.3849437582660625 0.1448588986848136 0.0 0.0 
l -0.5503171517771341 -0.41557316825722024 1.3063953002727882 0.38284623124720046 0.13401981592966306 0.0 0.0 
l -0.6546745706949124 -0.24137802720240453 1.3840308844874867 0.6281662050834513 -0.02582722785543301 0.0 0.0 
l -0.8269108698113596 -0.13654839413717687 1.4225786779814997 0.9108209567617311 -0.10927926402478039 0.0 0.0 
l -0.7351056802715672 -0.10122231113611505 1.4792187239299148 0.9648357047317859 -0.22922663347440508 0.0 0.0 
l -0.7473168815453585 -0.10555864626396737 1.4729346690574274 0.9804295547926427 -0.22303960195281025 0.0 0.0 
l -0.6642269226887333 -0.1389727290610591 1.46172326302773 0.8577585526616096 -0.2059744765358278 0.0 0.0 
l -0.367315761386095 -0.3580925000941553 1.4277850324743273 0.3736440863326174 -0.22815733192432464 0.0 0.0 
l -0.4339256678509927 -0.3820854019138049 1.386702886428274 0.40668621602059846 -0.14224248045161114 0.0 0.0 
l -0.4460307052647718 -0.4233262789135052 1.3585923161877724 0.3841248084319207 -0.08896170278956106 0.0 0.0 
l -0.55400637420387 -0.41780981259060246 1.3027646865832034 0.40331957298099347 0.10118100449916345 0.0 0.0 
l -0.601816657083529 -0.3977787486802952 1.28984852489365 0.44784309098657477 0.14258459924768152 0.0 0.0 
l -0.6611520867440872 -0.3134220579447286 1.3238062414872591 0.5538494385841972 0.039328151381868626 0.0 0.0 
l -0.5848902737086092 -0.3601274364560738 1.3264361808318577 0.4730243927810767 0.021360235135348127 0.0 0.0 
l -0.3619787815911553 -0.5453545251419515 1.34496802846439 0.24787249832524344 0.028716769333271275 0.0 0.0 
l -0.4267437591129257 -0.501559711788641 1.3264600501743464 0.29142831941060726 0.061851087392142734 0.0 0.0 
l -0.4879429681124056 -0.44763837716639143 1.3212706467172621 0.3618531113013143 0.032717368695997395 0.0 0.0 
l -0.5613821836150669 -0.40905989351870864 1.3046377764531285 0.417227740461899 0.07993999349256131 0.0 0.0 
l -0.5932821579844622 -0.3653272047595173 1.3183725599362557 0.5152586954059382 0.07248871839803894 0.0 0.0 
l -0.5770302245978383 -0.36349758449489633 1.3280632488555097 0.5097086347506781 0.018236783509828047 0.0 0.0 
l -0.5591542962406478 -0.3683495832161987 1.3338084603186167 0.5255747741685708 -0.01669369972342505 0.0 0.0 
l -0.5718735186499753 -0.36092336499352384 1.3324759375759416 0.544834085972751 0.0008861516965732452 0.0 0.0 
l -0.5339463041537512 -0.3676835423817141 1.3468732555354457 0.4986425027160199 -0.048375274274195634 0.0 0.0 
l -0.5897033285819268 -0.3468835333366244 1.3334654377368327 0.5072225040657221 0.04271896821186272 0.0 0.0 
l -0.5892808954363423 -0.35393124319353525 1.328634251579962 0.4758393334601861 0.07232465348146477 0.0 0.0 
l -0.5263390719028495 -0.4380724430940948 1.305071243050875 0.36924351069423494 0.11574894177591832 0.0 0.0 
l -0.5252962414489468 -0.4446822934183526 1.301319843053657 0.3534268120385911 0.13136232592507358 0.0 0.0 
l -0.523646472222415 -0.4549789971435984 1.2954921284921312 0.33349915313416895 0.15816602831937354 0.0 0.0 
l -0.5142252436635691 -0.47550674551456906 1.2877234583796966 0.30061488481574855 0.18505556346005614 0.0 0.0 
l -0.5063523135563441 -0.49228999722893657 1.2816903498849497 0.2980699808796596 0.16223664815711714 0.0 0.0 
l -0.5132266579447438 -0.4913337883648897 1.2778858230817203 0.2852591546922803 0.20865337977167675 0.0 0.0 
l -0.27486900472609616 -0.5665190964957889 1.3933079827163135 0.22084557295978174 -0.06128113138798996 0.0 0.0 
l -0.32966345820271437 -0.4823520064609455 1.3935263266942437 0.2365454363138359 -0.08896476111819385 0.0 0.0 
l -0.7390367741625726 -0.17786634398265927 1.4084135104962527 0.7533720910157826 -0.25296485626054976 0.0 0.0 
l -0.36649135300262664 -0.22819939637108402 1.4818882945051663 0.48432680451473803 -0.38095575546067484 0.0 0.0 
l -0.42364528582544925 -0.22837265981792043 1.4663640247331726 0.49893365925858274 -0.363860125813104 0.0 0.0 
l -0.7393859422807749 -0.1621583039606945 1.4226961588400555 0.7685212898047051 -0.322318108664329 0.0 0.0 
l -0.884638902677253 -0.13094328012598788 1.4113393558719076 0.8484727268982388 -0.22335605145327286 0.0 0.0 
l -0.8229053027310531 -0.15318326864504453 1.4058763441331337 0.7914610298132341 -0.28825992774696796 0.0 0.0 
l -0.7824362302175848 -0.1653527340168962 1.4064026788297341 0.7562435328411297 -0.20816061048970158 0.0 0.0 
l -0.7612652554104132 -0.19483411045841448 1.384931137426001 0.6660432482736995 -0.09540677328699476 0.0 0.0 
l -0.7234032440046807 -0.21484274055471356 1.3804266511761984 0.6106479594516405 -0.0747766373378802 0.0 0.0 
l -0.7203244215393139 -0.21945917901610573 1.3774814908776376 0.6099237130817816 -0.06967588508992106 0.0 0.0 
l -1.186188178873489 -0.07549597795683982 1.3860543397802236 1.1416564339090447 -0.04958960243463406 0.0 0.0 
l -1.1942550590811831 -0.07508374606164431 1.3827959320223067 1.1415503036230676 -0.02895315334014903 0.0 0.0 
l -1.205280764829506 -0.06971041298137115 1.3903374575898064 1.1831015348936542 -0.03459546594459639 0.0 0.0 
l -1.0015868970427575 -0.1100202060826968 1.3998385237447577 0.9641319844662812 -0.06289255113561842 0.0 0.0 
