r 0.8696877934029683 -0.8113355152433824 -0.6756494743840059 -1.7261033794172074 2.179248661194235 0.0 0.0 
r 0.837746530844346 -0.836937250527663 -0.6820667901294777 -2.506883413253019 2.2053994285975906 0.0 0.0 
r 0.823421452496507 -0.8510439787367011 -0.6822426201451808 -1.2143458609818572 2.161745855652664 0.0 0.0 
r 0.827920919213277 -0.8527958066694636 -0.6761023255584924 -1.2079383947875872 2.164902819934036 0.0 0.0 
r 0.8536756477263265 -0.8300327925549222 -0.6731679105612156 -1.2466050214170954 2.1553876291738625 0.0 0.0 
r 0.8486998534695259 -0.8431196461843012 -0.6652498211253096 -1.7512825609737186 2.1912460319309948 0.0 0.0 
r 0.8476508729796827 -0.8677319416854691 -0.642271271237551 -1.8870989271949816 2.1667478869254815 0.0 0.0 
r 0.8650187670137048 -0.893776715367607 -0.6005613063680885 -2.1183316800445025 2.128343041363472 0.0 0.0 
r 0.8905327849275482 -0.8598606279956607 -0.6085480296634904 0.15392782279672207 2.127026058875407 0.0 0.0 
r 0.884945109232952 -0.8510683242869139 -0.6222990329498359 -0.44475992311500795 2.1220654534545624 0.0 0.0 
r 0.8850252182234998 -0.8663243195820677 -0.6076876378067416 0.07180596160862301 2.052895302216989 0.0 0.0 
r 0.8938529417419275 -0.8562850760995641 -0.6087509559944468 -0.18663043615932612 2.063704936458636 0.0 0.0 
r 0.8700307558457963 -0.896865726992273 -0.5928959066619337 -0.11774840112780977 2.0574664081311758 0.0 0.0 
r 0.8674159846278833 -0.9139872027154348 -0.5790953701335568 0.2684429830389488 2.0374997533954122 0.0 0.0 
r 0.9267285039497823 -0.8618326864331285 -0.572185324634925 -0.28935198871616713 2.061804192783174 0.0 0.0 
r 0.9580326893936679 -0.8385377081966038 -0.5636376698128943 -0.1671629087845587 2.0053808529794876 0.0 0.0 
r 0.95340873948648 -0.8664948111339179 -0.5427993015893503 -2.816142892131763 1.9901531684198996 0.0 0.0 
r 0.944231427242048 -0.8893654040171014 -0.530863921531097 0.14855223516759192 1.973340624481366 0.0 0.0 
r 0.9424970238809149 -0.8920768044229348 -0.5300365320320306 -2.782319317643365 1.932972177028911 0.0 0.0 
r 0.9504695602938544 -0.891203201749429 -0.5235078615234484 -2.7190941532537485 1.9057455469510765 0.0 0.0 
r 0.8994761812758847 -0.9685342739590993 -0.49986250492056306 -2.7160249670124124 1.9567194918381206 0.0 0.0 
r 0.8642846835061682 -1.0157015455013008 -0.4867927321066985 0.36560149166771666 1.906349995205781 0.0 0.0 
r 0.8807986780780578 -1.0117107562568108 -0.4766741435984822 -2.498630515177792 1.8758210800371051 0.0 0.0 
r 0.90563146740425 -1.000060814280178 -0.4665227933559252 -2.6991424462866274 1.8139875858698378 0.0 0.0 
r 0.9439568033245279 -0.9548508799717115 -0.4737188179305133 -2.520288057243215 1.8057358715340235 0.0 0.0 
r 0.9649084863291413 -0.9296592681814968 -0.4771998982927362 -2.7277452180012594 1.7375265612500193 0.0 0.0 
r 0.9621833541797817 -0.9720334414272976 -0.4438403237535127 -2.619577382954138 1.6981162755667325 0.0 0.0 
r 0.9818580869747552 -0.9639482023195751 -0.4342408660034772 -2.62287468923626 1.6389987822699323 0.0 0.0 
r 0.9980212857409588 -0.9816629784363002 -0.4069258611312386 -2.5752272591281855 1.5313648137981548 0.0 0.0 
r 1.001716501204331 -0.9692466034447037 -0.4137353152380246 -2.576937645286551 1.530028970029285 0.0 0.0 
r 0.9954872253011258 -0.9941261041639463 -0.3991461515927286 -2.552521454846752 1.4893625389122356 0.0 0.0 
r 1.0253908822832583 -0.9722557373278499 -0.39237705369948317 -2.6520292238985608 1.4547816474629234 0.0 0.0 
r 1.0333552623583253 -0.9905501021760964 -0.37243027275830676 -2.755409993932008 1.4551724808755782 0.0 0.0 
r 1.0470163199068572 -0.9907147690549912 -0.3618245569469139 -2.6446389428232644 1.4574694194177802 0.0 0.0 
r 1.0629393169419772 -0.9758324341418886 -0.36022064570525597 -2.6858408078102545 1.4777131481749866 0.0 0.0 
r 1.0854134842551741 -0.9958304474818617 -0.32935132377835563 -2.1616200113304482 1.5343932013016999 0.0 0.0 
r 1.1070225996220322 -1.0137453211503749 -0.30199424891715765 -2.3047555856120763 1.6089864137437182 0.0 0.0 
r 1.1176117484694732 -1.0222266943349247 -0.2892698603960309 -2.2359642621945266 1.6988998415376142 0.0 0.0 
r 1.1248251483488243 -1.0116152709883268 -0.29071972446243544 -1.6801296589722916 1.8202850450937147 0.0 0.0 
r 1.1885699747331042 -0.9883931819392054 -0.2588199374310237 -0.5649328400882208 -1.2248505432355166 0.0 0.0 
r 1.2158926869890558 -0.9602053937515176 -0.2537519220049235 -0.19555928200788525 -1.1027883602673978 0.0 0.0 
r 1.1745003444448403 -0.9299319549949475 -0.30252489432192425 -1.324849582127939 -1.158220252544593 0.0 0.0 
r 1.1925150469780958 -0.8724735966183389 -0.32199535626590964 -2.9531748190563967 -0.8580942131171438 0.0 0.0 
r 1.2026779766392968 -0.8292764335358521 -0.3395717541555012 -2.873122882084669 -0.7902155412919412 0.0 0.0 
r 1.2149348228279773 -0.8010864605273728 -0.34573468170962335 -2.832445935633835 -0.7387947985285341 0.0 0.0 
r 1.2227556665568349 -0.7502178348455493 -0.371230388895909 -2.8098930801129263 -0.6598149017833854 0.0 0.0 
r 1.245251037272073 -0.7148945360664213 -0.37086151328180667 -2.73402554015044 -0.6802507784398724 0.0 0.0 
r 1.262342353493775 -0.693498922246625 -0.36603911992722404 -2.7327182279001994 -0.6861190682434551 0.0 0.0 
r 1.2671012708663807 -0.6804548293671075 -0.3694067399069778 -2.772837835111596 -0.7306911263460425 0.0 0.0 
r 1.2580544223849288 -0.6801315106970822 -0.38029518736868057 -2.7229241094106778 -0.7409430069231473 0.0 0.0 
r 1.2437679560549102 -0.685193886174353 -0.39340505746607374 -2.7133999871776515 -0.8076681322324655 0.0 0.0 
r 1.236569615492527 -0.689557428086833 -0.39858175065915263 -2.5952746026285665 -0.9380407239239741 0.0 0.0 
r 1.2275117289083364 -0.6824976094146288 -0.4143053587451805 -2.7790146298244025 -0.9718393727111864 0.0 0.0 
r 1.2196182693295474 -0.6867022706970726 -0.4202651707721445 -0.29586264399752377 -1.0602659629825486 0.0 0.0 
r 1.1989630861502785 -0.7289206198820101 -0.41174936012396357 -1.312778778366934 -1.1471765435029133 0.0 0.0 
r 1.1999742471532229 -0.7387075972603113 -0.40349912926826265 -2.364358799364998 1.857148162797933 0.0 0.0 
r 1.2754638058340242 -0.7382190281741424 -0.322693106287449 -2.6925920889320203 1.7349528915632515 0.0 0.0 
r 1.2266962583140706 -0.822140745011961 -0.32140107219871056 -2.717485547065098 1.5651889529372915 0.0 0.0 
r 1.211818428928863 -0.8269128356711362 -0.33248707136538774 -2.6589462730713267 1.4898478984911108 0.0 0.0 
r 1.2038002466059106 -0.8797835671538635 -0.3078183065676489 -2.622874865092105 1.3861869768489825 0.0 0.0 
r 1.1897443509006145 -0.9445565773801541 -0.28207883592568495 -2.5232184003214244 1.288463035317632 0.0 0.0 
r 1.1781388314842578 -0.9772586848220516 -0.27248327660439897 -1.9685476988048605 1.252596223539475 0.0 0.0 
r 1.1669962043550544 -0.9674090110673148 -0.28635506782322867 -1.948762796214672 1.1678059213621714 0.0 0.0 
r 1.1510396406109125 -0.9866475777163068 -0.2869024894379461 -1.925774423468541 1.171056607625747 0.0 0.0 
r 1.135434081888605 -1.0049885088267896 -0.2872204903527167 -1.9020878601897109 1.1711007393668278 0.0 0.0 
r 1.1278570785346267 -1.0125071701324653 -0.2880409798950155 -1.897314738806742 1.1524469436930578 0.0 0.0 
r 1.1243413585853657 -1.0205515979359379 -0.2856197936403491 -1.8838939700120056 1.1543621230624093 0.0 0.0 
r 1.1135892175957267 -1.0334871383276232 -0.28512180438456247 -1.8721899302979934 1.1383518059464008 0.0 0.0 
r 1.1031091909962114 -1.0358647956827365 -0.2907947776243996 -1.908532261949609 1.1572007626495124 0.0 0.0 
r 1.0902574346920955 -1.038100324559293 -0.2981652492326772 -1.8758007448446425 1.172742121154374 0.0 0.0 
r 1.0848804100092344 -1.0384189961427768 -0.3016482291391511 -1.8623492609485404 1.1771228103125173 0.0 0.0 
r 1.0941575556599816 -1.0272623045217695 -0.3024282342529434 -1.8632059275932422 1.184950214575012 0.0 0.0 
r 1.1048073707151271 -1.0412288314889466 -0.28629582813872284 -1.8459902928505942 1.1834298164038837 0.0 0.0 
r 1.1119827745630473 -1.053866209032527 -0.27376841454913275 -1.8161913605312503 1.2458731048276732 0.0 0.0 
r 1.1225562637805302 -1.0492013681564454 -0.2696269080596229 -1.7793919789677197 1.3894614565078136 0.0 0.0 
r 1.1377985791299186 -1.0433999176261564 -0.26299255136367333 -1.766529655130594 1.4880252350361636 0.0 0.0 
r 1.1546129092915258 -1.0300944325347952 -0.25939267506389635 -1.8073462096910027 1.711250050893639 0.0 0.0 
r 1.1833656038212552 -1.0087721280883397 -0.25153890223967024 -1.8014076086612356 1.777273347963554 0.0 0.0 
r 1.1860828663749095 -1.0033044274411542 -0.2525785094421792 -0.41625237197707604 -1.2547965689328997 0.0 0.0 
r 1.2027640540231275 -0.981411435116603 -0.2523419304029308 -0.2902529463615526 -1.2043687753377472 0.0 0.0 
r 1.1962293706210958 -0.9796993946595806 -0.257966301161488 -0.11390233589901694 -1.1279264067503516 0.0 0.0 
r 1.1607365243431076 -1.0031739764443421 -0.2703867199713193 -0.3605005198334276 -1.1002024754700126 0.0 0.0 
r 1.1549884992419843 -0.9841236148196801 -0.28550284018159044 -0.2255919913151589 -1.045447331046166 0.0 0.0 
r 1.1784449262758507 -0.951310607260793 -0.28695430866254085 0.04796658057999409 -0.9860593295556279 0.0 0.0 
r 1.1794122277658128 -0.9191061992623382 -0.30499561256126384 -3.00269315544144 -0.9101805139001329 0.0 0.0 
r 1.1740283728235739 -0.9203618273783702 -0.3086179746366892 -2.9165997568481106 -0.8343179629426645 0.0 0.0 
r 1.176121615883473 -0.9120063805701871 -0.31193661366201625 -2.8938353881516274 -0.7975384062461297 0.0 0.0 
r 1.168279664548695 -0.9125598493932083 -0.31805773433229173 -2.8202565035383724 -0.7857980684589883 0.0 0.0 
r 1.1392761435470142 -0.925768966448595 -0.33350519963110314 -2.79120656329275 -0.8027549287171554 0.0 0.0 
r 1.1440013681951322 -0.9139960650139186 -0.33721462303638977 -2.791419676413717 -0.7660358258582625 0.0 0.0 
r 1.151519853986763 -0.9010962027633566 -0.3392508030878816 -2.7085208433807613 -0.7668217119288849 0.0 0.0 
r 1.1597402722783718 -0.8857606715650728 -0.34212578839212676 -2.8141740428444884 -0.7961501802346682 0.0 0.0 
r 1.159718339360461 -0.8704476555836229 -0.35211283965739654 -2.7822438967923264 -0.8097264520773277 0.0 0.0 
r 1.161524399050455 -0.8652117978778523 -0.35395457225784416 -2.838265840614942 -0.8651041424397288 0.0 0.0 
r 1.1508400765883238 -0.9099207325130542 -0.33415439866454505 -0.013989533628535333 -0.918948572222344 0.0 0.0 
r 1.1569826368619773 -0.8851083589037946 -0.34492937537938817 0.0032028285396015765 -0.9742027604028164 0.0 0.0 
r 1.1528831609401602 -0.8816297459339725 -0.35075715253524825 -0.3011165508287476 -1.0518887172813947 0.0 0.0 
r 1.153239935019658 -0.8874864685299244 -0.3466118207474942 -0.952044171502469 -1.1387761828508458 0.0 0.0 
r 1.234441079937062 -0.7535360534048057 -0.3567204484190982 -1.4830127841245972 -1.2059720655288277 0.0 0.0 
r 1.2046788616733646 -0.802836252294013 -0.3546081263712543 -2.1174513306029246 1.8056797984077488 0.0 0.0 
r 1.19549301463038 -0.822317745916129 -0.3507771818971817 -2.122894582888369 1.7542516588322217 0.0 0.0 
r 1.2081974199569228 -0.8276876119664422 -0.3354004924773471 -2.322989376775755 1.651222252552312 0.0 0.0 
r 1.1997653642475257 -0.8458316707034311 -0.33190545640002833 -2.292370269179745 1.5849515921438189 0.0 0.0 
r 1.1973490258632657 -0.8568411925760886 -0.3272873807857885 -2.351209535932575 1.5043038211364317 0.0 0.0 
r 1.1897139164670893 -0.8746059972955778 -0.3231394826337125 -2.3787245474058296 1.434526966791362 0.0 0.0 
r 1.1655314206635836 -0.9296828895347945 -0.3098500587502166 -2.4030129228537813 1.366184512993317 0.0 0.0 
r 1.1745318233166115 -0.9324316309679316 -0.3010185665732024 -2.335827843855035 1.37629011185446 0.0 0.0 
r 1.1761446032492222 -0.9345954993748726 -0.29846226966509976 -2.393496111936128 1.3130969606776262 0.0 0.0 
r 1.1559007801645598 -0.9839230235317006 -0.28495313484698287 -2.4134735328046912 1.28360964947196 0.0 0.0 
r 1.1474554527100953 -1.0076228134695848 -0.2771678344408785 -2.4337268375041172 1.2571401053649942 0.0 0.0 
r 1.167697238419961 -0.9863083794891803 -0.2749927618908502 -2.448051219393874 1.2570881672871352 0.0 0.0 
r 1.1629410646906015 -1.0101158830770558 -0.26492721930605484 -1.9609231864306922 1.1937249616045729 0.0 0.0 
r 1.1665210755045865 -0.9980349905148336 -0.2692054508519342 -1.9534907534247232 1.1912339165330499 0.0 0.0 
r 1.1768135367291097 -0.983879986236632 -0.2697543960668329 -1.9714309970492356 1.174805501119237 0.0 0.0 
r 1.1757190158317825 -0.9928070917385069 -0.26558440257712235 -2.4392220933811433 1.3056480364735217 0.0 0.0 
r 1.1740752331836206 -1.0047494356196391 -0.2601597769777485 -2.3510479238698547 1.365514855257814 0.0 0.0 
r 1.1725498457979913 -1.014940527584115 -0.25563444923594913 -2.2613583048512127 1.408426845001209 0.0 0.0 
r 1.1740219740627986 -1.0290463145318183 -0.24700724190779758 -2.3159964307518472 1.4945900389483764 0.0 0.0 
r 1.1831537372366472 -1.0349379747476302 -0.23786520384524218 -2.230787501921214 1.5584992179721755 0.0 0.0 
r 1.180336046788055 -1.0391383515659864 -0.23750789139465905 -2.110875997264333 1.6271151748004002 0.0 0.0 
r 1.1781938435171333 -1.0430240692638437 -0.2368596882624875 -2.1502448209500815 1.6910898678894606 0.0 0.0 
r 1.1836169802579226 -1.055338923669886 -0.2270326454401025 -1.7797605899455744 1.7437075296795124 0.0 0.0 
r 1.1767114922974922 -1.0733172973399918 -0.22208910884339758 -1.4133542309462332 -1.337374420687741 0.0 0.0 
r 1.177846093444391 -1.0680495147357958 -0.22409890430381388 -0.5002655718121014 -1.2676397519219338 0.0 0.0 
r 1.1922011169914597 -1.036188454917339 -0.23132147321197002 -3.029543872463087 -1.205938456968275 0.0 0.0 
r 1.1986470885120195 -1.0110618699171359 -0.23986887418951675 -2.8731504506456664 -1.113118759264201 0.0 0.0 
r 1.2128659601860043 -0.9879582203590175 -0.2417577122851678 -2.8530864587747757 -1.0703039454416834 0.0 0.0 
r 1.2127223932479905 -0.9652622153277637 -0.253486908591136 -2.995737656643353 -1.009398232227297 0.0 0.0 
r 1.1983200273764771 -0.9683867684507211 -0.26248737001670747 -2.891778024091874 -0.9864070062800336 0.0 0.0 
r 1.2015949593908475 -0.9483474214368144 -0.27085267474771146 -2.7186051714859714 -0.9479221245881594 0.0 0.0 
r 1.1904862972732986 -0.9342418266861215 -0.2873347111123153 -2.7551103686919776 -0.9151722289452076 0.0 0.0 
r 1.1701106777879011 -0.9399611954871857 -0.3000548687864785 -2.775800094076345 -0.9430981843311019 0.0 0.0 
r 1.1472867302481475 -0.9479349951077738 -0.31312202656160804 -2.7600162136315163 -0.9013417095530588 0.0 0.0 
r 1.1482431015825247 -0.9350462000608295 -0.3203831413844833 -2.8290088465027594 -0.9319079376142358 0.0 0.0 
r 1.1612203787155746 -0.9082283674574805 -0.32658898893341426 -2.8286930111022937 -0.9495395529799177 0.0 0.0 
r 1.1653313033936756 -0.8963837569224781 -0.330576376017242 -2.9448048070111543 -0.9899494301965024 0.0 0.0 
r 1.1684141140315498 -0.8947243233556568 -0.32900484649509987 -0.0033440408596067672 -1.1105159456693243 0.0 0.0 
r 1.1682311781139734 -0.8948836572960207 -0.3290602390706133 -0.8025188980368583 -1.1715774553602518 0.0 0.0 
r 1.1685327685610718 -0.9007710728771565 -0.3251305063925584 -1.4802913987482056 1.8945991018933723 0.0 0.0 
r 1.1913015119022425 -0.8810777586996735 -0.31782539158359313 -1.923347730655368 1.8294571840823475 0.0 0.0 
r 1.2120037289292465 -0.8663227054476601 -0.3085759550780097 -2.254583809239595 1.758046864707571 0.0 0.0 
r 1.1980558223874322 -0.8824919700939493 -0.3111620179976016 -2.2081385828297013 1.7151339841378985 0.0 0.0 
r 1.1917139670527734 -0.89686194589327 -0.3080263236303788 -2.359135874447941 1.6342970247004236 0.0 0.0 
r 1.196619664958051 -0.8984735879333463 -0.30296366095218574 -2.3933649248591107 1.5693866621846737 0.0 0.0 
r 1.1958762450960325 -0.9025078815209561 -0.30122988476286183 -2.4527677193519963 1.5132856263557168 0.0 0.0 
r 1.1981377990553053 -0.9410470907232756 -0.2775271615603557 -2.350843377604125 1.4479861786935222 0.0 0.0 
r 1.2042345510171681 -0.9749210665526479 -0.2546778899904374 -2.4192526715344385 1.3851872240119518 0.0 0.0 
r 1.199354947751161 -1.0110670733014595 -0.23938402651189603 -2.4408083196264334 1.3194462029838758 0.0 0.0 
r 1.1915097841633562 -1.0004632447777595 -0.2503063142892363 -2.4488630117116514 1.3115297088502713 0.0 0.0 
r 1.189605343216493 -1.0165952027829908 -0.24314425022987138 -2.4672646354720786 1.291103819321162 0.0 0.0 
r 1.196083324015471 -1.025261888970919 -0.23433568575016156 -2.4564050716769867 1.3119068663471276 0.0 0.0 
r 1.2000564468460122 -1.0292666824460925 -0.22968965433813623 -2.4626814452745625 1.3315120199097752 0.0 0.0 
r 1.1919369876398003 -1.035348087389554 -0.2319213298093626 -2.466848898398594 1.3368954469059762 0.0 0.0 
r 1.1707065385380213 -1.054499344257913 -0.23560253448184618 -2.279176115771242 1.4215269290421637 0.0 0.0 
r 1.174739967374606 -1.0447420050286658 -0.23818265217314968 -2.311539167156514 1.428755819783827 0.0 0.0 
r 1.1887596133893341 -1.0325402077074852 -0.23543642299046116 -2.3328340441037008 1.467095575131774 0.0 0.0 
r 1.204973737165805 -1.0293548500306904 -0.22642145893489393 -2.198437300213183 1.5313429831007395 0.0 0.0 
r 1.2160162162195691 -1.0177375878604888 -0.22482377216778493 -2.115666723486846 1.560930151282629 0.0 0.0 
r 1.2183189795893918 -1.0120832615606816 -0.22602777901693144 -2.2015506723650113 1.632449107585161 0.0 0.0 
r 1.2316552302014394 -0.9729757725721687 -0.23574964730792028 -2.110010470604081 1.6868652565288285 0.0 0.0 
r 1.2240330684025604 -0.9752264365395606 -0.24015394095318351 -2.0147657686189144 1.7480683986800458 0.0 0.0 
r 1.2189169950523717 -0.9653529635757305 -0.24886425037138143 -1.6194695861447452 1.8059086296778577 0.0 0.0 
r 1.2082551624728235 -0.974594868096592 -0.25191995420283975 -1.1027144803655704 -1.277980430794805 0.0 0.0 
r 1.1973904241878255 -0.9814026268480018 -0.2562209147545897 -0.5116341855368414 -1.2326162260835483 0.0 0.0 
r 1.1887217740353593 -0.9677970168349889 -0.26992083781177106 -0.15991076932461706 -1.1818027570533807 0.0 0.0 
r 1.1776106215766278 -0.9724188534409689 -0.2755865503404158 -0.523790711382651 -1.1677989904492312 0.0 0.0 
r 1.186941481386502 -0.950047714647169 -0.2811474034482612 -2.965200407793681 -1.0877250037877406 0.0 0.0 
r 1.1928429485655854 -0.933538264717843 -0.28587514278274156 0.034989338121534985 -1.08288493096071 0.0 0.0 
r 1.1989494080104635 -0.9199870800618907 -0.2886746549152453 -2.7350391580992026 -1.069448967366483 0.0 0.0 
r 1.206528491647577 -0.9044612088989606 -0.29127821962759637 -2.8658735638410215 -1.071791077352982 0.0 0.0 
r 1.2114112801936785 -0.8906032599080229 -0.29506280191237894 -2.6859027315575927 -1.0703973570484475 0.0 0.0 
r 1.2123603530794302 -0.8962730674403638 -0.29105391306063266 -2.6004796205998817 -1.0939619021357099 0.0 0.0 
r 1.2062826437674343 -0.9060410837239907 -0.29058727559809727 -2.956020545942023 -1.1116950725898955 0.0 0.0 
r 1.203963811788566 -0.9060267436538675 -0.2925071062675761 -3.0195256185528736 -1.1121320059345692 0.0 0.0 
r 1.1907998568853753 -0.9106578575219852 -0.3006710156568849 -2.9018309360637717 -1.135100944369276 0.0 0.0 
r 1.1785314618045966 -0.9113409232788994 -0.3103537307415877 -0.5955647609957198 -1.1799329371603218 0.0 0.0 
r 1.1692548522379922 -0.9134221422523358 -0.3167262972883398 -1.370713409251297 -1.247691512864232 0.0 0.0 
r 1.156270800637428 -0.9207779615462686 -0.3228178243218044 -1.7307534268103941 1.8552347964992393 0.0 0.0 
r 1.1400084969211992 -0.9264202279703256 -0.33249047022319406 -2.0568265775613117 1.805084823067097 0.0 0.0 
r 1.1383383629859167 -0.9290509484146652 -0.3321553309217962 -2.185973214570723 1.7415315040803894 0.0 0.0 
r 1.1512788283422841 -0.9220240069207079 -0.3261092434939771 -2.249909821136392 1.6913322242774367 0.0 0.0 
r 1.1747805777935774 -0.9152148133189529 -0.3111020065614385 -2.3600670375971045 1.6152680334596383 0.0 0.0 
r 1.251122179180125 -0.8797879956583515 -0.26722309542929423 -2.557349931854777 1.5157807104277883 0.0 0.0 
r 1.2286196440725219 -0.9026478998154783 -0.27404641986166917 -2.524347483211113 1.473476484120963 0.0 0.0 
r 1.235093798030757 -0.912848304068546 -0.2633805457467002 -2.591347293656586 1.4230901062138115 0.0 0.0 
r 1.223757156220894 -0.9216616024007158 -0.26785925473965727 -2.539745004973937 1.400232701250963 0.0 0.0 
r 1.2332036372245878 -0.9248350344668518 -0.2586951663310465 -2.521144067861885 1.4068491149375841 0.0 0.0 
r 1.2401964946265371 -0.9275324909750816 -0.2518084709284521 -2.552283089636574 1.4116739230212045 0.0 0.0 
r 1.2369325694617814 -0.931419540305404 -0.2524070229723217 -2.5471828509940275 1.440114050387769 0.0 0.0 
r 1.2274187677422566 -0.9466218538461757 -0.252036364888104 -2.591330233523414 1.4304072037936884 0.0 0.0 
r 1.2126076721730303 -0.9524069002749124 -0.26029077370814085 -2.564147946940685 1.4467402891787802 0.0 0.0 
r 1.1938476137597351 -0.9563761648748207 -0.2723594635964366 -2.4450304038755624 1.466305043481122 0.0 0.0 
r 1.176348335363552 -0.9699681243376036 -0.27790544388563954 -2.3943316892434843 1.5157614112246383 0.0 0.0 
r 1.1895001865674235 -0.9621721622509714 -0.2724409111852027 -2.386288690514234 1.5301269516484866 0.0 0.0 
r 1.2013735422533047 -0.9682941156020974 -0.260280605744826 -2.488290870921049 1.531306897324929 0.0 0.0 
r 1.2241006621192987 -0.966227200678523 -0.24460374989646655 -2.3245986542093147 1.5958340305726635 0.0 0.0 
r 1.2444203315797955 -0.9611047364077301 -0.23215265812843547 -2.193272223578889 1.6619488374093134 0.0 0.0 
r 1.2474173222930727 -0.9556212491469779 -0.23254479568965636 -2.3684182195839876 1.6898790434201012 0.0 0.0 
r 1.2479201183456798 -0.9541057958219703 -0.2328912505282338 -1.9175928820751134 1.762794196253688 0.0 0.0 
r 1.2223771065109248 -0.9579842873630976 -0.2500520526209623 -1.042067645720169 -1.279272257538563 0.0 0.0 
r 1.2081405523358533 -0.882048946554045 -0.30276242274020654 0.040695961430714356 -1.1462559805706358 0.0 0.0 
r 1.2109550596452168 -0.8750121228091168 -0.30441956655521274 -2.578237509209555 -1.0706687139657753 0.0 0.0 
r 1.2170575680035314 -0.8616159489377346 -0.3068641249941175 -2.5500771034163203 -1.018578011226224 0.0 0.0 
r 1.2530916299136605 -0.8551378858137872 -0.27847329493885054 -2.702571547676114 -0.9824788144429463 0.0 0.0 
r 1.2477325344564214 -0.818297011599362 -0.30375802783788264 -2.694905275037461 -0.9177077592507126 0.0 0.0 
r 1.2633933812809404 -0.8413431903171269 -0.276523119165919 -2.696327701361283 -0.9317085171959771 0.0 0.0 
r 1.2474789949166394 -0.856894355378494 -0.2825227911831702 -2.6826480867754094 -0.9041222550067185 0.0 0.0 
r 1.2245301572784117 -0.8408470243080591 -0.31229140267496386 -2.6202151900954336 -0.9076671152184426 0.0 0.0 
r 1.226951304792169 -0.8492328826963397 -0.3051995752202438 -2.6723895723468787 -0.9313579230068216 0.0 0.0 
r 1.226432179485304 -0.8527112499778763 -0.3036604027394479 -2.5940804468254828 -0.9873185077349917 0.0 0.0 
r 1.227428823904497 -0.8556858924890721 -0.3010604731003701 -2.752005457827069 -1.0365499504454858 0.0 0.0 
r 1.2082068284371648 -0.8552506509034382 -0.318520537370527 -2.8787460787756265 -1.0892967249884369 0.0 0.0 
r 1.2108154612146707 -0.8643996638005046 -0.31075424198539414 -0.5734286527424366 -1.1763442600556908 0.0 0.0 
r 1.2140693002747842 -0.8459158812100019 -0.31882810571260894 -1.33377225904742 -1.2457601477209446 0.0 0.0 
r 1.2025054107648074 -0.8576880630925212 -0.32215416373375144 -1.6607593614525524 1.8717167551329668 0.0 0.0 
r 1.1917347848327229 -0.8625569131715589 -0.3287727185717254 -2.036947351618794 1.8238872929692014 0.0 0.0 
r 1.1935483207187008 -0.8617185995829715 -0.327677565378635 -2.129199013785434 1.775294612771694 0.0 0.0 
r 1.2303144003920845 -0.8611833839696881 -0.2953739763561012 -2.3391639843215026 1.7002446381654228 0.0 0.0 
r 1.2252500469179923 -0.8614877317874385 -0.29968283000700974 -2.3403609080856027 1.63622913565641 0.0 0.0 
r 1.2156055262243497 -0.8530295715604856 -0.3132015625982885 -2.3802205374604295 1.6260165830642161 0.0 0.0 
r 1.2148616008640918 -0.8349557686050312 -0.3247174968335404 -2.4215688722520294 1.5703346500126676 0.0 0.0 
r 1.203631230442055 -0.8514126874863183 -0.32496234544184177 -2.430939508729947 1.5479342045279785 0.0 0.0 
r 1.1923969710121398 -0.8846179450700866 -0.314749776662336 -2.3964018879283557 1.5148990011936203 0.0 0.0 
r 1.1069185284674323 -0.9540300079117161 -0.34087641732044877 -2.2534599720861035 1.5243637171101267 0.0 0.0 
r 1.1219221019604144 -0.9605875621178799 -0.32486379635770035 -2.267943347399867 1.4826129879667982 0.0 0.0 
r 1.084078081036262 -1.0720066657971095 -0.28065286105784865 -2.1026061899757034 1.4472312345933602 0.0 0.0 
r 1.1054683031042658 -1.0569087312881291 -0.27618057198631996 -2.2000752943430517 1.384889031973371 0.0 0.0 
r 1.2112467972949221 -1.0620174224730419 -0.20666116233792878 -1.846453798868062 1.3178275073608574 0.0 0.0 
r 1.1918110464398937 -1.0553626394488829 -0.22189186981594075 -1.8603742650327517 1.2781998673861164 0.0 0.0 
r 1.1705758930002015 -1.0979929771302281 -0.21310498557235533 -1.8555680479748995 1.2462296743097727 0.0 0.0 
r 1.2224587661527528 -1.0904977561903773 -0.18698527933696396 -1.897385653553376 1.2250659521940328 0.0 0.0 
r 1.2632085083570654 -1.0679636819134912 -0.17296820039101665 -1.9313223888825342 1.2178001035293649 0.0 0.0 
r 1.2989631004616717 -1.0583916810434426 -0.15552652484751464 -1.962588960105233 1.1986665303890056 0.0 0.0 
r 1.2751209471591185 -1.0544735239464917 -0.171227269182819 -1.9276897498508034 1.2369865119967483 0.0 0.0 
r 1.256854776184814 -1.0675348513029441 -0.17688227212693694 -1.8825152742733138 1.3108333880011092 0.0 0.0 
r 1.2316711746146611 -1.0992564303575407 -0.17796733116075106 -1.8741334093814246 1.278631587480665 0.0 0.0 
r 1.2203838568570329 -1.0901059329375038 -0.18834292873881403 -2.0884195379510637 1.567690141348161 0.0 0.0 
r 1.2930226098637012 -0.8869098392218553 -0.2283701837529551 -2.480949992170334 1.6383066780678395 0.0 0.0 
r 1.2621466489596753 -0.9364019360363001 -0.2304549093150258 -1.6121993264896637 1.7938676979559425 0.0 0.0 
r 1.235590301225065 -0.9022265260970981 -0.26852742893258685 -0.3005693254646344 -1.1986852717771903 0.0 0.0 
r 1.2373581166196232 -0.926929389905977 -0.25434585495498074 -1.6277694605651507 1.7596810356739172 0.0 0.0 
r 1.2346628629011123 -0.9471372035122776 -0.24626722490744618 -2.9647331245434145 -1.1188616893878713 0.0 0.0 
r 1.2001504079431426 -0.914495149286491 -0.2908170092228365 -2.8117152787692445 -1.0512319187942194 0.0 0.0 
r 1.1918428926242215 -0.9139920743548299 -0.2978761858453877 -2.632509847275667 -0.9926581304492954 0.0 0.0 
r 1.1725140304918487 -0.9031232478005684 -0.3203393116299995 -2.666808937528515 -0.9399116929980444 0.0 0.0 
r 1.1810086391035048 -0.8717013037728725 -0.3325555166436147 -2.7278692474428246 -0.9077038498934331 0.0 0.0 
r 1.1863073365130767 -0.8495773733933908 -0.34179619563983715 -2.5603242868969205 -0.8403678428942458 0.0 0.0 
r 1.1781021299651433 -0.8438538905108767 -0.3529782975512838 -2.612281897924926 -0.8115022116749406 0.0 0.0 
r 1.1730914167587667 -0.8411199207532005 -0.3593856341861534 -2.527801229916691 -0.786911099054145 0.0 0.0 
r 1.1497411490597607 -0.866869451707847 -0.36334414573072477 -2.581830655018625 -0.7784493824278182 0.0 0.0 
r 1.1328001202488007 -0.8670510844387411 -0.3783329351655089 -2.6067721995331397 -0.76990847607686 0.0 0.0 
r 1.1390212362650185 -0.8526120778666313 -0.3827885728021527 -2.5625727733662673 -0.762559390992684 0.0 0.0 
r 1.1347893208141941 -0.8549372446729315 -0.38501122623939826 -2.6107751455476658 -0.7825080855046775 0.0 0.0 
r 1.1389408063511968 -0.8658965954627493 -0.3736433634261396 -2.7588377733374543 -0.8714972446789018 0.0 0.0 
r 1.1411054109623084 -0.8674481626321429 -0.3706458171072637 -2.601373414288245 -0.9223267841296541 0.0 0.0 
r 1.1450100532382557 -0.8730016110869618 -0.3634066608062594 -2.9695613173564217 -0.9778394007371225 0.0 0.0 
r 1.16332064231019 -0.8632163325798492 -0.35366613643669925 0.09552356114919763 -1.0495194326513226 0.0 0.0 
r 1.1604810536511936 -0.8661804140603544 -0.35424488117310504 -0.5750712510381861 -1.1154699184947807 0.0 0.0 
r 1.162114965447812 -0.8605714797142145 -0.3564897825070159 -1.3185905276668088 -1.1963457530442492 0.0 0.0 
r 1.1549733071150723 -0.876456894140424 -0.35233618265815264 -1.7191384844941353 1.8768867944947152 0.0 0.0 
r 1.1513749379594838 -0.8927332565738542 -0.3447929226727598 -2.043489413690198 1.7856057233501772 0.0 0.0 
r 1.1440259306971945 -0.899992713138113 -0.3463054725738054 -2.2984522775082734 1.7058804138593868 0.0 0.0 
r 1.144438052483165 -0.9128122762913597 -0.3376169852218562 -2.2345809353202193 1.6222905823190714 0.0 0.0 
