r -0.8113355152433824 0.8696877934029683 -0.6756494743840059 -0.04508007077085646 2.179248661194235 0.0 0.0 
r -0.836937250527663 0.837746530844346 -0.6820667901294777 -0.8321996318810101 2.2053994285975906 0.0 0.0 
r -0.8510439787367011 0.823421452496507 -0.6822426201451808 0.46011957025135103 2.161745855652664 0.0 0.0 
r -0.8527958066694636 0.827920919213277 -0.6761023255584924 0.4727783310951535 2.164902819934036 0.0 0.0 
r -0.8300327925549222 0.8536756477263265 -0.6731679105612156 0.4371034188641533 2.1553876291738625 0.0 0.0 
r -0.8431196461843012 0.8486998534695259 -0.6652498211253096 -0.059463061319891264 2.1912460319309948 0.0 0.0 
r -0.8677319416854691 0.8476508729796827 -0.642271271237551 -0.17171611252982982 2.1667478869254815 0.0 0.0 
r -0.893776715367607 0.8650187670137048 -0.6005613063680885 -0.3595361976631907 2.128343041363472 0.0 0.0 
r -0.8598606279956607 0.8905327849275482 -0.6085480296634904 1.9043212357199308 2.127026058875407 0.0 0.0 
r -0.8510683242869139 0.884945109232952 -0.6222990329498359 1.291253510404858 2.1220654534545624 0.0 0.0 
r -0.8663243195820677 0.8850252182234998 -0.6076876378067416 1.8231554994141905 2.052895302216989 0.0 0.0 
r -0.8562850760995641 0.8938529417419275 -0.6087509559944468 1.5635075816821653 2.063704936458636 0.0 0.0 
r -0.896865726992273 0.8700307558457963 -0.5928959066619337 1.6491480817102595 2.0574664081311758 0.0 0.0 
r -0.9139872027154348 0.8674159846278833 -0.5790953701335568 2.049846170382267 2.0374997533954122 0.0 0.0 
r -0.8618326864331285 0.9267285039497823 -0.572185324634925 1.4992092016667435 2.061804192783174 0.0 0.0 
r -0.8385377081966038 0.9580326893936679 -0.5636376698128943 1.629407488805713 2.0053808529794876 0.0 0.0 
r -0.8664948111339179 0.95340873948648 -0.5427993015893503 -0.9962393415113653 1.9901531684198996 0.0 0.0 
r -0.8893654040171014 0.944231427242048 -0.530863921531097 1.9821490664267414 1.973340624481366 0.0 0.0 
r -0.8920768044229348 0.9424970238809149 -0.5300365320320306 -0.9477454893395154 1.932972177028911 0.0 0.0 
r -0.891203201749429 0.9504695602938544 -0.5235078615234484 -0.8774213912104654 1.9057455469510765 0.0 0.0 
r -0.9685342739590993 0.8994761812758847 -0.49986250492056306 -0.8480145117774285 1.9567194918381206 0.0 0.0 
r -1.0157015455013008 0.8642846835061682 -0.4867927321066985 2.2455877206751857 1.906349995205781 0.0 0.0 
r -1.0117107562568108 0.8807986780780578 -0.4766741435984822 -0.6061210808429236 1.8758210800371051 0.0 0.0 
r -1.000060814280178 0.90563146740425 -0.4665227933559252 -0.7934501646021994 1.8139875858698378 0.0 0.0 
r -0.9548508799717115 0.9439568033245279 -0.4737188179305133 -0.6214803739469759 1.8057358715340235 0.0 0.0 
r -0.9296592681814968 0.9649084863291413 -0.4771998982927362 -0.8331774634906217 1.7375265612500193 0.0 0.0 
r -0.9720334414272976 0.9621833541797817 -0.4438403237535127 -0.6853605873470585 1.6981162755667325 0.0 0.0 
r -0.9639482023195751 0.9818580869747552 -0.4342408660034772 -0.6770683999419298 1.6389987822699323 0.0 0.0 
r -0.9816629784363002 0.9980212857409588 -0.4069258611312386 -0.5955429949509266 1.5313648137981548 0.0 0.0 
r -0.9692466034447037 1.001716501204331 -0.4137353152380246 -0.6059745406375163 1.530028970029285 0.0 0.0 
r -0.9941261041639463 0.9954872253011258 -0.3991461515927286 -0.5629081253816801 1.4893625389122356 0.0 0.0 
r -0.9722557373278499 1.0253908822832583 -0.39237705369948317 -0.6543826042874528 1.4547816474629234 0.0 0.0 
r -0.9905501021760964 1.0333552623583253 -0.37243027275830676 -0.7315046293975864 1.4551724808755782 0.0 0.0 
r -0.9907147690549912 1.0470163199068572 -0.3618245569469139 -0.6069078538614163 1.4574694194177802 0.0 0.0 
r -0.9758324341418886 1.0629393169419772 -0.36022064570525597 -0.6470690567263888 1.4777131481749866 0.0 0.0 
r -0.9958304474818617 1.0854134842551741 -0.32935132377835563 -0.08037607959341259 1.5343932013016999 0.0 0.0 
r -1.0137453211503749 1.1070225996220322 -0.30199424891715765 -0.18398766483966916 1.6089864137437182 0.0 0.0 
r -1.0222266943349247 1.1176117484694732 -0.2892698603960309 -0.09612581939012893 1.6988998415376142 0.0 0.0 
r -1.0116152709883268 1.1248251483488243 -0.29071972446243544 0.45631076036485957 1.8202850450937147 0.0 0.0 
r -0.9883931819392054 1.1885699747331042 -0.2588199374310237 1.6120303165840888 -1.2248505432355166 0.0 0.0 
r -0.9602053937515176 1.2158926869890558 -0.2537519220049235 1.980538798732688 -1.1027883602673978 0.0 0.0 
r -0.9299319549949475 1.1745003444448403 -0.30252489432192425 0.7795827173118488 -1.158220252544593 0.0 0.0 
r -0.8724735966183389 1.1925150469780958 -0.32199535626590964 -0.8881861754599623 -0.8580942131171438 0.0 0.0 
r -0.8292764335358521 1.2026779766392968 -0.3395717541555012 -0.84116847190952 -0.7902155412919412 0.0 0.0 
r -0.8010864605273728 1.2149348228279773 -0.34573468170962335 -0.816424652278485 -0.7387947985285341 0.0 0.0 
r -0.7502178348455493 1.2227556665568349 -0.371230388895909 -0.8369195787105423 -0.6598149017833854 0.0 0.0 
r -0.7148945360664213 1.245251037272073 -0.37086151328180667 -0.7738799668119454 -0.6802507784398724 0.0 0.0 
r -0.693498922246625 1.262342353493775 -0.36603911992722404 -0.7768769521597993 -0.6861190682434551 0.0 0.0 
r -0.6804548293671075 1.2671012708663807 -0.3694067399069778 -0.8252817348781079 -0.7306911263460425 0.0 0.0 
r -0.6801315106970822 1.2580544223849288 -0.38029518736868057 -0.7847381763286672 -0.7409430069231473 0.0 0.0 
r -0.685193886174353 1.2437679560549102 -0.39340505746607374 -0.7844381449483888 -0.8076681322324655 0.0 0.0 
r -0.689557428086833 1.236569615492527 -0.39858175065915263 -0.6691475590492066 -0.9380407239239741 0.0 0.0 
r -0.6824976094146288 1.2275117289083364 -0.4143053587451805 -0.8690052915014372 -0.9718393727111864 0.0 0.0 
r -0.6867022706970726 1.2196182693295474 -0.4202651707721445 1.6104578960290963 -1.0602659629825486 0.0 0.0 
r -0.7289206198820101 1.1989630861502785 -0.41174936012396357 0.6151049276653546 -1.1471765435029133 0.0 0.0 
r -0.7387075972603113 1.1999742471532229 -0.40349912926826265 -0.4256769549514638 1.857148162797933 0.0 0.0 
r -0.7382190281741424 1.2754638058340242 -0.322693106287449 -0.6789092549238536 1.7349528915632515 0.0 0.0 
r -0.822140745011961 1.2266962583140706 -0.32140107219871056 -0.6686485437390663 1.5651889529372915 0.0 0.0 
r -0.8269128356711362 1.211818428928863 -0.33248707136538774 -0.620215008471328 1.4898478984911108 0.0 0.0 
r -0.8797835671538635 1.2038002466059106 -0.3078183065676489 -0.5392910513323308 1.3861869768489825 0.0 0.0 
r -0.9445565773801541 1.1897443509006145 -0.28207883592568495 -0.388917472040656 1.288463035317632 0.0 0.0 
r -0.9772586848220516 1.1781388314842578 -0.27248327660439897 0.18684981750144908 1.252596223539475 0.0 0.0 
r -0.9674090110673148 1.1669962043550544 -0.28635506782322867 0.18564241920769708 1.1678059213621714 0.0 0.0 
r -0.9866475777163068 1.1510396406109125 -0.2869024894379461 0.21191279485867826 1.171056607625747 0.0 0.0 
r -1.0049885088267896 1.135434081888605 -0.2872204903527167 0.23833473052568382 1.1711007393668278 0.0 0.0 
r -1.0125071701324653 1.1278570785346267 -0.2880409798950155 0.24304950986035007 1.1524469436930578 0.0 0.0 
r -1.0205515979359379 1.1243413585853657 -0.2856197936403491 0.2609989865092979 1.1543621230624093 0.0 0.0 
r -1.0334871383276232 1.1135892175957267 -0.28512180438456247 0.27488642562535653 1.1383518059464008 0.0 0.0 
r -1.0358647956827365 1.1031091909962114 -0.2907947776243996 0.23044172472933894 1.1572007626495124 0.0 0.0 
r -1.038100324559293 1.0902574346920955 -0.2981652492326772 0.2525570144067461 1.172742121154374 0.0 0.0 
r -1.0384189961427768 1.0848804100092344 -0.3016482291391511 0.2609501452034709 1.1771228103125173 0.0 0.0 
r -1.0272623045217695 1.0941575556599816 -0.3024282342529434 0.25821393258850894 1.184950214575012 0.0 0.0 
r -1.0412288314889466 1.1048073707151271 -0.28629582813872284 0.30004590935347947 1.1834298164038837 0.0 0.0 
r -1.053866209032527 1.1119827745630473 -0.27376841454913275 0.34965762306432396 1.2458731048276732 0.0 0.0 
r -1.0492013681564454 1.1225562637805302 -0.2696269080596229 0.3923656529692559 1.3894614565078136 0.0 0.0 
r -1.0433999176261564 1.1377985791299186 -0.26299255136367333 0.41466884162548096 1.4880252350361636 0.0 0.0 
r -1.0300944325347952 1.1546129092915258 -0.25939267506389635 0.37736113213531836 1.711250050893639 0.0 0.0 
r -1.0087721280883397 1.1833656038212552 -0.25153890223967024 0.3907301232483595 1.777273347963554 0.0 0.0 
r -1.0033044274411542 1.1860828663749095 -0.2525785094421792 1.7731349218389878 -1.2547965689328997 0.0 0.0 
r -0.981411435116603 1.2027640540231275 -0.2523419304029308 1.8939225427781776 -1.2043687753377472 0.0 0.0 
r -0.9796993946595806 1.1962293706210958 -0.257966301161488 2.0620264293816595 -1.1279264067503516 0.0 0.0 
r -1.0031739764443421 1.1607365243431076 -0.2703867199713193 1.803409980954022 -1.1002024754700126 0.0 0.0 
r -0.9841236148196801 1.1549884992419843 -0.28550284018159044 1.9135201227465053 -1.045447331046166 0.0 0.0 
r -0.951310607260793 1.1784449262758507 -0.28695430866254085 2.177722114116638 -0.9860593295556279 0.0 0.0 
r -0.9191061992623382 1.1794122277658128 -0.30499561256126384 -0.9041747284132895 -0.9101805139001329 0.0 0.0 
r -0.9203618273783702 1.1740283728235739 -0.3086179746366892 -0.8222095566461667 -0.8343179629426645 0.0 0.0 
r -0.9120063805701871 1.176121615883473 -0.31193661366201625 -0.8057073916979673 -0.7975384062461297 0.0 0.0 
r -0.9125598493932083 1.168279664548695 -0.31805773433229173 -0.7394169895964695 -0.7857980684589883 0.0 0.0 
r -0.925768966448595 1.1392761435470142 -0.33350519963110314 -0.7261614532971408 -0.8027549287171554 0.0 0.0 
r -0.9139960650139186 1.1440013681951322 -0.33721462303638977 -0.7334222432046662 -0.7660358258582625 0.0 0.0 
r -0.9010962027633566 1.151519853986763 -0.3392508030878816 -0.6559047866306418 -0.7668217119288849 0.0 0.0 
r -0.8857606715650728 1.1597402722783718 -0.34212578839212676 -0.7686730990010437 -0.7961501802346682 0.0 0.0 
r -0.8704476555836229 1.159718339360461 -0.35211283965739654 -0.7520779018482426 -0.8097264520773277 0.0 0.0 
r -0.8652117978778523 1.161524399050455 -0.35395457225784416 -0.811529643686635 -0.8651041424397288 0.0 0.0 
r -0.9099207325130542 1.1508400765883238 -0.33415439866454505 2.046771275472843 -0.918948572222344 0.0 0.0 
r -0.8851083589037946 1.1569826368619773 -0.34492937537938817 2.0452938243053738 -0.9742027604028164 0.0 0.0 
r -0.8816297459339725 1.1528831609401602 -0.35075715253524825 1.733396356045385 -1.0518887172813947 0.0 0.0 
r -0.8874864685299244 1.153239935019658 -0.3466118207474942 1.0886822320471135 -1.1387761828508458 0.0 0.0 
r -0.7535360534048057 1.234441079937062 -0.3567204484190982 0.5049643492172706 -1.2059720655288277 0.0 0.0 
r -0.802836252294013 1.2046788616733646 -0.3546081263712543 -0.10993621663554692 1.8056797984077488 0.0 0.0 
r -0.822317745916129 1.19549301463038 -0.3507771818971817 -0.10508382234186037 1.7542516588322217 0.0 0.0 
r -0.8276876119664422 1.2081974199569228 -0.3354004924773471 -0.28710434485238995 1.651222252552312 0.0 0.0 
r -0.8458316707034311 1.1997653642475257 -0.33190545640002833 -0.24677323422878844 1.5849515921438189 0.0 0.0 
r -0.8568411925760886 1.1973490258632657 -0.3272873807857885 -0.2970193174932209 1.5043038211364317 0.0 0.0 
r -0.8746059972955778 1.1897139164670893 -0.3231394826337125 -0.31440463364316257 1.434526966791362 0.0 0.0 
r -0.9296828895347945 1.1655314206635836 -0.3098500587502166 -0.30779861265540326 1.366184512993317 0.0 0.0 
r -0.9324316309679316 1.1745318233166115 -0.3010185665732024 -0.22886438957049166 1.37629011185446 0.0 0.0 
r -0.9345954993748726 1.1761446032492222 -0.29846226966509976 -0.28275600931203354 1.3130969606776262 0.0 0.0 
r -0.9839230235317006 1.1559007801645598 -0.28495313484698287 -0.27364972910843105 1.28360964947196 0.0 0.0 
r -1.0076228134695848 1.1474554527100953 -0.2771678344408785 -0.27864857132443716 1.2571401053649942 0.0 0.0 
r -0.9863083794891803 1.167697238419961 -0.2749927618908502 -0.29404560148473274 1.2570881672871352 0.0 0.0 
r -1.0101158830770558 1.1629410646906015 -0.26492721930605484 0.21213376133696532 1.1937249616045729 0.0 0.0 
r -0.9980349905148336 1.1665210755045865 -0.2692054508519342 0.21106531259469702 1.1912339165330499 0.0 0.0 
r -0.983879986236632 1.1768135367291097 -0.2697543960668329 0.189262525916506 1.174805501119237 0.0 0.0 
r -0.9928070917385069 1.1757190158317825 -0.26558440257712235 -0.2706959858108539 1.3056480364735217 0.0 0.0 
r -1.0047494356196391 1.1740752331836206 -0.2601597769777485 -0.17222325506659514 1.365514855257814 0.0 0.0 
r -1.014940527584115 1.1725498457979913 -0.25563444923594913 -0.07386793146910636 1.408426845001209 0.0 0.0 
r -1.0290463145318183 1.1740219740627986 -0.24700724190779758 -0.1129281421572304 1.4945900389483764 0.0 0.0 
r -1.0349379747476302 1.1831537372366472 -0.23786520384524218 -0.012695789936936819 1.5584992179721755 0.0 0.0 
r -1.0391383515659864 1.180336046788055 -0.23750789139465905 0.10859840108970847 1.6271151748004002 0.0 0.0 
r -1.0430240692638437 1.1781938435171333 -0.2368596882624875 0.07097309183089534 1.6910898678894606 0.0 0.0 
r -1.055338923669886 1.1836169802579226 -0.2270326454401025 0.4591953139822343 1.7437075296795124 0.0 0.0 
r -1.0733172973399918 1.1767114922974922 -0.22208910884339758 0.8366745586912507 -1.337374420687741 0.0 0.0 
r -1.0680495147357958 1.177846093444391 -0.22409890430381388 1.7456300363680854 -1.2676397519219338 0.0 0.0 
r -1.036188454917339 1.1922011169914597 -0.23132147321197002 -0.8011543005542885 -1.205938456968275 0.0 0.0 
r -1.0110618699171359 1.1986470885120195 -0.23986887418951675 -0.6634414922165115 -1.113118759264201 0.0 0.0 
r -0.9879582203590175 1.2128659601860043 -0.2417577122851678 -0.652262278229754 -1.0703039454416834 0.0 0.0 
r -0.9652622153277637 1.2127223932479905 -0.253486908591136 -0.8177530480675992 -1.009398232227297 0.0 0.0 
r -0.9683867684507211 1.1983200273764771 -0.26248737001670747 -0.7250712282646754 -0.9864070062800336 0.0 0.0 
r -0.9483474214368144 1.2015949593908475 -0.27085267474771146 -0.5686627906583095 -0.9479221245881594 0.0 0.0 
r -0.9342418266861215 1.1904862972732986 -0.2873347111123153 -0.6303822447325573 -0.9151722289452076 0.0 0.0 
r -0.9399611954871857 1.1701106777879011 -0.3000548687864785 -0.6657282208012583 -0.9430981843311019 0.0 0.0 
r -0.9479349951077738 1.1472867302481475 -0.31312202656160804 -0.6647944882755952 -0.9013417095530588 0.0 0.0 
r -0.9350462000608295 1.1482431015825247 -0.3203831413844833 -0.7457195448594052 -0.9319079376142358 0.0 0.0 
r -0.9082283674574805 1.1612203787155746 -0.32658898893341426 -0.759244264929239 -0.9495395529799177 0.0 0.0 
r -0.8963837569224781 1.1653313033936756 -0.330576376017242 -0.8830897466950007 -0.9899494301965024 0.0 0.0 
r -0.8947243233556568 1.1684141140315498 -0.32900484649509987 2.0597943965276 -1.1105159456693243 0.0 0.0 
r -0.8948836572960207 1.1682311781139734 -0.3290602390706133 1.2605959373731357 -1.1715774553602518 0.0 0.0 
r -0.9007710728771565 1.1685327685610718 -0.3251305063925584 0.5890124426900227 1.8945991018933723 0.0 0.0 
r -0.8810777586996735 1.1913015119022425 -0.31782539158359313 0.14903153994654822 1.8294571840823475 0.0 0.0 
r -0.8663227054476601 1.2120037289292465 -0.3085759550780097 -0.1762573748626886 1.758046864707571 0.0 0.0 
r -0.8824919700939493 1.1980558223874322 -0.3111620179976016 -0.12759079034832005 1.7151339841378985 0.0 0.0 
r -0.89686194589327 1.1917139670527734 -0.3080263236303788 -0.2705599615018978 1.6342970247004236 0.0 0.0 
r -0.8984735879333463 1.196619664958051 -0.30296366095218574 -0.2982716719677136 1.5693866621846737 0.0 0.0 
r -0.9025078815209561 1.1958762450960325 -0.30122988476286183 -0.354383592735008 1.5132856263557168 0.0 0.0 
r -0.9410470907232756 1.1981377990553053 -0.2775271615603557 -0.21165848782554458 1.4479861786935222 0.0 0.0 
r -0.9749210665526479 1.2042345510171681 -0.2546778899904374 -0.2400970539646225 1.3851872240119518 0.0 0.0 
r -1.0110670733014595 1.199354947751161 -0.23938402651189603 -0.23038629857381315 1.3194462029838758 0.0 0.0 
r -1.0004632447777595 1.1915097841633562 -0.2503063142892363 -0.25688998277053604 1.3115297088502713 0.0 0.0 
r -1.0165952027829908 1.189605343216493 -0.24314425022987138 -0.26106408947259513 1.291103819321162 0.0 0.0 
r -1.025261888970919 1.196083324015471 -0.23433568575016156 -0.23505985869059692 1.3119068663471276 0.0 0.0 
r -1.0292666824460925 1.2000564468460122 -0.22968965433813623 -0.233358315982458 1.3315120199097752 0.0 0.0 
r -1.035348087389554 1.1919369876398003 -0.2319213298093626 -0.23956382336923993 1.3368954469059762 0.0 0.0 
r -1.054499344257913 1.1707065385380213 -0.23560253448184618 -0.05397023297530795 1.4215269290421637 0.0 0.0 
r -1.0447420050286658 1.174739967374606 -0.23818265217314968 -0.09205719475324253 1.428755819783827 0.0 0.0 
r -1.0325402077074852 1.1887596133893341 -0.23543642299046116 -0.11153422300688148 1.467095575131774 0.0 0.0 
r -1.0293548500306904 1.204973737165805 -0.22642145893489393 0.035891286983312065 1.5313429831007395 0.0 0.0 
r -1.0177375878604888 1.2160162162195691 -0.22482377216778493 0.11808708059321199 1.560930151282629 0.0 0.0 
r -1.0120832615606816 1.2183189795893918 -0.22602777901693144 0.028851568785061843 1.632449107585161 0.0 0.0 
r -0.9729757725721687 1.2316552302014394 -0.23574964730792028 0.09462053216952698 1.6868652565288285 0.0 0.0 
r -0.9752264365395606 1.2240330684025604 -0.24015394095318351 0.18449373632320643 1.7480683986800458 0.0 0.0 
r -0.9653529635757305 1.2189169950523717 -0.24886425037138143 0.564800372483357 1.8059086296778577 0.0 0.0 
r -0.974594868096592 1.2082551624728235 -0.25191995420283975 1.0801355502038452 -1.277980430794805 0.0 0.0 
r -0.9814026268480018 1.1973904241878255 -0.2562209147545897 1.667158865498986 -1.2326162260835483 0.0 0.0 
r -0.9677970168349889 1.1887217740353593 -0.26992083781177106 1.996608021545731 -1.1818027570533807 0.0 0.0 
r -0.9724188534409689 1.1776106215766278 -0.2755865503404158 1.6262387636349456 -1.1677989904492312 0.0 0.0 
r -0.950047714647169 1.186941481386502 -0.2811474034482612 -0.82821121176001 -1.0877250037877406 0.0 0.0 
r -0.933538264717843 1.1928429485655854 -0.28587514278274156 2.1613705514049633 -1.08288493096071 0.0 0.0 
r -0.9199870800618907 1.1989494080104635 -0.2886746549152453 -0.6161026700268486 -1.069448967366483 0.0 0.0 
r -0.9044612088989606 1.206528491647577 -0.29127821962759637 -0.7548838632944843 -1.071791077352982 0.0 0.0 
r -0.8906032599080229 1.2114112801936785 -0.29506280191237894 -0.5838881914558918 -1.0703973570484475 0.0 0.0 
r -0.8962730674403638 1.2123603530794302 -0.29105391306063266 -0.49184620008008756 -1.0939619021357099 0.0 0.0 
r -0.9060410837239907 1.2062826437674343 -0.29058727559809727 -0.843696818450598 -1.1116950725898955 0.0 0.0 
r -0.9060267436538675 1.203963811788566 -0.2925071062675761 -0.90953506311044 -1.1121320059345692 0.0 0.0 
r -0.9106578575219852 1.1907998568853753 -0.3006710156568849 -0.8003732216564117 -1.135100944369276 0.0 0.0 
r -0.9113409232788994 1.1785314618045966 -0.3103537307415877 1.4943076240877762 -1.1799329371603218 0.0 0.0 
r -0.9134221422523358 1.1692548522379922 -0.3167262972883398 0.7119635852390311 -1.247691512864232 0.0 0.0 
r -0.9207779615462686 1.156270800637428 -0.3228178243218044 0.34629533537330254 1.8552347964992393 0.0 0.0 
r -0.9264202279703256 1.1400084969211992 -0.33249047022319406 0.009602147330213084 1.805084823067097 0.0 0.0 
r -0.9290509484146652 1.1383383629859167 -0.3321553309217962 -0.1185839031701415 1.7415315040803894 0.0 0.0 
r -0.9220240069207079 1.1512788283422841 -0.3261092434939771 -0.17660698587340012 1.6913322242774367 0.0 0.0 
r -0.9152148133189529 1.1747805777935774 -0.3111020065614385 -0.2700716464845742 1.6152680334596383 0.0 0.0 
r -0.8797879956583515 1.251122179180125 -0.26722309542929423 -0.4264397570163008 1.5157807104277883 0.0 0.0 
r -0.9026478998154783 1.2286196440725219 -0.27404641986166917 -0.39307993932311286 1.473476484120963 0.0 0.0 
r -0.912848304068546 1.235093798030757 -0.2633805457467002 -0.44340519155728314 1.4230901062138115 0.0 0.0 
r -0.9216616024007158 1.223757156220894 -0.26785925473965727 -0.39432624635232755 1.400232701250963 0.0 0.0 
r -0.9248350344668518 1.2332036372245878 -0.2586951663310465 -0.36310539617044574 1.4068491149375841 0.0 0.0 
r -0.9275324909750816 1.2401964946265371 -0.2518084709284521 -0.3845541040349552 1.4116739230212045 0.0 0.0 
r -0.931419540305404 1.2369325694617814 -0.2524070229723217 -0.3788307412268423 1.440114050387769 0.0 0.0 
r -0.9466218538461757 1.2274187677422566 -0.252036364888104 -0.417289611934982 1.4304072037936884 0.0 0.0 
r -0.9524069002749124 1.2126076721730303 -0.26029077370814085 -0.39913337449274283 1.4467402891787802 0.0 0.0 
r -0.9563761648748207 1.1938476137597351 -0.2723594635964366 -0.2948066252410066 1.466305043481122 0.0 0.0 
r -0.9699681243376036 1.176348335363552 -0.27790544388563954 -0.24801522954232874 1.5157614112246383 0.0 0.0 
r -0.9621721622509714 1.1895001865674235 -0.2724409111852027 -0.2346163416958394 1.5301269516484866 0.0 0.0 
r -0.9682941156020974 1.2013735422533047 -0.260280605744826 -0.3186232130656474 1.531306897324929 0.0 0.0 
r -0.966227200678523 1.2241006621192987 -0.24460374989646655 -0.13427079141149306 1.5958340305726635 0.0 0.0 
r -0.9611047364077301 1.2444203315797955 -0.23215265812843547 0.012252844408636332 1.6619488374093134 0.0 0.0 
r -0.9556212491469779 1.2474173222930727 -0.23254479568965636 -0.16537964814393696 1.6898790434201012 0.0 0.0 
r -0.9541057958219703 1.2479201183456798 -0.2328912505282338 0.28443303209253684 1.762794196253688 0.0 0.0 
r -0.9579842873630976 1.2223771065109248 -0.2500520526209623 1.1382937481538533 -1.279272257538563 0.0 0.0 
r -0.882048946554045 1.2081405523358533 -0.30276242274020654 2.130885460320613 -1.1462559805706358 0.0 0.0 
r -0.8750121228091168 1.2109550596452168 -0.30441956655521274 -0.4922703267552219 -1.0706687139657753 0.0 0.0 
r -0.8616159489377346 1.2170575680035314 -0.3068641249941175 -0.4714035864750545 -1.018578011226224 0.0 0.0 
r -0.8551378858137872 1.2530916299136605 -0.27847329493885054 -0.5943420319486665 -0.9824788144429463 0.0 0.0 
r -0.818297011599362 1.2477325344564214 -0.30375802783788264 -0.628875728981678 -0.9177077592507126 0.0 0.0 
r -0.8413431903171269 1.2633933812809404 -0.276523119165919 -0.5915911297632157 -0.9317085171959771 0.0 0.0 
r -0.856894355378494 1.2474789949166394 -0.2825227911831702 -0.5782747364802763 -0.9041222550067185 0.0 0.0 
r -0.8408470243080591 1.2245301572784117 -0.31229140267496386 -0.5548380085089626 -0.9076671152184426 0.0 0.0 
r -0.8492328826963397 1.226951304792169 -0.3051995752202438 -0.5962053848583702 -0.9313579230068216 0.0 0.0 
r -0.8527112499778763 1.226432179485304 -0.3036604027394479 -0.5149370173623027 -0.9873185077349917 0.0 0.0 
r -0.8556858924890721 1.227428823904497 -0.3010604731003701 -0.6688907414335004 -1.0365499504454858 0.0 0.0 
r -0.8552506509034382 1.2082068284371648 -0.318520537370527 -0.8152885994350236 -1.0892967249884369 0.0 0.0 
r -0.8643996638005046 1.2108154612146707 -0.31075424198539414 1.5017864722727385 -1.1763442600556908 0.0 0.0 
r -0.8459158812100019 1.2140693002747842 -0.31882810571260894 0.7262129224373661 -1.2457601477209446 0.0 0.0 
r -0.8576880630925212 1.2025054107648074 -0.32215416373375144 0.3994341124047763 1.8717167551329668 0.0 0.0 
r -0.8625569131715589 1.1917347848327229 -0.3287727185717254 0.017344346385487597 1.8238872929692014 0.0 0.0 
r -0.8617185995829715 1.1935483207187008 -0.327677565378635 -0.07393209348376167 1.775294612771694 0.0 0.0 
r -0.8611833839696881 1.2303144003920845 -0.2953739763561012 -0.2476661999597301 1.7002446381654228 0.0 0.0 
r -0.8614877317874385 1.2252500469179923 -0.29968283000700974 -0.2536231293801721 1.63622913565641 0.0 0.0 
r -0.8530295715604856 1.2156055262243497 -0.3132015625982885 -0.3115854396755941 1.6260165830642161 0.0 0.0 
r -0.8349557686050312 1.2148616008640918 -0.3247174968335404 -0.3717515027829064 1.5703346500126676 0.0 0.0 
r -0.8514126874863183 1.203631230442055 -0.32496234544184177 -0.37589559080157403 1.5479342045279785 0.0 0.0 
r -0.8846179450700866 1.1923969710121398 -0.314749776662336 -0.31938697184612924 1.5148990011936203 0.0 0.0 
r -0.9540300079117161 1.1069185284674323 -0.34087641732044877 -0.19251143570695534 1.5243637171101267 0.0 0.0 
r -0.9605875621178799 1.1219221019604144 -0.32486379635770035 -0.1854336833215729 1.4826129879667982 0.0 0.0 
r -1.0720066657971095 1.084078081036262 -0.28065286105784865 0.053478556857667836 1.4472312345933602 0.0 0.0 
r -1.0569087312881291 1.1054683031042658 -0.27618057198631996 -0.03769825995065673 1.384889031973371 0.0 0.0 
r -1.0620174224730419 1.2112467972949221 -0.20666116233792878 0.4268104208999021 1.3178275073608574 0.0 0.0 
r -1.0553626394488829 1.1918110464398937 -0.22189186981594075 0.38679942085602487 1.2781998673861164 0.0 0.0 
r -1.0979929771302281 1.1705758930002015 -0.21310498557235533 0.4130008221555302 1.2462296743097727 0.0 0.0 
r -1.0904977561903773 1.2224587661527528 -0.18698527933696396 0.4155708687897541 1.2250659521940328 0.0 0.0 
r -1.0679636819134912 1.2632085083570654 -0.17296820039101665 0.39984980138802256 1.2178001035293649 0.0 0.0 
r -1.0583916810434426 1.2989631004616717 -0.15552652484751464 0.3947658213998813 1.1986665303890056 0.0 0.0 
r -1.0544735239464917 1.2751209471591185 -0.171227269182819 0.40190472125480686 1.2369865119967483 0.0 0.0 
r -1.0675348513029441 1.256854776184814 -0.17688227212693694 0.4418743532144443 1.3108333880011092 0.0 0.0 
r -1.0992564303575407 1.2316711746146611 -0.17796733116075106 0.45679419559077733 1.278631587480665 0.0 0.0 
r -1.0901059329375038 1.2203838568570329 -0.18834292873881403 0.2220702518434728 1.567690141348161 0.0 0.0 
r -0.8869098392218553 1.2930226098637012 -0.2283701837529551 -0.30101754308477763 1.6383066780678395 0.0 0.0 
r -0.9364019360363001 1.2621466489596753 -0.2304549093150258 0.5863492585063117 1.7938676979559425 0.0 0.0 
r -0.9022265260970981 1.235590301225065 -0.26852742893258685 1.8372475018575287 -1.1986852717771903 0.0 0.0 
r -0.926929389905977 1.2373581166196232 -0.25434585495498074 0.5365180459604497 1.7596810356739172 0.0 0.0 
r -0.9471372035122776 1.2346628629011123 -0.24626722490744618 -0.7829330581300251 -1.1188616893878713 0.0 0.0 
r -0.914495149286491 1.2001504079431426 -0.2908170092228365 -0.6970697215396109 -1.0512319187942194 0.0 0.0 
r -0.9139920743548299 1.1918428926242215 -0.2978761858453877 -0.5266748802966161 -0.9926581304492954 0.0 0.0 
r -0.9031232478005684 1.1725140304918487 -0.3203393116299995 -0.5911716592360978 -0.9399116929980444 0.0 0.0 
r -0.8717013037728725 1.1810086391035048 -0.3325555166436147 -0.6751593045664477 -0.9077038498934331 0.0 0.0 
r -0.8495773733933908 1.1863073365130767 -0.34179619563983715 -0.5244395769904531 -0.8403678428942458 0.0 0.0 
r -0.8438538905108767 1.1781021299651433 -0.3529782975512838 -0.5903258774489057 -0.8115022116749406 0.0 0.0 
r -0.8411199207532005 1.1730914167587667 -0.3593856341861534 -0.5135898924047242 -0.786911099054145 0.0 0.0 
r -0.866869451707847 1.1497411490597607 -0.36334414573072477 -0.5652200542510175 -0.7784493824278182 0.0 0.0 
r -0.8670510844387411 1.1328001202488007 -0.3783329351655089 -0.6069209948455978 -0.76990847607686 0.0 0.0 
r -0.8526120778666313 1.1390212362650185 -0.3827885728021527 -0.5709394592346178 -0.762559390992684 0.0 0.0 
r -0.8549372446729315 1.1347893208141941 -0.38501122623939826 -0.6210485800605405 -0.7825080855046775 0.0 0.0 
r -0.8658965954627493 1.1389408063511968 -0.3736433634261396 -0.7540003715235082 -0.8714972446789018 0.0 0.0 
r -0.8674481626321429 1.1411054109623084 -0.3706458171072637 -0.5928198406937939 -0.9223267841296541 0.0 0.0 
r -0.8730016110869618 1.1450100532382557 -0.3634066608062594 -0.9515496530312044 -0.9778394007371225 0.0 0.0 
r -0.8632163325798492 1.16332064231019 -0.35366613643669925 2.1220605360392373 -1.0495194326513226 0.0 0.0 
r -0.8661804140603544 1.1604810536511936 -0.35424488117310504 1.4515902166733616 -1.1154699184947807 0.0 0.0 
r -0.8605714797142145 1.162114965447812 -0.3564897825070159 0.7040959174952177 -1.1963457530442492 0.0 0.0 
r -0.876456894140424 1.1549733071150723 -0.35233618265815264 0.3122917167613611 1.8768867944947152 0.0 0.0 
r -0.8927332565738542 1.1513749379594838 -0.3447929226727598 0.0006187808431395436 1.7856057233501772 0.0 0.0 
r -0.899992713138113 1.1440259306971945 -0.3463054725738054 -0.25443363367296606 1.7058804138593868 0.0 0.0 
r -0.9128122762913597 1.144438052483165 -0.3376169852218562 -0.17733060654569482 1.6222905823190714 0.0 0.0 
