r -0.8269879296242892 -2.518402839698503 -2.233938157497948 1.4381284175717806 -2.2237902135297283 0.0 0.0 
r -0.8263223133264743 -2.517403926707719 -2.2343123667267477 1.4389135849410315 -2.224865994982278 0.0 0.0 
r -0.8254457292294496 -2.516038567548587 -2.2348553173280292 1.4399873624408899 -2.226472049392454 0.0 0.0 
r -0.8244887155862308 -2.514454659050818 -2.235542253900471 1.4412425315230208 -2.2285990625737373 0.0 0.0 
r -0.8235993821027556 -2.512827794667305 -2.2363376797380736 1.4425548062202171 -2.2312377864433004 0.0 0.0 
r -0.8229257618766838 -2.511348708463836 -2.2371911931147483 1.44379444956721 -2.2343771258979976 0.0 0.0 
r -0.8226021551606584 -2.510208565679577 -2.2380391535083035 1.444845586340223 -2.238007328371933 0.0 0.0 
r -0.8227356538142937 -2.5095854542598124 -2.2388050336742387 1.4456112295561316 -2.2421173895464337 0.0 0.0 
r -0.8233933230999072 -2.50962711495876 -2.2394040625439198 1.4460193323884352 -2.2466954419514114 0.0 0.0 
r -0.8246024505192153 -2.5104470968649797 -2.239746873390714 1.44602691052169 -2.2517224880823745 0.0 0.0 
r -0.8263492314656454 -2.5121168182024993 -2.2397459144425635 1.445621900112788 -2.2571719385219886 0.0 0.0 
r -0.828582827048778 -2.514662581969299 -2.239322260902831 1.4448145535985957 -2.263006917122659 0.0 0.0 
r -0.8312211112198786 -2.5180653201326955 -2.238411568798926 1.4436255436150947 -2.26917331735301 0.0 0.0 
r -0.8341600862463227 -2.5222647642045466 -2.236969363815982 1.4420929974962973 -2.275597226214729 0.0 0.0 
r -0.8372841077533195 -2.5271667763939334 -2.234974098692117 1.4402568584756081 -2.2821877173333966 0.0 0.0 
r -0.8404723746624732 -2.5326482538007093 -2.2324291952589075 1.4381607199704942 -2.2888301321063067 0.0 0.0 
r -0.8436069121155597 -2.538566359509855 -2.229362137631229 1.4358365110916602 -2.2953925291530126 0.0 0.0 
r -0.8465804791768263 -2.5447686047120928 -2.2258225013040036 1.433306195320232 -2.3017286384787226 0.0 0.0 
r -0.8493015984834931 -2.551100769118488 -2.221879184313643 1.430586794853096 -2.30768353074128 0.0 0.0 
r -0.8516986229841079 -2.557415564246349 -2.2176156196061036 1.4276917744943691 -2.3131031626614433 0.0 0.0 
r -0.8537227524768789 -2.563579499592657 -2.213125466541869 1.4246260018102348 -2.3178399252903317 0.0 0.0 
r -0.8553484916294448 -2.569478037759348 -2.2085072590075523 1.421416592826382 -2.321764040506061 0.0 0.0 
r -0.8565711654953274 -2.575017281983425 -2.2038595921343576 1.4180713457245164 -2.3247680873545176 0.0 0.0 
r -0.8574083321025948 -2.5801273108471587 -2.199278206561284 1.414634662905265 -2.3267731326664567 0.0 0.0 
r -0.857890872197631 -2.584757248236154 -2.194851816808968 1.411163111885737 -2.327732500033798 0.0 0.0 
r -0.8580630044136937 -2.588876158455346 -2.1906605437205515 1.407736719027525 -2.327631098757878 0.0 0.0 
r -0.857969539812947 -2.592464061743157 -2.186772743611283 1.40444765764392 -2.3264833347724347 0.0 0.0 
r -0.857653323379806 -2.595510745684681 -2.1832436344753785 1.4014089399439729 -2.3243347599135875 0.0 0.0 
r -0.8571485987338529 -2.5980111164932227 -2.18011386432327 1.3987407413299313 -2.3212518500739403 0.0 0.0 
r -0.8564772445426393 -2.599962823344425 -2.1774085566893975 1.3965674772752805 -2.3173196417925483 0.0 0.0 
r -0.8556438756995329 -2.6013629325330174 -2.1751363585814563 1.3950048916910505 -2.312640041529328 0.0 0.0 
r -0.8546442795516628 -2.6022165937588957 -2.173288380229578 1.394167956795027 -2.307318130965342 0.0 0.0 
r -0.8534594226022668 -2.6025313756121116 -2.1718386398009653 1.3941615975977801 -2.301465649086451 0.0 0.0 
r -0.8520580287904176 -2.602321985212075 -2.170741600019278 1.3950503664485656 -2.2951953584683626 0.0 0.0 
r -0.850407136692297 -2.601617007518797 -2.169935065927943 1.3969033962778963 -2.288618401275391 0.0 0.0 
r -0.8484718677447088 -2.6004583329649376 -2.169340703019299 1.3997621443341084 -2.28184354391406 0.0 0.0 
r -0.8462236530361121 -2.59890544383927 -2.168867453525257 1.4036566641178732 -2.2749786049162948 0.0 0.0 
r -0.84364172478276 -2.5970340791581603 -2.168414650710487 1.4086012370241923 -2.2681299625986764 0.0 0.0 
r -0.8407142122562212 -2.5949337190981314 -2.1678760634950924 1.414608904886939 -2.2614018357081784 0.0 0.0 
r -0.8374387458467586 -2.5927025838846123 -2.1671460843970154 1.4216505453734702 -2.2548992124586467 0.0 0.0 
r -0.8338216408287743 -2.590442172013189 -2.166124988150064 1.4297004117462035 -2.2487253005618584 0.0 0.0 
r -0.8298750948996214 -2.588248464554421 -2.1647256677608575 1.438712970224278 -2.2429737357322628 0.0 0.0 
r -0.8256152095661008 -2.5862049342063163 -2.1628790583689566 1.4485854267417013 -2.237732733733472 0.0 0.0 
r -0.8210578565577151 -2.584374517932239 -2.160538433878852 1.4592052354688834 -2.233075571875948 0.0 0.0 
r -0.8162156976847591 -2.5827932540013014 -2.1576828748764383 1.4704330930107188 -2.229057192191038 0.0 0.0 
r -0.8110982190492346 -2.5814673903258476 -2.154319811187956 1.4820903573156574 -2.2257151788507974 0.0 0.0 
r -0.8057109754421861 -2.5803728554614302 -2.1504843088011922 1.4939887475441547 -2.2230689368637058 0.0 0.0 
r -0.8000572118457534 -2.5794571160874784 -2.1462380424710705 1.5059613392362057 -2.2211141241262102 0.0 0.0 
r -0.7941399451637221 -2.578644633834898 -2.141664982807158 1.5178619698362024 -2.2198309015115036 0.0 0.0 
r -0.787965142912239 -2.577844239683464 -2.136866156345173 1.529587330829875 -2.2191833958945257 0.0 0.0 
r -0.7815502881107308 -2.576963081344265 -2.1319527587417015 1.5410918089095882 -2.2191261105006435 0.0 0.0 
r -0.774923412585414 -2.5759114374382115 -2.127039962939964 1.5523871305513177 -2.2196021390632867 0.0 0.0 
r -0.7681287020663622 -2.5746150596021526 -2.122239404182614 1.5635416719260375 -2.220552392518195 0.0 0.0 
r -0.7612285532030556 -2.573023749174495 -2.1176526220108753 -1.5669318263038003 -2.2219132547405827 0.0 0.0 
r -0.7543025625678075 -2.5711171054589963 -2.1133650063925318 -1.555717146864264 -2.223620277385278 0.0 0.0 
r -0.7474445467909699 -2.5689068339727203 -2.1094417878189073 -1.5442786357783589 -2.225603256279622 0.0 0.0 
r -0.7407583506429811 -2.5664363536642574 -2.1059258620716514 -1.5325156687008505 -2.227793119963143 0.0 0.0 
r -0.7343500122506638 -2.5637774494596934 -2.1028353374098785 -1.5203820572023745 -2.2301155428364208 0.0 0.0 
r -0.7283221176098508 -2.56102388802097 -2.100165770969862 -1.5078833982947022 -2.2325026250880504 0.0 0.0 
r -0.7227676286305351 -2.5582842207045973 -2.097892334337139 -1.4951017998367553 -2.234889256360269 0.0 0.0 
r -0.7177642482605796 -2.555672946471409 -2.0959735360044736 -1.4821971722510838 -2.2372217248243906 0.0 0.0 
r -0.7133748579006441 -2.5533047963515596 -2.0943568484352255 -1.4693951800605487 -2.239458285759399 0.0 0.0 
r -0.7096425590729919 -2.5512861362382893 -2.0929819742923685 -1.4569838844206788 -2.24158096000503 0.0 0.0 
r -0.7065963867713131 -2.549711855201568 -2.091788084820438 -1.4453053910085778 -2.243594797964151 0.0 0.0 
r -0.7042523431821739 -2.548656035725088 -2.090722711155004 -1.4347465782299287 -2.245527852604226 0.0 0.0 
r -0.7026244917800628 -2.5481767751625566 -2.0897462767686465 -1.4257046670836195 -2.247433024312281 0.0 0.0 
r -0.7017240002977492 -2.548310152922383 -2.088836355307346 -1.4185955647568105 -2.2493906526302982 0.0 0.0 
r -0.7015696631814075 -2.5490733051505288 -2.0879936107064943 -1.4138207689582383 -2.2515010983423194 0.0 0.0 
r -0.7021909417227818 -2.550463586934362 -2.0872449693209996 -1.4117466172001174 -2.2538763246386635 0.0 0.0 
r -0.7036364002312028 -2.552461833522295 -2.086647806449904 -1.412688916684307 -2.256640773807692 0.0 0.0 
r -0.7059750231801339 -2.5550329373837375 -2.0862905432520478 -1.4169030683928905 -2.2599300681198025 0.0 0.0 
r -0.7093004345666739 -2.558129274990478 -2.0862933118446527 -1.4245628681880118 -2.2638791155778333 0.0 0.0 
r -0.7137341400600008 -2.5616948731908535 -2.086807345215162 -1.435756660365514 -2.2686282934532063 0.0 0.0 
r -0.7194251220182424 -2.56566734959804 -2.088013689687761 -1.4504778174153703 -2.2743180883048995 0.0 0.0 
r -0.7265502843861655 -2.5699827090727934 -2.0901205923851833 -1.4686355746881123 -2.2810997630609267 0.0 0.0 
r -0.735312054944967 -2.5745796382485495 -2.0933596689222016 -1.4900565300559219 -2.2891287948959977 0.0 0.0 
r -0.7459335653821986 -2.579403304470514 -2.0979814070757636 -1.514491972078869 -2.2985675387691056 0.0 0.0 
r -0.7586518545125498 -2.5844093287873102 -2.104249895657521 -1.541627836565111 -2.3095905052484507 0.0 0.0 
r -0.7737081340454549 -2.589567306268471 -2.112436571502511 1.5704803951119748 -2.32238117074088 0.0 0.0 
r -0.7913348097868004 -2.5948643228079935 -2.1228121413003325 1.5390587944322727 -2.3371315810381246 0.0 0.0 
r -0.8117394989281759 -2.600307551808182 -2.135637403678034 1.5061097738376423 -2.3540363309140724 0.0 0.0 
r -0.8350853884100427 -2.6059250123084574 -2.151152678953931 1.4720660352354122 -2.3732850114165753 0.0 0.0 
r -0.8614721986362371 -2.611766077119471 -2.169567146272839 1.4373369596923418 -2.3950605712343824 0.0 0.0 
r -0.8909144705469424 -2.6179015709075566 -2.1910438825861855 1.402324619643402 -2.4195246869745852 0.0 0.0 
r -0.923322583251759 -2.6244195580512675 -2.215688055983009 1.3673825204353272 -2.4468144762263924 0.0 0.0 
r -0.9584905552002193 -2.6314235997588664 -2.243533367408559 1.3328165710324171 -2.4770324516167848 0.0 0.0 
r -0.9960925712595431 -2.6390294197102566 -2.2745317045345805 1.2988695400343029 -2.5102458025276904 0.0 0.0 
r -1.0356908466815395 -2.647362594460315 -2.3085455162471566 1.265724956094651 -2.5464807130658658 0.0 0.0 
r -1.0767473588760845 -2.6565483792655575 -2.3453459287006266 1.2334995187115319 -2.585725819223722 0.0 0.0 
r -1.1186659314645109 -2.6667209581755054 -2.384617260375162 1.2022669594825472 -2.6279208041405706 0.0 0.0 
r -1.1608249774386596 -2.6780185529671074 -2.4259693268778135 1.1720858990752543 -2.672968593717611 0.0 0.0 
r -1.2026199972502234 -2.690588703034493 -2.468955967572022 1.1429898878659501 -2.7207169621871685 0.0 0.0 
r -1.2435036865047642 -2.7045996471493576 -2.5130979574665417 1.115035388915606 -2.770941474540939 0.0 0.0 
r -1.2830144727076558 -2.720256212336877 -2.557905383875689 1.0883202940010395 -2.823348616571082 0.0 0.0 
r -1.320799806666484 -2.737825292774052 -2.6029070920601693 1.0629824767895604 -2.8775213932979913 0.0 0.0 
r -1.3566204443925018 -2.7576734790097297 -2.6476652422124345 1.0392165466786036 -2.932928279234416 0.0 0.0 
r -1.390345322484548 -2.7803185776062884 -2.691787469320064 1.0172785098334016 -2.9889128266553437 0.0 0.0 
r -1.4219348552682782 -2.806494389723001 -2.7349338545862194 0.9974237574713272 -3.0446719732223047 0.0 0.0 
r -1.4514223979932661 -2.837252158794377 -2.77681424100848 0.979925848635907 -3.0993274393608505 0.0 0.0 
r -1.4788890976726745 -2.874092155471389 -2.817182783267264 0.9650406071390721 -0.010373010327587969 0.0 0.0 
r -1.5044366347317806 -2.919143721277555 -2.8558254761217308 0.9529313853029477 -0.060104070337474544 0.0 0.0 
r -1.5281695117304084 -2.9754271550716274 -2.892551368068833 0.943690889915906 -0.1061384609667511 0.0 0.0 
r -1.5501739073630718 -3.0471579078805133 -2.92718110231714 0.9373094794177972 -0.1478497179080593 0.0 0.0 
r -1.5705022252513101 -3.1399950929076117 -2.959537068202499 0.933659649256435 -0.18479154190267724 0.0 0.0 
r 1.552426165190388 -3.2608362285080514 -2.9894357042783186 0.9324934887018574 -0.21669898668879944 0.0 0.0 
r 1.5354563203579283 -3.4160555580985683 -3.0166830219185163 0.933480656741042 -0.2434578352295891 0.0 0.0 
r 1.5202509109626452 -3.6064943761942896 -3.041072009700395 0.9362173129004897 -0.2650792192454261 0.0 0.0 
r 1.5069098164451904 -3.8199563238083423 -3.0623829739704527 0.9402516287712892 -0.28164207538694747 0.0 0.0 
r 1.4955502090069965 -4.029824578908444 -3.0803850588693558 0.9451207134590284 -0.29324595808766274 0.0 0.0 
r 1.4862922286619284 -4.2077497346299095 -3.094840194293454 0.9503734613818585 -0.2999878226941018 0.0 0.0 
r 1.4792450749336665 -4.337741911220988 -3.105507713670039 0.9556003045004068 -0.30191550880001045 0.0 0.0 
r 1.474492701292917 -4.416473152843285 -3.1121502745963627 0.9604538757791983 -0.2990189962230448 0.0 0.0 
r 1.4720864412582118 -4.445653382300296 -3.114539144512553 0.9646606814882666 -0.29122794171903343 0.0 0.0 
r 1.4720389752479124 -4.4263623428784715 -3.112462486872412 0.9680411739100058 -0.27839321680678897 0.0 0.0 
r 1.4743253483967815 -4.357372175972845 -3.105732539556202 0.9705063894096951 -0.2603010006902229 0.0 0.0 
r 1.4788880403697429 -4.237060438344412 -3.094190486153705 0.9720486386747985 -0.23670322108942793 0.0 0.0 
r 1.485647659095963 -4.069284900100465 -3.0777163182964764 0.9727497255896073 -0.2073289129170328 0.0 0.0 
r 1.4945087439317117 -3.870705745908722 -3.0562368260196537 0.9727496550136379 -0.17195471801530887 0.0 0.0 
r 1.5053776254625835 -3.669591953858881 -3.0297355259592558 0.972240403933842 -0.13045109152063547 0.0 0.0 
r 1.5181769133205147 -3.491515966790587 -2.998263203519841 0.9714457810262783 -0.08285208591962978 0.0 0.0 
r 1.532854204943099 -3.3476575090508023 -2.9619497286197207 0.9706005563914 -0.02943838498352406 0.0 0.0 
r 1.5493908978843685 -3.236782992486986 -2.9210165587986396 0.9699461460427968 -3.112384117484004 0.0 0.0 
r 1.5678151278216634 -3.1525426971787858 -2.8757900511503975 0.9696961888002512 -3.0494113785568557 0.0 0.0 
r -1.553395892238543 -3.088215918024256 -2.8267132214299324 0.9700431774739604 -2.983307476629236 0.0 0.0 
r -1.5309430864732814 -3.0383092748502007 -2.774350589186331 0.9711481410890583 -2.9154641405098842 0.0 0.0 
r -1.5062707140701772 -2.9987350303865425 -2.719383776716507 0.9731503630891445 -2.847342280756648 0.0 0.0 
r -1.4792025758160168 -2.9665397814485797 -2.6625990425718578 0.976160355848363 -2.7803226599751794 0.0 0.0 
r -1.4495571760590331 -2.939617390547566 -2.6048571771652678 0.9802788397143536 -2.7155813042953345 0.0 0.0 
r -1.4171662656643245 -2.9164555460360164 -2.547057550078839 0.9856071594060258 -2.654030329589184 0.0 0.0 
r -1.3819051584649136 -2.8959666380802584 -2.4900872216173653 0.9922488488007014 -2.5963006801364203 0.0 0.0 
r -1.3437205887823251 -2.8773602050735376 -2.434772836560595 1.0003146091841673 -2.5427804211218406 0.0 0.0 
r -1.3026690218874168 -2.860068285318695 -2.3818338033274684 1.0099153045625269 -2.4936601046972884 0.0 0.0 
r -1.2589387993110102 -2.8436798761798228 -2.3318500685387447 1.02115211004222 -2.4490010222156267 0.0 0.0 
r -1.2128792181937729 -2.8279133281516216 -2.2852421759831043 1.0340981713918842 -2.408780880584306 0.0 0.0 
r -1.165007731621629 -2.8125912678810594 -2.242268432194268 1.0487734722781952 -2.372923417839651 0.0 0.0 
r -1.1159914538044053 -2.7976205276420782 -2.2030343755919155 1.0651133570927682 -2.3413166185303993 0.0 0.0 
r -1.0666193302795413 -2.782986944729194 -2.1675138422892264 1.0829478235092578 -2.313819860864389 0.0 0.0 
r -1.0177463463627157 -2.7687435050435343 -2.135575943151057 1.101976854814455 -2.2902614908460084 0.0 0.0 
r -0.9702353296929145 -2.7550054343605463 -2.107012947869813 1.121771884722284 -2.2704340070295728 0.0 0.0 
r -0.9248940834072801 -2.7419389297110106 -2.081567712915176 1.1417914400703029 -2.254082743137029 0.0 0.0 
r -0.8824313808267079 -2.72975258733264 -2.058958807561644 1.1614104465659743 -2.2409130432383932 0.0 0.0 
r -0.8434232158882522 -2.7186812065102335 -2.038900570333895 1.1799777438200776 -2.23058395118575 0.0 0.0 
r -0.8083033951040639 -2.7089712925918543 -2.0211185425461315 1.1968822260097853 -2.2227201898459503 0.0 0.0 
r -0.7773666705317079 -2.7008625424405945 -2.005360232742234 1.2116039323009742 -2.2169194911938828 0.0 0.0 
r -0.7507863840615905 -2.6945719847173946 -1.991401650375205 1.223764526442331 -2.21276699995327 0.0 0.0 
r -0.7286394166350987 -2.690281756857965 -1.9790496352887814 1.233149751036124 -2.20985150253823 0.0 0.0 
r -0.7109262022349605 -2.6881252762228884 -1.968141277351554 1.2397262890406382 -2.207782275172196 0.0 0.0 
r -0.6975919900929006 -2.6881803376480384 -1.9585407156483192 1.2436157799931025 -2.2061926317189053 0.0 0.0 
r -0.6885432072210566 -2.690465590368837 -1.9501345960141305 1.2450821682599522 -2.2047622552214885 0.0 0.0 
r -0.6836576654257597 -2.6949389939148136 -1.9428275412330733 1.2445069827167305 -2.2032180783581827 0.0 0.0 
r -0.6827935804228837 -2.7015007928564385 -1.9365390058690464 1.2423467683795917 -2.2013346836985512 0.0 0.0 
r -0.6857790898584598 -2.7099944942182517 -1.9311943018412152 1.2391214779107442 -2.1989444127966813 0.0 0.0 
r -0.6924105014432613 -2.7202103311285257 -1.9267249845993848 1.2353823015847945 -2.1959231355871935 0.0 0.0 
r -0.7024366586410546 -2.7318883012341164 -1.923064862854962 1.231692087601299 -2.192190892637719 0.0 0.0 
r -0.7155426497352161 -2.744723333738156 -1.9201477586585376 1.22863325575715 -2.1877106807410933 0.0 0.0 
r -0.7313192435504565 -2.7583628422878634 -1.9179058129650501 1.226765846637839 -2.1824732246692515 0.0 0.0 
r -0.7492434880943972 -2.7724151948972713 -1.9162672028131646 1.2266511611743032 -2.176500384434334 0.0 0.0 
r -0.7686606817274128 -2.786453892674386 -1.91515769144445 1.2288484258184824 -2.1698382858849423 0.0 0.0 
r -0.7887662833010135 -2.800019776277381 -1.914500855831869 1.2338932490902017 -2.162555239901562 0.0 0.0 
r -0.8086144207502171 -2.8126346669863813 -1.9142176429835451 1.242293157041928 -2.1547357340747406 0.0 0.0 
r -0.8271471737773806 -2.823815789980697 -1.9142277642421122 1.2545454463699 -2.1464875351152073 0.0 0.0 
r -0.8432432894357604 -2.833087564189827 -1.9144544829420989 1.27112083986698 -2.137932946337496 0.0 0.0 
r -0.8557897779231675 -2.839998711048036 -1.9148275882080634 1.2924022129009263 -2.129225822930094 0.0 0.0 
r -0.8637665775009828 -2.8441417097533286 -1.915283937803143 1.3187264213467633 -2.1205273549823134 0.0 0.0 
r -0.8663336147990458 -2.845164929341389 -1.9157746506742113 1.3502765159140169 -2.1120253893182626 0.0 0.0 
r -0.8629126336224939 -2.8427892150022784 -1.9162667603130163 1.3870846484583699 -2.1039270430764434 0.0 0.0 
r -0.8532529023751826 -2.836818806644395 -1.9167490121531692 1.4289638174707775 -2.096465341593155 0.0 0.0 
r -0.8374592526918088 -2.8271475597520928 -1.917231500749666 1.4754964230517615 -2.0898638658951327 0.0 0.0 
r -0.8159959532264875 -2.8137608154770994 -1.9177506665303916 1.5259907142261253 -2.084377277208963 0.0 0.0 
r -0.7896551699340212 -2.796737088334155 -1.9183696211882173 -1.562074573994639 -2.0802627459393825 0.0 0.0 
r -0.7594875319741915 -2.7762369454111524 -1.919184550802552 -1.5066364160815802 -2.077781970307388 0.0 0.0 
r -0.7267035932254696 -2.7525024441628485 -1.9203141019826981 -1.4504830483784181 -2.077186810806783 0.0 0.0 
r -0.6925723465315686 -2.725840382691939 -1.9219079402211325 -1.3947925598175885 -2.0787263585135314 0.0 0.0 
r -0.658317008594867 -2.6966092988323886 -1.9241438232334438 -1.3405898717609221 -2.0826346621227843 0.0 0.0 
r -0.6250132058262012 -2.6651929914155765 -1.9272219467328329 -1.2886993576369183 -2.089131468413023 0.0 0.0 
r -0.5935473222014184 -2.631990728734253 -1.9313629252498141 -1.2396617616759447 -2.0984104058068516 0.0 0.0 
r -0.5645946578189774 -2.5973957597748627 -1.9368084538042507 -1.1937690381946868 -2.1106370126151885 0.0 0.0 
r -0.538611215920172 -2.5617734290577747 -1.9438125461407072 -1.1511008473952042 -2.1259448457640953 0.0 0.0 
r -0.5158693480559994 -2.5254529485083754 -1.952642352714856 -1.1115827411432888 -2.1444312962796928 0.0 0.0 
r -0.4964844069993548 -2.488714828189585 -1.963572130443874 -1.075035689322122 -2.166146574697764 0.0 0.0 
r -0.48045655966658823 -2.4517883912360787 -1.9768829960228096 -1.0412523536494478 -2.191100343997517 0.0 0.0 
r -0.46770814528843696 -2.4148568032687847 -1.9928598766408787 -1.0100395014727241 -2.2192567635323117 0.0 0.0 
r -0.4581104580548134 -2.378060000928685 -2.0117875936480303 -0.9812195015564058 -2.2505349938468475 0.0 0.0 
r -0.45151574419402046 -2.3415104768688892 -2.033948192559847 -0.9546699786662896 -2.2848166873060767 0.0 0.0 
r -0.44777506434394027 -2.305297584884085 -2.05961817142399 -0.9303286463308802 -2.3219510571035302 0.0 0.0 
r -0.44675331390463924 -2.2695009489008675 -2.0890566493835907 -0.9081861347889774 -2.361764943222373 0.0 0.0 
r -0.4483390312765373 -2.234194245137525 -2.1224937516588405 -0.8882821438795312 -2.40406917736469 0.0 0.0 
r -0.45244865661638567 -2.1994487812869217 -2.1601087745683474 -0.8707015354969517 -2.448667705335212 0.0 0.0 
r -0.45902734821769725 -2.165326577673226 -2.20200870027493 -0.8555693279692621 -2.495359912093968 0.0 0.0 
r -0.4680505619601782 -2.131882467564299 -2.248194855063515 -0.8430409380067035 -2.5439419235394696 0.0 0.0 
r -0.47951685408356015 -2.0991533848517525 -2.2985301720203966 -0.8332993109433143 -2.594205681036346 0.0 0.0 
r -0.49344486756222183 -2.067153939036782 -2.3527100213583125 -0.826550372843097 -2.6459311708300968 0.0 0.0 
r -0.5098689402057694 -2.0358676136124996 -2.410248806519942 -0.8230216996452143 -2.698882276138833 0.0 0.0 
r -0.5288311298137256 -2.0052411040048996 -2.470479574501371 -0.8229593575262941 -2.7527941742137343 0.0 0.0 
r -0.5503771747910978 -1.9751800409476852 -2.5325824424365995 -0.8266241005257636 -2.807370858492836 0.0 0.0 
r -0.5745520273084421 -1.9455419657874722 -2.595641132413372 -0.8342947439910142 -2.8622880219484284 0.0 0.0 
r -0.6013981575917884 -1.916131870309535 -2.658715878309611 -0.8462624858916125 -2.917199750510158 0.0 0.0 
r -0.6309548111117571 -1.8866923515753176 -2.720925534956917 -0.8628351361022906 -2.9717576313858443 0.0 0.0 
r -0.6632621954424572 -1.8568915371207948 -2.78152025143783 -0.8843356798386913 -3.0256332586627934 0.0 0.0 
r -0.6983665047207802 -1.8263040333739284 -2.8399309011719747 -0.9111009549525029 -3.0785496382238904 0.0 0.0 
r -0.7363337538715474 -1.794387001039452 -2.895788191073056 -0.943475235443673 -3.130302068996629 0.0 0.0 
r -0.7772593319914817 -1.7604327493092928 -2.9489198546030786 -0.9818176926250362 -0.03919746838083762 0.0 0.0 
r -0.8212849300161522 -1.7235012594015222 -2.99932515787554 -1.0264886460149345 -0.08841580386521583 0.0 0.0 
r -0.8686183892433164 -1.6823095489439794 -3.04713930924778 -1.0778450202341652 -0.13647366953891119 0.0 0.0 
r -0.9195405758661411 -1.6350564270956411 -3.0925861337892306 -1.1362298396645218 -0.18357307133999134 0.0 0.0 
r -0.9744126449157403 -1.579121990238196 -3.1359407816790776 -1.2019590571132097 -0.22998217884414976 0.0 0.0 
r -1.033664811373733 -4.6521658000092785 -0.035893139996463284 -1.2753051449494792 -0.27602296061235454 0.0 0.0 
r -1.097761714442622 -4.564900955861452 -0.07588891492240427 -1.3564792318574084 -0.3220247555046985 0.0 0.0 
r -1.1671428729349247 -4.449275777949909 -0.11454090640925468 -1.4455934470678646 -0.36829944350218474 0.0 0.0 
r -1.2421168612339062 -4.2903001311057976 -0.15197786783987446 -1.5426295397293959 -0.41511162393825074 0.0 0.0 
r -1.322723285333011 -4.0675778575025205 -0.18823166525876112 1.4942352001674202 -0.46264545754817515 0.0 0.0 
r -1.408557644560785 -3.7662898610540743 -0.22322358665571773 1.3823471401864211 -0.5109916284427318 0.0 0.0 
r -1.4986152617158124 -3.4103280742235977 -0.2567590351970166 1.2642603240622545 -0.5601251728009532 0.0 0.0 
r 1.5503997493629866 -3.0729710171540106 -0.28852479453652097 1.1414767010561941 -0.6099120084125363 0.0 0.0 
r 1.4576531593716016 -2.8093045979235485 -0.318096547164433 1.0161163248248386 -0.6601013636974741 0.0 0.0 
r 1.367512174774823 -2.620757292860844 -0.344953092294838 0.8908354476665503 -0.710354809539083 0.0 0.0 
r 1.2828354237173252 -2.4872613782910187 -0.36850172092540145 0.7686027060985899 -0.7602531376915508 0.0 0.0 
r 1.2061946993545352 -2.3905639692912724 -0.38810868958069095 0.6523069659997639 -0.8093308276062797 0.0 0.0 
r 1.1396054691099908 -2.3183476460143737 -0.40313517515666714 0.5443894862816848 -0.8570874698526525 0.0 0.0 
r 1.0844282615408518 -2.262812520577185 -0.41297829381015494 0.44656738990235395 -0.9030183977418439 0.0 0.0 
r 1.0414183757812099 -2.21899149038222 -0.4171159184853098 0.35975306597629014 -0.9465487292712739 0.0 0.0 
r 1.0108535460642296 -2.183616361848635 -0.41514986533784975 0.2841314526141572 -0.9870189532793667 0.0 0.0 
r 0.9926833359391037 -2.1544421570589223 -0.4068480481748837 0.21933714781556077 -1.0234881555810025 0.0 0.0 
r 0.9866441105578464 -2.129837221461035 -0.39218003480833363 0.1646543650220775 -1.0543477741097271 0.0 0.0 
r 0.9923268609908656 -2.1085290615883343 -0.3713418755088776 0.11921289982618832 -1.076176887724635 0.0 0.0 
r 1.0091932046369196 -2.0894329468752946 -0.34476675074481833 0.08208209044336406 -1.0801368176663975 0.0 0.0 
r 1.0365541071979358 -2.0715217517139584 -0.31311568521732114 0.052390705146812655 -1.033996422153785 0.0 0.0 
r 1.0735243856514491 -2.0536895647329967 -0.2772401195364918 0.029366246780461604 -0.6911288114047038 0.0 0.0 
r 1.1189917339367725 -2.034602943647359 -0.2381320661599155 0.012369499929395645 -1.8882216040627045 0.0 0.0 
r 1.171599652417401 -2.0124100970916263 -0.19684689369153785 0.0008973598351867719 -1.5799568891443811 0.0 0.0 
r 1.2297881164272049 -1.9841817126740136 -0.15442927074094018 3.1361778552674373 1.6053030709559208 0.0 0.0 
r 1.2918832435818932 -1.9445517675048851 -0.11184579330027912 3.1347868375472503 1.6024947359062158 0.0 0.0 
r 1.3562360145701928 -1.8817941040280404 -0.06992964577900264 3.138190268837673 1.5833240705126468 0.0 0.0 
r 1.4213569144417393 -1.763388681237096 -0.029352551372080416 0.004757230626687113 -1.585300882423905 0.0 0.0 
r 1.4860212746114978 -4.602409599581442 -3.1322091572034427 0.01769027484718167 -1.6168290759384465 0.0 0.0 
r 1.5493232469233462 -3.578600044865703 -3.0956498150825653 0.035435873458471386 -1.6511703269540106 0.0 0.0 
r -1.5309298102012672 -2.6805916395935334 -3.0614586775508115 0.05800881702880571 -1.6872819691460486 0.0 0.0 
r -1.471904443097263 -2.4182222516217506 -3.029706221527061 0.08534462161295668 -1.7243758229907045 0.0 0.0 
r -1.4153770563579782 -2.307676514501061 -3.0003674294715315 0.11724199902042837 -1.7617664856122461 0.0 0.0 
r -1.361451849685035 -2.2452115055122723 -2.9733460383138914 0.15330824730748444 -1.798819817724344 0.0 0.0 
r -1.3102171149625066 -2.2035354032880905 -2.948495618287114 0.19291944554562462 -1.834936198995796 0.0 0.0 
r -1.2617923853018782 -2.1728858697740194 -2.925636315600401 0.23520361477942348 -1.8695567194606606 0.0 0.0 
r -1.2163455140207369 -2.149087731524295 -2.904570885456629 0.27907058851389216 -1.9021848388242728 0.0 0.0 
r -1.1740831327901036 -2.1301640089460623 -2.885094368868208 0.32327318213471085 -1.9323991021749636 0.0 0.0 
r -1.1352301084507457 -2.1151184206922293 -2.8670073199081387 0.36650950771950014 -1.9598678746909854 0.0 0.0 
r -1.0999962972654673 -2.1034235356812383 -2.850122275813181 0.4075311396505784 -1.9843540089184724 0.0 0.0 
r -1.0685393624753343 -2.094769991434931 -2.834271298747178 0.44525202817981485 -2.005719631619102 0.0 0.0 
r -1.0409402586664271 -2.088944954505524 -2.8193099973302687 0.4788137669081907 -2.02391493713882 0.0 0.0 
r -1.0171901968355832 -2.085764234792552 -2.805122926186725 0.5076305854285554 -2.038975829652223 0.0 0.0 
r -0.9971865868495869 -2.0850428224553994 -2.7916202686976144 0.5313830553999218 -2.051008051332227 0.0 0.0 
r -0.9807400737765988 -2.086573843577203 -2.7787399659529393 0.5500004916330326 -2.0601799604340734 0.0 0.0 
r -0.9675886894516212 -2.090125535884254 -2.766443021584084 0.563621533472012 -2.0667083110794415 0.0 0.0 
r -0.9574182393625305 -2.0954442075664117 -2.7547093683312647 0.5725485325104239 -2.0708427324891616 0.0 0.0 
r -0.9498828758050005 -2.1022601073082128 -2.743533237429056 0.5772115319960776 -2.0728579095001995 0.0 0.0 
r -0.9446244586452789 -2.11029765501572 -2.7329166234952016 0.578130719927663 -2.073040365373764 0.0 0.0 
r -0.9412889295280756 -2.1192843291900054 -2.722864612593802 0.5758793322572038 -2.0716773850128867 0.0 0.0 
r -0.9395410803093878 -2.1289593762152936 -2.7133828944115543 0.5710611314618366 -2.069050961761486 0.0 0.0 
r -0.9390736868982383 -2.139082845683551 -2.7044735904713995 0.5642748176317538 -2.065427400821955 0.0 0.0 
r -0.9396147512575124 -2.149443246543915 -2.6961330829767913 0.5561122354431149 -2.0610582073432475 0.0 0.0 
r -0.9409240494321424 -2.1598571538688636 -2.688349675402529 0.5471158942965392 -2.0561718111263483 0.0 0.0 
r -0.9427937095316123 -2.1701743752955 -2.6811006457071165 0.5377867691095489 -2.0509799176117895 0.0 0.0 
r -0.9450486614246144 -2.180275994544793 -2.6743558249591386 0.5285698941641445 -2.0456758786486384 0.0 0.0 
r -0.9475375063157551 -2.1900724265733142 -2.6680732677936687 0.5198441869986028 -2.040434650227633 0.0 0.0 
r -0.9501297044168363 -2.1994964207922063 -2.6622042950219313 0.5119312474251878 -2.035415523906454 0.0 0.0 
r -0.952708983746566 -2.2085012441182377 -2.6566906447797836 0.5050971907117119 -2.0307670751693117 0.0 0.0 
r -0.9551663274709283 -2.2170492066412475 -2.6514691842508085 0.49955491467386554 -2.0266278091988648 0.0 0.0 
r -0.9573957721661304 -2.2251080940544923 -2.6464719763193543 0.495474023689177 -2.0231249504999114 0.0 0.0 
r -0.9592866221920016 -2.2326383574546114 -2.641630957809103 0.4929820828064363 -2.0203767922793294 0.0 0.0 
r -0.9607226336587597 -2.239589617165176 -2.636880635773971 0.49217099150364463 -2.018490153558965 0.0 0.0 
r -0.9615748832610571 -2.2458914314785083 -2.632160155220115 0.4931020084304393 -2.0175615744119986 0.0 0.0 
r -0.9617072383942672 -2.2514533386542697 -2.627418798727917 0.4958011943637257 -2.0176689807173878 0.0 0.0 
r -0.9609727228105589 -2.2561556837873025 -2.62262164741232 0.5002567888609785 -2.0188690924105446 0.0 0.0 
r -0.9592144156497799 -2.259854810086126 -2.6177471050198595 0.5064235641703783 -2.021199969671421 0.0 0.0 
r -0.9562825711980478 -2.2623925087105414 -2.6127958996345724 0.5142105172429375 -2.024666927573003 0.0 0.0 
r -0.952036591556703 -2.263601493172071 -2.6077899110067717 0.5234784785315468 -2.029243342053296 0.0 0.0 
r -0.946357462581628 -2.263319897548535 -2.6027725057027906 0.5340332992314978 -2.0348674318363873 0.0 0.0 
r -0.939164589410194 -2.2614106904263256 -2.597808008652488 0.545626662290928 -2.0414383918813166 0.0 0.0 
r -0.9304302444050078 -2.2577799776095278 -2.5929788671669516 0.5579562471444479 -2.0488169108599603 0.0 0.0 
r -0.9201921449689076 -2.2523949038183413 -2.5883799643115 0.5706760022521805 -2.056828229286095 0.0 0.0 
r -0.9085609980935402 -2.2452947317691745 -2.584112864587273 0.5834092628320636 -2.065268638066648 0.0 0.0 
r -0.8957245306312941 -2.2365991203388633 -2.5802780366631097 0.5957687451502742 -2.0739137638288656 0.0 0.0 
r -0.881941838678044 -2.226506657474018 -2.5769662561614104 0.6073790716016905 -2.0825308788979413 0.0 0.0 
r -0.8675310280249403 -2.215286221806031 -2.574250457753684 0.6179006286629553 -2.0908925655250643 0.0 0.0 
r -0.8528505261042287 -2.2032620624981254 -2.5721783550864834 0.627049680793842 -2.0987887774178735 0.0 0.0 
r -0.8382738284646193 -2.190791260733683 -2.5707675686047744 0.6346126099017455 -2.1060391581596822 0.0 0.0 
r -0.8241658197279346 -2.1782446942828853 -2.570000551659827 0.6404563473834436 -2.112502831108599 0.0 0.0 
r -0.8108594166648767 -2.1659862693172687 -2.569823065359619 0.6445284495559042 -2.1180846942803866 0.0 0.0 
r -0.798638250655495 -2.154355068048919 -2.570146905434044 0.6468529582641103 -2.1227370830391354 0.0 0.0 
r -0.7877232319149129 -2.1436503165308594 -2.5708547782170506 0.6475196363166879 -2.126457819811844 0.0 0.0 
r -0.7782670309715177 -2.1341216899494473 -2.57180822238789 0.6466718100346933 -2.129285837735166 0.0 0.0 
r -0.7703568225367381 -2.1259687800299116 -2.5728545202386686 0.6444898961739152 -2.1312929485430727 0.0 0.0 
r -0.7640188874685004 -2.1193356265379055 -2.5738404240453163 0.6411786322288193 -2.132574377188483 0.0 0.0 
r -0.7592278738567304 -2.1143124044257915 -2.57462272481875 0.6369542109919325 -2.13323940402218 0.0 0.0 
r -0.755917822553056 -2.1109378999636266 -2.5750788733548706 0.6320314938447484 -2.133401279562209 0.0 0.0 
r -0.753991657817581 -2.10920066760692 -2.575116494652161 0.6266163428159037 -2.1331685010943975 0.0 0.0 
r -0.7533359368980512 -2.1090471284679264 -2.574679291715545 0.6209026855573906 -2.1326394546901586 0.0 0.0 
r -0.7538262121092522 -2.110383073638797 -2.573749985353499 0.61506783001505 -2.1318982003745655 0.0 0.0 
r -0.7553363080604696 -2.113080798766271 -2.5723500502841015 0.6092701576956533 -2.131011782349921 0.0 0.0 
r -0.7577426036026218 -2.116984114855774 -2.5705364832161237 0.6036515486577182 -2.1300322533154192 0.0 0.0 
r -0.7609276592339195 -2.1219170065158726 -2.5683940178663938 0.598337231053142 -2.128997148275074 0.0 0.0 
r -0.7647811968879155 -2.127691047597383 -2.566026375134908 0.5934394655791945 -2.127935264318549 0.0 0.0 
r -0.769201068094768 -2.1341146127747943 -2.563546106086717 0.5890543137137485 -2.1268673711701034 0.0 0.0 
r -0.7740908477986748 -2.141000720659834 -2.561063340172156 0.5852619030931926 -2.125810298021741 0.0 0.0 
r -0.7793600638458494 -2.148175521954239 -2.55867690347331 0.5821282287656201 -2.124780496526594 0.0 0.0 
r -0.7849209161432091 -2.155481442023329 -2.5564681480756106 0.579697764561435 -2.1237936033691636 0.0 0.0 
r -0.7906872783312701 -2.1627877188807845 -2.5544898470550246 0.5779992884482034 -2.122865649832747 0.0 0.0 
r -0.796575728351899 -2.169986096770974 -2.5527721194633415 0.5770254064464942 -2.122006106747633 0.0 0.0 
r -0.8025040994912147 -2.1769936189148864 -2.5513190145056788 0.5767386657397268 -2.121219375755742 0.0 0.0 
r -0.8083921382336724 -2.1837520019422003 -2.550110461664644 0.5770645540648924 -2.120499874083529 0.0 0.0 
r -0.81416116995916 -2.190224780024063 -2.5491054199512555 0.5778910492726502 -2.1198291684402752 0.0 0.0 
r -0.8197344072644446 -2.1963939021665055 -2.54824601076658 0.5790669582971755 -2.1191729866971967 0.0 0.0 
r -0.8250395644737206 -2.202258393933141 -2.5474616326153163 0.5804048090139685 -2.118478329115306 0.0 0.0 
r -0.8300096646932269 -2.207834091126136 -2.546670260009903 0.5816866216708019 -2.1176730147384717 0.0 0.0 
r -0.8345862790679396 -2.2131498648845414 -2.545785324589274 0.5826698565694606 -2.1166684119671046 0.0 0.0 
r -0.8387184577262352 -2.2182549894898247 -2.544707692578349 0.583098625797877 -2.115356967162869 0.0 0.0 
r -0.8423703428837502 -2.2232296058981422 -2.543322779877663 0.5827129707070646 -2.113612898551251 0.0 0.0 
r -0.8455229305520267 -2.228189420947551 -2.5414977702912687 0.5812616700950446 -2.1112967502553293 0.0 0.0 
r -0.8481753597293173 -2.233292306825499 -2.539076434053384 0.5785116997476721 -2.108257613715688 0.0 0.0 
r -0.8503498186259465 -2.238747451412797 -2.5358747457564177 0.574261525805183 -2.104339215566924 0.0 0.0 
r -0.8520914834712033 -2.244812884737988 -2.531682853801459 0.5683559835855491 -2.099390032687864 0.0 0.0 
r -0.8534691114074648 -2.2518029961272257 -2.5262578337734602 0.5606850243835906 -2.093263480779603 0.0 0.0 
r -0.8545753408092696 -2.260068578885516 -2.519342458684559 0.5512018479419272 -2.08583876695226 0.0 0.0 
r -0.8555239138137377 -2.269978942137874 -2.5106790302547903 0.5399319800095358 -2.0770326988435848 0.0 0.0 
r -0.8564492749019801 -2.281894321801845 -2.5000349658821612 0.526980625549501 -2.066820216905287 0.0 0.0 
r -0.8575075645565087 -2.296131197936483 -2.4872369663507583 0.5125442082211199 -2.0552549357687315 0.0 0.0 
r -0.858880252788504 -2.312921553908046 -2.4722142260253097 0.4969188171711907 -2.0424939912679956 0.0 0.0 
r -0.8607820436735759 -2.3323736386692824 -2.4550451550517045 0.4805076654816979 -2.02882038502863 0.0 0.0 
r -0.8634633884718128 -2.35443325872243 -2.4359990474871385 0.46383561290203185 -2.014671933361889 0.0 0.0 
r -0.8672297872357813 -2.378862594528955 -2.4155779244637703 0.4475474978713343 -2.0006512418804956 0.0 0.0 
r -0.872444200229277 -2.405227904314068 -2.394533765424675 0.4324152353690253 -1.9875416745177874 0.0 0.0 
r -0.8795288781029469 -2.432912209472943 -2.3738620177311205 0.4193387784757688 -1.9763125614976118 0.0 0.0 
r -0.8889604129067992 -2.4611440063358168 -2.3547765116143844 0.4093378585590273 -1.968112196787696 0.0 0.0 
r -0.9012387000574739 -2.4890441355363735 -2.338648145159767 0.4035389887759465 -1.9642593809022635 0.0 0.0 
r -0.9168337847805202 -2.515677542863826 -2.32692903074643 0.4031529731403265 -1.9662360658374298 0.0 0.0 
r -0.9361077358674765 -2.5401043064623963 -2.3210655893417202 0.4094449993920052 -1.9756840655397625 0.0 0.0 
r -0.959214399396 -2.5614146589329145 -2.322409674820998 0.4236931804923594 -1.9944070754170389 0.0 0.0 
r -0.9860049341727908 -2.578745409352213 -2.3321341373763724 0.4471361553688248 -2.0243655801669416 0.0 0.0 
r -1.015965969674823 -2.5912728178317446 -2.351146579670525 0.48091188113926064 -2.067636908509611 0.0 0.0 
r -1.0482274803849372 -2.5981836463846246 -2.3799984591380268 0.5259767342787021 -2.126275719189083 0.0 0.0 
r -1.081653266975468 -2.5986300626580148 -2.418781254321869 0.5830031083000761 -2.2019848342640507 0.0 0.0 
r -1.1149994219656378 -2.591668840975571 -2.467026330390278 0.6522540593425106 -2.295502976647815 0.0 0.0 
r -1.1470942119951304 -2.576196681518745 -2.523630609351546 0.7334342073983279 -2.4057287515309698 0.0 0.0 
r -1.1769820378471807 -2.5508837032851983 -2.586856233666645 0.8255388506112354 -2.528905590186583 0.0 0.0 
r -1.2040021100851508 -2.514134183950883 -2.654440621000745 0.9267539691712755 -2.658554793059028 0.0 0.0 
r -1.2277953503714127 -2.464108609793316 -2.723827623596502 1.034474784194909 -2.786703141321195 0.0 0.0 
r -1.2482623082383375 -2.398881673346664 -2.7924760223951046 1.145496359676513 -2.9060013717956052 0.0 0.0 
r -1.2654952711525334 -2.316842212609312 -2.858157362885827 1.256377412341728 -3.0114668377706355 0.0 0.0 
r -1.279709234463951 -2.217434592293367 -2.919165022464615 1.3638824239121368 -3.1009553408421437 0.0 0.0 
r -1.2911878187943933 -2.1022081165223065 -2.9743888251157733 1.4653545574306854 -0.032979498655125054 0.0 0.0 
r -1.300243796680792 -1.9756974414476767 -3.023279149085788 1.5589221067561911 -0.09214277741587701 0.0 0.0 
r -1.3071933860617286 -1.8452818326967186 -3.0657411805112997 -1.49807563092066 -0.13881550370828513 0.0 0.0 
r -1.3123424497908833 -1.7195058792201074 -3.102007103383443 -1.4228396514380919 -0.17504125521782005 0.0 0.0 
r -1.3159748197617378 -1.6056159585242042 -3.132519272839704 -1.3568495157947509 -0.20271266757944723 0.0 0.0 
r -1.3183544543558203 -4.6494898923804335 -0.016244483176315515 -1.2996612374823748 -0.22349286661456466 0.0 0.0 
r -1.3197205902268894 -4.56914265115514 -0.036977499784997536 -1.250644855008498 -0.23880329066204334 0.0 0.0 
r -1.3202886426972054 -4.5051853296574045 -0.05374008619526299 -1.2090822006826019 -0.2498394801208181 0.0 0.0 
r -1.320248650267902 -4.455520588942416 -0.06712321196385305 -1.1742308246524489 -0.2575974293002149 0.0 0.0 
r -1.3197660709067527 -4.417712568207531 -0.07767611013479785 -1.14536244581149 -0.262894118386225 0.0 0.0 
r -1.318980960123131 -4.38941471470155 -0.08589692318044304 -1.121778909094014 -0.266390280988141 0.0 0.0 
r -1.318008554632027 -4.368560802256064 -0.09222678061503778 -1.1028248020563318 -0.2686069570441644 0.0 0.0 
r -1.316939260866055 -4.353419646723256 -0.0970484158149151 -1.0878903788881633 -0.26994493781129064 0.0 0.0 
r -1.3158410111801193 -4.342589871451642 -0.10068577903623677 -1.0764122257884472 -0.2706976161693198 0.0 0.0 
r -1.3147595347168493 -4.334959615251751 -0.10340949565687368 -1.0678811230476246 -0.2710702777425152 0.0 0.0 
r -1.3137214479422052 -4.329677889894243 -0.10543720872469155 -1.061826611753837 -0.27119879733991964 0.0 0.0 
r -1.3127367807104546 -4.326105821531021 -0.10694121407792948 -1.0578313999466098 -0.2711620176312628 0.0 0.0 
r -1.3118015368430542 -4.323779841630953 -0.1080541131831884 -1.0555262512535704 -0.2710013065615989 0.0 0.0 
r -1.3109005435074668 -4.322377481532325 -0.10887492584596672 -1.054588631923455 -0.27073439812382977 0.0 0.0 
r -1.3100100313560934 -4.321687496795169 -0.10947506033529811 -1.0547409830812768 -0.27036686986437597 0.0 0.0 
r -1.3090996951032219 -4.321584113274875 -0.10990399150612472 -1.0557469116964469 -0.2699003448199564 0.0 0.0 
r -1.308134907821835 -4.322004060963324 -0.11019450255375782 -1.0574072560637813 -0.2693373290946229 0.0 0.0 
r -1.3070787911680757 -4.322929076814472 -0.1103665981961587 -1.0595533967184674 -0.26868295675182396 0.0 0.0 
r -1.305891942743155 -4.324366628072892 -0.1104331692838747 -1.06204808744976 -0.26794864486358577 0.0 0.0 
r -1.3045360341480245 -4.326338273269324 -0.110401707121757 -1.064776579497041 -0.26714947598689637 0.0 0.0 
r -1.302974221171392 -4.328867015987649 -0.1102777994075595 -1.067642245818701 -0.2663025662042069 0.0 0.0 
r -1.3011723789613494 -4.331971682911739 -0.11006614171615081 -1.0705643305471826 -0.2654254776940155 0.0 0.0 
r -1.2990997049228874 -4.335659216112793 -0.10977255987471035 -1.073475003627446 -0.2645325940523465 0.0 0.0 
r -1.2967303647431356 -4.339928020060258 -0.10940218757384192 -1.0763224435152643 -0.263632661416066 0.0 0.0 
r -1.2940437745174536 -4.344746601931552 -0.10896624531674994 -1.0790620102932276 -0.26273477087461933 0.0 0.0 
r -1.2910262864238724 -4.350080113612942 -0.10847309409422562 -1.0816684240397696 -0.26183800109691313 0.0 0.0 
r -1.2876723503834817 -4.355878961565622 -0.10793173514524568 -1.0841343855469485 -0.2609368737535372 0.0 0.0 
r -1.2839850706583382 -4.36208394585363 -0.10735042042571043 -1.0864762016870246 -0.26002174032217107 0.0 0.0 
r -1.2799757845869406 -4.368631887018529 -0.10673552946425345 -1.0887385473122553 -0.2590784342365813 0.0 0.0 
r -1.2756633333575955 -4.375462758967826 -0.10609000630249624 -1.091001040672023 -0.2580900404825239 0.0 0.0 
r -1.2710739682583254 -4.382526665423853 -0.10541145671723277 -1.0933820986200689 -0.25703737238952007 0.0 0.0 
r -1.2662391965542854 -4.389787971623689 -0.10469178847657193 -1.0960445912532155 -0.25589907540076823 0.0 0.0 
r -1.261194061257978 -4.39723063963798 -0.10391602021443856 -1.099199258360442 -0.2546495145746061 0.0 0.0 
r -1.2559755454904846 -4.404862370457288 -0.10306118063310772 -1.1031081528013271 -0.2532559821586966 0.0 0.0 
r -1.2506175876574503 -4.412719441871985 -0.10209585232781324 -1.1080859846120215 -0.25167588554837145 0.0 0.0 
r -1.245150173688622 -4.420863868090035 -0.10098073032205751 -1.1144990917055855 -0.24985210524164914 0.0 0.0 
r -1.2395951905688898 -4.429383262832823 -0.09966923059819024 -1.1227646475270354 -0.2477053149610532 0.0 0.0 
r -1.233964622598001 -4.438387609674294 -0.09810828848290565 -1.13334534616593 -0.24512858079415503 0.0 0.0 
r -1.2282584235244627 -4.448002382591001 -0.09624059391888116 -1.1467429654947514 -0.24197950414564917 0.0 0.0 
r -1.2224633213912564 -4.45836249006906 -0.09400622791435398 -1.1634884223520647 -0.23807531399782297 0.0 0.0 
r -1.2165537872939778 -4.469603940576765 -0.0913445173100929 -1.1841280283308728 -0.2331872546935277 0.0 0.0 
r -1.2104926765937125 -4.481851963663411 -0.08819744522611088 -1.2092019088999957 -0.22703821899002147 0.0 0.0 
r -1.2042328103069904 -4.495215045062128 -0.08451056311152748 -1.2392137864392114 -0.21930419122968445 0.0 0.0 
r -1.1977204350621309 -4.509773391620234 -0.08023569706145353 -1.2745876394833886 -0.2096172132141239 0.0 0.0 
r -1.1908981709150566 -4.525573697016197 -0.07533158508585393 -1.3156106096177995 -0.19757275984699144 0.0 0.0 
r -1.1837085307862656 -4.542623653970193 -0.06976482535913081 -1.3623578005341166 -0.18274068407559094 0.0 0.0 
r -1.17609674312581 -4.560892824485194 -0.06350886712758087 -1.4146055171649683 -0.16468437234275268 0.0 0.0 
r -1.1680133589031907 -4.580314537004167 -0.05654312368855169 -1.4717452633595056 -0.14298316518063658 0.0 0.0 
r -1.159415881230494 -4.600793240933713 -0.04885047649016619 -1.5327202915843403 -0.11726589710304544 0.0 0.0 
r -1.1502694499077302 -4.622214549816703 -0.040414067640058365 1.545579601532307 -0.08725572903589691 0.0 0.0 
r -1.1405458612856831 -4.644453951633222 -0.031214937905611383 1.4818803973322465 -0.05281615247559939 0.0 0.0 
r -1.1302223841215298 -4.667387082861198 -0.021228723709978973 1.4199395262090997 -0.014012613047305719 0.0 0.0 
r -1.1192802027939222 -4.690894724501368 -0.010424358634296919 1.3619787830803192 -3.1127581087936957 0.0 0.0 
r -1.1077019925954155 -1.5732730158741444 -3.140356019540584 1.310080580241324 -3.0664807955262643 0.0 0.0 
r -1.0954715023965753 -1.597599250153811 -3.127795218104599 1.2660376462775327 -3.017685154783946 0.0 0.0 
r -1.0825734661471849 -1.6221694406238323 -3.1142907611997614 1.231280125228746 -2.967540725157434 0.0 0.0 
r -1.068995169652746 -1.6468593377608307 -3.0998048504868727 1.2068755807735543 -2.91738394147448 0.0 0.0 
r -1.0547308517011562 -1.6715204527099974 -3.084315579463569 1.1935785905244938 -2.8685943408900463 0.0 0.0 
r -1.0397868581969985 -1.6959741382422426 -3.067826693656844 1.1918981772229214 -2.822457518645591 0.0 0.0 
r -1.0241872766529156 -1.720009759662087 -3.0503778181363597 1.2021469931996362 -2.7800516949744973 0.0 0.0 
r -1.00798128114176 -1.7433895807398287 -3.0320533772873226 1.224462510315582 -2.7421783390667906 0.0 0.0 
r -0.9912484420219707 -1.7658570586118747 -3.012990434289302 1.2587767354457504 -2.709342440453024 0.0 0.0 
r -0.9741035206491973 -1.78715395571969 -2.993380359004333 1.3047417515894106 -2.6817746965281337 0.0 0.0 
r -0.9566973305661531 -1.8070375103541945 -2.9734666111958976 1.3616195423750854 -2.65948367385906 0.0 0.0 
r -0.9392137667223872 -1.8252982387974506 -2.9535360564453064 1.4281658577120349 -2.642313538013815 0.0 0.0 
r -0.9218623905305756 -1.8417749425476881 -2.9339043097337876 1.5025568282424069 -2.6300013063477685 0.0 0.0 
r -0.9048691184748608 -1.8563642998915166 -2.9148976959086172 -1.5591803668712325 -2.622219362381045 0.0 0.0 
r -0.8884662641291716 -1.8690257280785467 -2.8968331206978193 -1.4766404388456624 -2.6186068298134755 0.0 0.0 
r -0.8728760167392303 -1.879779035828502 -2.8799970082061686 -1.3943181160866402 -2.6187882306752233 0.0 0.0 
r -0.8583004796914426 -1.888699342641717 -2.864627999863126 -1.3149199701877148 -2.622379701100085 0.0 0.0 
r -0.8449124019041282 -1.8959066842052035 -2.850905729543599 -1.2406973224377116 -2.6289875018067526 0.0 0.0 
r -0.832849018239334 -1.9015531106529113 -2.838946407743382 -1.1733097594262172 -2.6382024074289343 0.0 0.0 
r -0.8222113351848781 -1.9058127308724855 -2.828802612462251 -1.1138267449285595 -2.6495957272822594 0.0 0.0 
r -0.813067029197931 -1.9088680689440825 -2.820472625131809 -1.0628215777504426 -2.662717202513182 0.0 0.0 
r -0.8054564869962997 -1.91090005090589 -2.8139119882829142 -1.0205099990058146 -2.677099223573147 0.0 0.0 
r -0.7994025522761488 -1.9120798093258693 -2.8090483365908794 -0.9868884949547129 -2.6922702588459444 0.0 0.0 
r -0.7949188556967777 -1.9125617994217676 -2.805795877130694 -0.9618456799347018 -2.7077769962034144 0.0 0.0 
r -0.792020119966339 -1.9124802067224176 -2.8040686068255716 -0.9452440054785616 -2.7232131416934378 0.0 0.0 
r -0.7907300302657034 -1.9119442498723993 -2.803793043895118 -0.9369711903586151 -2.738250416265216 0.0 0.0 
r -0.7910888068759069 -1.9110379948617813 -2.804915617115976 -0.9369677937171819 -2.7526698745171196 0.0 0.0 
r -0.7931583206127267 -1.9098183708953376 -2.8074091476031504 -0.9452338163322123 -2.7663829877083255 0.0 0.0 
r -0.7970247104047297 -1.9083151040155477 -2.811274456977718 -0.9618187286360856 -2.7794407846412685 0.0 0.0 
r -0.8027980810832384 -1.9065291509381408 -2.8165400856407743 -0.9867907787627386 -2.7920329714581498 0.0 0.0 
r -0.810608190505831 -1.9044322645630705 -2.823256861326306 -1.020188562221849 -2.8044683428757944 0.0 0.0 
r -0.8205979185893004 -1.901964527585992 -2.8314916623485202 -1.0619500109402797 -2.817151009332202 0.0 0.0 
r -0.8329127693510426 -1.8990317453310817 -2.8413176793723727 -1.111821740576016 -2.8305458035837234 0.0 0.0 
r -0.8476857070423149 -1.8955017414059097 -2.8528021757000603 -1.1692554396038712 -2.8451440044193044 0.0 0.0 
r -0.8650172447346562 -1.8911995661568501 -2.865992416942865 -1.2333134750053487 -2.8614299448805176 0.0 0.0 
r -0.8849540928745698 -1.8859040488806076 -2.8809003866208194 -1.302609300931151 -2.879851228243836 0.0 0.0 
r -0.907465894902913 -1.8793427869947004 -2.8974897001644 -1.3753206678272427 -2.9007935827270814 0.0 0.0 
r -0.9324225324578381 -1.8711892918879751 -2.9156639205866592 -1.449295581814805 -2.9245566015695523 0.0 0.0 
r -0.9595809695367595 -1.8610631863735378 -2.935261128396079 -1.5222434615341298 -2.95133344908962 0.0 0.0 
r -0.988577248825958 -1.8485353091111019 -2.956052185885228 1.5496268911465034 -2.981190814931506 0.0 0.0 
r -1.0189353033069524 -1.8331371829598457 -2.977749384761347 1.4850336057990965 -3.0140556377775622 0.0 0.0 
r -1.050089732213831 -1.8143809486291116 -3.00002017737333 1.4270419044352625 -3.049699942221842 0.0 0.0 
r -1.0814210819833074 -1.79179163432708 -3.0225055473802556 1.3766554197305452 -3.087739023256907 0.0 0.0 
r -1.1123001270705601 -1.7649521560102825 -3.0448421743972585 1.3344443511357924 -3.1276391095014664 0.0 0.0 
r -1.1421304578850346 -1.73356453396391 -3.066682879228268 1.3006231492384004 -0.027148151322504414 0.0 0.0 
r -1.1703893998663748 -1.6975289419484736 -3.0877133170728857 1.275132294853838 -0.06870511260429997 0.0 0.0 
r -1.1966546183230755 -1.6570217169964458 -3.107666362587242 1.2577171982138016 -0.10993656110318277 0.0 0.0 
r -1.2206191283221872 -1.6125654470051614 -3.126329653694981 1.2479782715465557 -0.1500885853807293 0.0 0.0 
r -1.2420934663146712 -4.706658829814205 -0.0019544368054276447 1.2453992654361767 -0.1884895129960072 0.0 0.0 
r -1.2610001946723506 -4.6573717538357 -0.017627129271512963 1.249358251407898 -0.22459924620648059 0.0 0.0 
r -1.2773611663030857 -4.60780137586878 -0.03170705366850715 1.259125669393889 -0.25803894089782187 0.0 0.0 
r -1.2912837941500284 -4.559523079276383 -0.044192785805523487 1.273859418778927 -0.28860800617062776 0.0 0.0 
r -1.302946078839563 -4.513982492975478 -0.055121724233465993 1.292603224005107 -0.3162795018467899 0.0 0.0 
r -1.3125823436949111 -4.472317072416815 -0.06456241213402204 1.3142940131443341 -0.34118389119915343 0.0 0.0 
r -1.3204695310515238 -4.435246329026686 -0.07260656465954876 1.3377879040989118 -0.36358966467206283 0.0 0.0 
r -1.3269149103641733 -4.403048654007425 -0.07936055055316336 1.3618925338028636 -0.3838697750797216 0.0 0.0 
r -1.3322441314279938 -4.375607041875672 -0.08493834520258615 1.38541888739466 -0.40247487265547766 0.0 0.0 
r -1.3367885554788865 -4.352505914533592 -0.08945378108387994 1.4072315649420117 -0.41990660265869606 0.0 0.0 
r -1.3408717265010777 -4.333142491211662 -0.09301445143892244 1.4262981748767307 -0.43669148454648843 0.0 0.0 
r -1.3447968579137763 -4.316836744636603 -0.09571517730486793 1.441726347735198 -0.45335726318865716 0.0 0.0 
r -1.3488348215961883 -4.302913505327059 -0.09763540145328146 1.452789764434408 -0.47041541045056434 0.0 0.0 
r -1.3532120917733856 -4.290777842862651 -0.09883460603086476 1.458939055486185 -0.48834285892066265 0.0 0.0 
r -1.3581017915546694 -4.279961163541203 -0.09935138080620892 1.4597992260290005 -0.507569753697297 0.0 0.0 
r -1.3636163779253443 -4.270155771725326 -0.09920353929038567 1.4551654982336073 -0.5284693426632623 0.0 0.0 
r -1.369802236376198 -4.261243544266047 -0.0983894165171973 1.444989916401367 -0.5513495854838341 0.0 0.0 
r -1.3766362569327262 -4.253330034155942 -0.09688899979885257 1.429370422081421 -0.5764461732988343 0.0 0.0 
r -1.3840268751851972 -4.246775106895862 -0.09466703865142552 1.408539318396157 -0.6039187464359437 0.0 0.0 
r -1.3918166443527449 -4.242228980206146 -0.0916776738495132 1.3828488143532138 -0.6338442879494631 0.0 0.0 
r -1.3997887330360055 -4.240682275368076 -0.08786708893569019 1.3527578600489254 -0.6662152660941318 0.0 0.0 
r -1.4076768514143398 -4.243493235177785 -0.08318105714806531 1.3188119701293666 -0.7009369723078483 0.0 0.0 
r -1.415175333099162 -4.2524180684092325 -0.07756910082143591 1.2816230219217863 -0.7378282317096634 0.0 0.0 
r -1.4219521417911287 -4.269584867194844 -0.0709899168327176 1.2418395264230684 -0.7766231689324504 0.0 0.0 
r -1.4276670453119764 -4.297346448824314 -0.06341749418814062 1.2001142513162877 -0.8169791985158404 0.0 0.0 
r -1.4319862680327249 -4.337948074665769 -0.05484773037560998 1.157069653956737 -0.8584911261953553 0.0 0.0 
r -1.4345997359960698 -4.392926786820403 -0.0453024651554595 1.113264577594716 -0.9007070256845046 0.0 0.0 
r -1.4352381277423936 -4.46224596779928 -0.03483396441767205 1.0691649855900152 -0.9431523296463118 0.0 0.0 
r -1.4336883995456005 -4.543449550461002 -0.023529148517604796 1.0251261223513286 -0.98535228736049 0.0 0.0 
r -1.429808834287067 -4.631468308524493 -0.011509627350979254 0.9813773693126584 -1.0268567003211058 0.0 0.0 
r -1.4235414659303813 -1.5779939470298971 -3.1405250231136588 0.9380309057737172 -1.0672584121753588 0.0 0.0 
r -1.414920507584751 -1.6597446286841442 -3.1275783050157235 0.8950966451205432 -1.106205601145977 0.0 0.0 
r -1.4040779133137746 -1.7305943586778234 -3.1144771673310254 0.8525102369176358 -1.1434078052662644 0.0 0.0 
r -1.3912423673119194 -1.7885373803109397 -3.1014556429049747 0.8101781244541442 -1.1786331326836395 0.0 0.0 
r -1.376733032562662 -1.8336621151014603 -3.088755319361561 0.7680306621874402 -1.2116990452823724 0.0 0.0 
r -1.3609450045915266 -1.8673004016999046 -3.076614609500121 0.726080824200412 -1.2424613500825954 0.0 0.0 
r -1.344328609379484 -1.8912905557618824 -3.0652559613080066 0.6844848691570324 -1.2707997702960436 0.0 0.0 
r -1.3273635403836173 -1.9075084606290775 -3.054874929359125 0.6435848261111767 -1.296607735099113 0.0 0.0 
r -1.3105314007639768 -1.9176484154513627 -3.04562824615887 0.6039312702373806 -1.3197835227677905 0.0 0.0 
r -1.2942881597667295 -1.9231451779305293 -3.0376259709575537 0.5662643248520587 -1.340230000454592 0.0 0.0 
r -1.279039081544169 -1.925174945667698 -3.0309259221847005 0.5314557546635796 -1.35785680117308 0.0 0.0 
r -1.2651207289513002 -1.9246890169373243 -3.025531963592833 0.5004154714544093 -1.3725890951277897 0.0 0.0 
r -1.25278975790229 -1.9224525713652827 -3.021397080962233 0.47397915398444224 -1.3843796568861857 0.0 0.0 
r -1.2422182558083803 -1.9190823675487674 -3.018429341516143 0.4527993813330746 -1.3932232777450944 0.0 0.0 
r -1.2334960466441292 -1.915074437317422 -3.0165022559965893 0.43725928232476163 -1.3991709549915985 0.0 0.0 
r -1.2266369863884725 -1.9108279516968194 -3.015465353712124 0.42742471162719065 -1.4023413654451675 0.0 0.0 
r -1.22159119011683 -1.906655062498299 -3.015159356610993 0.4230360808300229 -1.4029301567876598 0.0 0.0 
r -1.21825512860192 -1.9027875205913782 -3.015428593876274 0.4235423666795574 -1.401208907171321 0.0 0.0 
r -1.2164845775025857 -1.8993749704669418 -3.0161345880912354 0.4281531372786973 -1.3975228743820596 0.0 0.0 
r -1.2161086304500874 -1.8964905725213863 -3.0171638556577274 0.43592036189950106 -1.3922771316854263 0.0 0.0 
r -1.216939591095151 -1.8941299328336474 -3.018433937966215 0.4458187193023499 -1.3859199869830303 0.0 0.0 
r -1.218783897616707 -1.8922167877188154 -3.019894817469261 0.456830710236073 -1.378918165091691 0.0 0.0 
r -1.2214517182641687 -1.8906092900256988 -3.0215280382506635 0.4680154724776452 -1.3717317242746458 0.0 0.0 
r -1.224764643357953 -1.88911707805583 -3.023340064329488 0.4785655392247311 -1.364786345648373 0.0 0.0 
r -1.2285613224433158 -1.8875173946076353 -3.0253553588677615 0.4878535020039904 -1.3584462371018269 0.0 0.0 
r -1.2327042295381379 -1.8855851426448764 -3.027605093031407 0.4954443117638269 -1.3529920458727942 0.0 0.0 
r -1.2370809494596926 -1.8831130200968804 -3.0301188692196606 0.5011174440638032 -1.348600766605801 0.0 0.0 
r -1.2416068564043843 -1.8799319886265744 -3.0329178705670836 0.5048672984528809 -1.345334339515874 0.0 0.0 
r -1.2462214451879519 -1.8759321272313885 -3.036006590465903 0.5069014266447804 -1.3431310226442195 0.0 0.0 
r -1.2508869681874064 -1.8710617925011386 -3.0393741539591597 0.5076372763214457 -1.3418048996133878 0.0 0.0 
r -1.25558086573381 -1.8653328432043303 -3.0429914428229377 0.5076980473336787 -1.3410478221004587 0.0 0.0 
r -1.260290887392383 -1.858808128991299 -3.0468156880177615 0.5078989095138732 -1.3404418537279787 0.0 0.0 
r -1.2650070031587348 -1.8515855304922768 -3.0507948793986293 0.5092292167230968 -1.3394727757495561 0.0 0.0 
r -1.2697152071879096 -1.8437802396524208 -3.0548730555308934 0.5128195136689943 -1.3375487411163722 0.0 0.0 
r -1.2743911635647986 -1.8355010305094572 -3.05899709220831 0.5198989578562968 -1.334024333452215 0.0 0.0 
r -1.278996801760258 -1.8268412226114221 -3.063119033250913 0.5317290566108565 -1.3282250478302364 0.0 0.0 
r -1.283479700366664 -1.8178730811260408 -3.0671979427927685 0.5495323204104797 -1.3194718900349547 0.0 0.0 
r -1.287775203206995 -1.8086508953280827 -3.071199629664007 0.5743974230227546 -1.307109297975597 0.0 0.0 
r -1.2918108580218468 -1.799219275518714 -3.0750953653572433 0.607178360030725 -1.2905326156074128 0.0 0.0 
r -1.2955116786896226 -1.789638726130494 -3.078855689852337 0.6483916131170533 -1.2692126172411176 0.0 0.0 
r -1.298808694242207 -1.7800040362334477 -3.0824474299782216 0.6981236151923689 -1.242722734570992 0.0 0.0 
r -1.3016459042837152 -1.770464917429392 -3.0858294060022637 0.7559668122791361 -1.2107637560054658 0.0 0.0 
r -1.3039853832591586 -1.7612396745589243 -3.08894930232734 0.8210118008646993 -1.173191406125088 0.0 0.0 
r -1.3058105149113308 -1.752619470128665 -3.0917421110924845 0.8919062350278688 -1.1300400411463403 0.0 0.0 
r -1.307127571903825 -1.7449555702175141 -3.094132191851654 0.966990633155101 -1.0815415800094967 0.0 0.0 
r -1.3079620551674536 -1.7386351683255117 -3.0960368266107405 1.0444815528945615 -1.0281342951617973 0.0 0.0 
r -1.3083536411839332 -1.734055527853695 -3.097369894291593 1.1226676355485274 -0.9704583056043801 0.0 0.0 
r -1.3083485570295421 -1.7315848958620443 -3.098049141423085 1.2000624335522128 -0.9093306064596777 0.0 0.0 
r -1.307991463570421 -1.7315358660972129 -3.098000668460187 1.2754969173006485 -0.845700991098622 0.0 0.0 
r -1.3073169138882008 -1.7341341972720348 -3.0971653488534825 1.3481313252428937 -0.7805933776329425 0.0 0.0 
r -1.30634328357327 -1.7394928950282387 -3.0955047175935446 1.4174241419814337 -0.7150398679103561 0.0 0.0 
r -1.305067524387042 -1.7476011278580625 -3.093003056648389 1.4830635892544597 -0.6500183810878544 0.0 0.0 
r -1.303464349316699 -1.7583121344435684 -3.0896705128928494 1.5448976870725117 -0.5864023377574649 0.0 0.0 
r -1.301487875319917 -1.7713393279808114 -3.0855446061207084 -1.5387162835867825 -0.5249337703549211 0.0 0.0 
r -1.2990759488477455 -1.7862654121570418 -3.080689353964037 -1.4845914227438028 -0.466209492044422 0.0 0.0 
r -1.2961571184019358 -1.8025591048955296 -3.075194245951678 -1.434295464029944 -0.4106873675225848 0.0 0.0 
r -1.2926592974544553 -1.8196048947360854 -3.0691718795699807 -1.387795550887075 -0.35870249145483224 0.0 0.0 
r -1.2885191167722108 -1.8367466041541318 -3.062753666823898 -1.3450589190337578 -0.3104857217405008 0.0 0.0 
r -1.2836922431470144 -1.853333714162761 -3.056086138546023 -1.3060507733188946 -0.26618294115810426 0.0 0.0 
r -1.2781607024949095 -1.8687704714739304 -3.0493252389460612 -1.270731164055674 -0.22587026118754505 0.0 0.0 
r -1.2719400780342889 -1.882560740588012 -3.0426296730656475 -1.2390479896337436 -0.18956482109857228 0.0 0.0 
r -1.2650831589890914 -1.894337202178722 -3.036154510394201 -1.21092902343117 -0.15723153521114847 0.0 0.0 
r -1.257680835604925 -1.903878013641502 -3.0300437091093437 -1.1862796195385519 -0.12878631620501177 0.0 0.0 
r -1.2498592972286369 -1.91110887212679 -3.0244222774612517 -1.1649778906433303 -0.10409798418687372 0.0 0.0 
r -1.2417750733372535 -1.9160933002520841 -3.0193889629155275 -1.1468714307114936 -0.08298950531578339 0.0 0.0 
r -1.2336059266365873 -1.9190079237906035 -3.0150118577642373 -1.1317790817154345 -0.06524069954348548 0.0 0.0 
r -1.2255407192082581 -1.9201196980742417 -3.0113237116144953 -1.1194924484986428 -0.050592984043452895 0.0 0.0 
r -1.2177682432567922 -1.9197593053003275 -3.0083203832700516 -1.1097810007216515 -0.03875654447803485 0.0 0.0 
r -1.210465863417905 -1.9182950512161077 -3.005962022603182 -1.1023973692280977 -0.029420001212937117 0.0 0.0 
r -1.2037897230750056 -1.916112129931396 -3.0041758799718647 -1.0970858015199108 -0.02226111433227219 0.0 0.0 
r -1.197866899977863 -1.9135905974447445 -3.002863308339778 -1.0935902062550669 -0.01695884347227689 0.0 0.0 
r -1.1927908171073276 -1.9110931499129256 -3.001906123901738 -1.0916639124181033 -0.013204221669327797 0.0 0.0 
r -1.1886188841256347 -1.908946068555958 -3.0011781030634035 -1.091076493864708 -0.01071292870915802 0.0 0.0 
r -1.1853717965894548 -1.9074330940490363 -3.0005519785024077 -1.091624745808957 -0.009233078210209966 0.0 0.0 
r -1.1830362579846945 -1.9067858793148242 -2.9999088762331265 -1.09313705981466 -0.008553965365761943 0.0 0.0 
r -1.1815692947767675 -1.907179676079555 -2.999145127929263 -1.0954789712901831 -0.008512705687214357 0.0 0.0 
r -1.180901146168456 -1.9087244415872964 -2.9981793225269184 -1.0985590483413687 -0.008998129264970008 0.0 0.0 
r -1.180940172851141 -1.911465537034593 -2.9969545302548037 -1.1023304277655381 -0.009954080687160728 0.0 0.0 
r -1.1815777870160933 -1.9153822561996525 -2.9954403159321705 -1.1067919796497894 -0.011383426121777738 0.0 0.0 
r -1.1826918430217348 -1.9203907181566184 -2.9936312848846396 -1.1119892352805876 -0.013347686386795572 0.0 0.0 
r -1.18415084247277 -1.9263459749894027 -2.9915458422883914 -1.1180131775386823 -0.01596872094698491 0.0 0.0 
r -1.1858165226581923 -1.9330505294940048 -2.9892213390160998 -1.124999477989253 -0.01942729134241995 0.0 0.0 
r -1.1875462515316546 -1.94026050713362 -2.986710526687197 -1.1331248232825417 -0.023961118575691054 0.0 0.0 
r -1.189196345098663 -1.94769892147585 -2.9840758571962316 -1.1426073582231169 -0.029857464173244898 0.0 0.0 
r -1.1906248601761074 -1.9550705088590803 -2.98138373194056 -1.1537014551614173 -0.03744759310530271 0.0 0.0 
r -1.191694829380214 -1.9620757523819732 -2.9787002543602097 -1.166694186852642 -0.04709532570025992 0.0 0.0 
r -1.1922774896761492 -1.96842830931794 -2.976086294709572 -1.1819041343400039 -0.05918404270654767 0.0 0.0 
r -1.192256150094882 -1.97386950554168 -2.973594812857001 -1.1996772177060648 -0.07410408434641368 0.0 0.0 
r -1.1915304105262943 -1.9781821644968518 -2.9712689686967413 -1.220387912597768 -0.09223585229560127 0.0 0.0 
r -1.1900211644150471 -1.981203132388457 -2.9691411235629968 -1.2444364965839902 -0.11393669395969601 0.0 0.0 
r -1.1876741769483443 -1.982830841153032 -2.9672329154084935 -1.2722506128128268 -0.1395264589697692 0.0 0.0 
r -1.1844637931018511 -1.9830261548858306 -2.9655576321536423 -1.3042906422641627 -0.1692728888361748 0.0 0.0 
r -1.1803960934835545 -1.9818114826576374 -2.964122054966939 -1.341049835058262 -0.20337879919735263 0.0 0.0 
r -1.1755099756173877 -1.9792609809036075 -2.9629303525273 -1.3830557383514552 -0.2419681383037441 0.0 0.0 
r -1.169877196744059 -1.9754892425041752 -2.9619873139650403 -1.4308630517648955 -0.28507095077858585 0.0 0.0 
r -1.1636000323989073 -1.970635209480215 -2.9613021976235445 -1.485037225508325 -0.3326094325465945 0.0 0.0 
r -1.1568068455317695 -1.9648446113051234 -2.96089232506629 -1.5461190975284027 -0.38438314126038214 0.0 0.0 
r -1.149644740557388 -1.9582505201562381 -2.9607867945074466 1.5270312233154049 -0.4400562141410741 0.0 0.0 
r -1.142270622982199 -1.9509598950420965 -2.961027463027471 1.4509639493693136 -0.4991495202471611 0.0 0.0 
r -1.1348414154529203 -1.9430426798194949 -2.96166932193539 1.3673258091977196 -0.5610417182159346 0.0 0.0 
r -1.12750299394131 -1.9345241739643082 -2.9627796469795573 1.2766460426773565 -0.6249817945522953 0.0 0.0 
r -1.1203794089595918 -1.9253859080952789 -2.964433674464618 1.1800625418312571 -0.6901172784175337 0.0 0.0 
r -1.1135644372241156 -1.9155715159157072 -2.9667091103099277 1.0793717418701472 -0.7555348807420297 0.0 0.0 
r -1.1071158056989043 -1.9049979749622585 -2.9696790950186176 0.9769342314277825 -0.8203124167898136 0.0 0.0 
r -1.1010538156694123 -1.8935712863037277 -2.9734046478885072 0.875418412618402 -0.8835756869308075 0.0 0.0 
r -1.0953628647455738 -1.8812055422842509 -2.9779264051912717 0.7774372456108859 -0.9445506166961095 0.0 0.0 
r -1.089998924486314 -1.8678414684139033 -2.9832589963835243 0.6851906614636061 -1.0026059471599003 0.0 0.0 
r -1.084897727722073 -1.853463569835022 -2.989386263217447 0.6002325946748369 -1.0572758543370495 0.0 0.0 
r -1.0799851107394827 -1.83811221864715 -2.996259777668062 0.5234005843292587 -1.1082709587621253 0.0 0.0 
r -1.0751885461418071 -1.821891269862531 -3.003799533804583 0.4548938854694617 -1.155468953749065 0.0 0.0 
r -1.0704477044542937 -1.8049637937826764 -3.011899758849336 0.39442178791499105 -1.1988961099067892 0.0 0.0 
r -1.0657211714113468 -1.7875468537137642 -3.020432603479526 0.3413762619385368 -1.2386987649309549 0.0 0.0 
r -1.060993734730185 -1.769890712426711 -3.029259495548655 0.2949772642490645 -1.275111422133517 0.0 0.0 
r -1.0562753687214654 -1.7522618767296543 -3.0382370442405504 0.25438976191397855 -1.3084207218672828 0.0 0.0 
r -1.0516036977574452 -1.734922059585612 -3.047226127834862 0.21879953738742733 -1.3389351459996364 0.0 0.0 
r -1.0470398699299142 -1.71810988832582 -3.056098210798352 0.18746362731562013 -1.3669559732256398 0.0 0.0 
r -1.0426661591020243 -1.702028461388635 -3.064739877265722 0.1597405815038503 -1.3927522988009167 0.0 0.0 
r -1.0385795328099494 -1.6868373522133822 -3.073055370965476 0.13510415217376404 -1.4165433051102463 0.0 0.0 
r -1.0348870900730525 -1.6726530326794131 -3.0809660563293346 0.11314946928448516 -1.438484036939536 0.0 0.0 
r -1.0317008922323334 -1.659554998044504 -3.0884074874609353 0.09358817168567181 -1.458660532009821 0.0 0.0 
r -1.029133498810851 -1.647596363620336 -3.0953246478914687 0.07623950901174635 -1.4770876283890488 0.0 0.0 
r -1.0272926501631 -1.6368171695670708 -3.1016658824599275 0.061017523411343845 -1.493709249343589 0.0 0.0 
r -1.026276775370421 -1.6272612282847692 -3.1073750559082 0.047914366309655405 -1.5083999121590383 0.0 0.0 
r -1.0261700837042538 -1.6189883739335071 -3.112386698079142 0.03698246478885349 -1.5209625383111194 0.0 0.0 
r -1.0270355207115385 -1.6120887044100602 -3.1166202042440103 0.028316913943579748 -1.5311189810621932 0.0 0.0 
r -1.02890782634665 -1.6066904704544038 -3.1199784750595003 0.022038920335465607 -1.5384884852764777 0.0 0.0 
r -1.0317852067952689 -1.6029678757345618 -3.1223470289662374 0.018285186742669907 -1.5425428587161283 0.0 0.0 
r -1.0356207084448565 -1.601137706903505 -3.1235999534048644 0.01720007486256974 -1.54252997235923 0.0 0.0 
r -1.0403131716935112 -1.6014550002833048 -3.1236056148595552 0.018933493368160765 -1.5373404353518574 0.0 0.0 
r -1.0457008042960174 -1.6042033399602162 -3.1222335943011896 0.02364348555745992 -1.5252722392854785 0.0 0.0 
r -1.0515579034533327 -1.6096674259180979 -3.1193683002944947 0.031507610968571916 -1.5035890240117165 0.0 0.0 
r -1.0575973318441205 -1.6181035279074216 -3.114918337569619 0.042733339637710165 -1.467672290589632 0.0 0.0 
r -1.0634752944347767 -1.6296986275434149 -3.1088258130816424 0.05757675514637902 -1.4092476383249009 0.0 0.0 
r -1.068805836654666 -1.6445226059341211 -3.1010737549432514 0.07636049876054381 -1.3125126720482387 0.0 0.0 
r -1.0731810199168208 -1.662476249124942 -3.0916926495157355 0.09949420871756234 -1.145795366671301 0.0 0.0 
r -1.0761932977679713 -1.683254963295208 -3.0807601532668643 0.12749709231657558 -0.8503271856071968 0.0 0.0 
r -1.0774627088951385 -1.7063297054365338 -3.068400824777203 0.1610174646383716 -0.38158543125577776 0.0 0.0 
r -1.0766636055145935 -1.7309640367086998 -3.0547822095290615 0.20085007531081603 -3.0284067157473173 0.0 0.0 
r -1.0735499693715853 -1.7562711123180879 -3.0401089034910838 0.24794137570931568 -2.697129413424712 0.0 0.0 
r -1.067975732259715 -1.7813047088975875 -3.0246147641663437 0.3033723320603805 -2.5092368338391813 0.0 0.0 
r -1.0599089310133913 -1.8051663624686127 -3.008553635357892 0.368297769165463 -2.4010278741194475 0.0 0.0 
r -1.049437493712897 -1.8271010500405784 -2.9921905589315796 0.4438116656929106 -2.3357855868117623 0.0 0.0 
r -1.0367681479906152 -1.8465668395119184 -2.975790830468681 0.5307010881512181 -2.2951320505576938 0.0 0.0 
r -1.0222145230168391 -1.8632605692546735 -2.9596105489811744 0.6290752825860472 -2.2694727368363554 0.0 0.0 
r -1.006177554959995 -1.8771070354563406 -2.943886831158357 0.7379140281385076 -2.253425733602897 0.0 0.0 
r -0.9891187754634692 -1.8882208544464345 -2.9288289883108694 0.8547003838943626 -2.2437513113051324 0.0 0.0 
r -0.9715296036594179 -1.8968532515451906 -2.9146126689149763 0.975406647081944 -2.238372669866106 0.0 0.0 
r -0.9539003848013891 -1.9033398906513117 -2.901374983936259 1.0950364988435108 -2.2358853221810393 0.0 0.0 
r -0.9366910590630472 -1.908055489389768 -2.8892114402736215 1.208605550708917 -2.235295934312683 0.0 0.0 
r -0.9203079013353915 -1.9113755787433173 -2.8781780662549132 1.3121175786448163 -2.2358785709583633 0.0 0.0 
r -0.9050873906873264 -1.9136527247542114 -2.8682931948754775 1.4030983936021164 -2.2370934728846876 0.0 0.0 
r -0.891287883483548 -1.915200239685404 -2.8595427746836646 1.4805773089589866 -2.2385384395191474 0.0 0.0 
r -0.879087617472557 -1.9162832538293049 -2.851886881920899 1.5447213024349946 -2.239919804266108 0.0 0.0 
r -0.8685897939569787 -1.9171178250612564 -2.8452655422976765 -1.5452038035007445 -2.2410327714903078 0.0 0.0 
r -0.8598308140762879 -1.9178728247768646 -2.8396048645142518 -1.5048285897275306 -2.2417465645602634 0.0 0.0 
r -0.8527913835906098 -1.9186752296215959 -2.834822033882903 -1.4744723144035965 -2.241991548870618 0.0 0.0 
r -0.8474072062003274 -1.9196176072776336 -2.8308278462781766 -1.4529008543709963 -2.2417468324791296 0.0 0.0 
r -0.8435805180204969 -1.9207670688273522 -2.8275279191261813 -1.4389735211273642 -2.241027992440202 0.0 0.0 
r -0.8411898449666628 -1.9221741201909217 -2.8248224784840654 -1.4316562934553294 -2.2398746691131115 0.0 0.0 
r -0.8400989184776746 -1.9238818723884326 -2.822604945449717 -1.4300147318226166 -2.238338817541676 0.0 0.0 
r -0.840163919446601 -1.9259341047176337 -2.8207603368059786 -1.4331989483428367 -2.236474002443633 0.0 0.0 
r -0.8412389650327119 -1.928381180410435 -2.8191644567592293 -1.4404297630873466 -2.234328327004995 0.0 0.0 
r -0.84318068791176 -1.9312837722365048 -2.8176844684127653 -1.4509869958440789 -2.231938643955847 0.0 0.0 
r -0.8458515991371569 -1.9347136862894652 -2.816181270906847 -1.4642038659445622 -2.2293284778390534 0.0 0.0 
r -0.8491242482058695 -1.9387535822511412 -2.814513171170621 -1.4794623671941907 -2.2265085641752336 0.0 0.0 
r -0.8528830338278781 -1.9434921116834414 -2.812542002947385 -1.496195421402025 -2.2234800837350828 0.0 0.0 
r -0.8570256360531593 -1.9490170383539338 -2.8101404078283343 -1.5138906806871126 -2.2202376265272523 0.0 0.0 
r -0.8614634955182909 -1.9554078416652094 -2.8071985165898226 -1.5320945054475956 -2.216777106887581 0.0 0.0 
r -0.8661242124793045 -1.9627273347703338 -2.8036322898337445 -1.550416388072135 -2.2130968030086398 0.0 0.0 
r -0.8709491805875614 -1.9710163437328894 -2.799385858984458 -1.5685303846205594 -2.2092059850786296 0.0 0.0 
r -0.8758951316101911 -1.9802858261777223 -2.7944384604093786 1.5554164954811325 -2.20512413689912 0.0 0.0 
r -0.8809307994733827 -1.9905150800161815 -2.7888029057084336 1.5384355817770168 -2.2008824231812216 0.0 0.0 
r -0.8860363042389701 -2.001650996331546 -2.7825250614441557 1.522255968549305 -2.1965233549937877 0.0 0.0 
r -0.8911998196308367 -2.013610790279636 -2.77567878742177 1.5069541800280983 -2.1920969251397886 0.0 0.0 
r -0.896415769889083 -2.0262865351420736 -2.768360593398284 1.4925498941687416 -2.187655501973529 0.0 0.0 
r -0.9016813019273516 -2.0395500659742245 -2.760683033827227 1.4790064857763983 -2.1832478821964942 0.0 0.0 
r -0.9069959922898211 -2.0532622540485823 -2.752766767277667 1.4662272268178753 -2.1789128764716907 0.0 0.0 
r -0.9123563795272396 -2.067275149377563 -2.7447351601062904 1.454051298938055 -2.17467567112569 0.0 0.0 
r -0.9177583263187445 -2.0814417517734896 -2.7367079511658976 1.4422447204516606 -2.1705415538911685 0.0 0.0 
r -0.9231957853871788 -2.095620233073876 -2.728797212772091 1.430490952042223 -2.1664936502020087 0.0 0.0 
r -0.9286584802898071 -2.1096742116847924 -2.7211057258159 1.4183788454500281 -2.1624918436137897 0.0 0.0 
r -0.9341371155602253 -2.1234798303980673 -2.7137253275185484 1.4053896996274788 -2.158473625047141 0.0 0.0 
r -0.9396233959274984 -2.136925984419854 -2.706737256673019 1.3908914970011375 -2.154358474693012 0.0 0.0 
r -0.9451120866969718 -2.1499152317614247 -2.7002134765564914 1.3741281052881276 -2.1500518621976394 0.0 0.0 
r -0.9506043246395717 -2.1623670684913963 -2.6942170631444333 1.3542278805342758 -2.145453649668447 0.0 0.0 
r -0.9561114325567818 -2.1742193875336424 -2.6888046304418998 1.3302147963167361 -2.1404685452731256 0.0 0.0 
r -0.9616561745829096 -2.1854282743523714 -2.6840280657773907 1.3010414307429272 -2.1350171682772756 0.0 0.0 
r -0.9672741476391195 -2.1959680960936634 -2.6799360321832815 1.2656449275852315 -2.1290471560430766 0.0 0.0 
r -0.9730131113774128 -2.205832000858016 -2.6765732728039144 1.2230386187054991 -2.1225479797304314 0.0 0.0 
r -0.9789321306360858 -2.2150266686950775 -2.6739844285707237 1.1724533854505461 -2.115565081090219 0.0 0.0 
r -0.9850978719385474 -2.2235710573040652 -2.6722118825192065 1.1135234562866458 -2.1082165277723126 0.0 0.0 
r -0.9915786661488812 -2.231489089123009 -2.6712965153494057 1.0465052310914502 -2.1007108560375225 0.0 0.0 
r -0.9984376175963002 -2.2388002959109996 -2.671279043432233 0.9724702694764805 -2.093368077943417 0.0 0.0 
r -1.0057248176994724 -2.245511736713799 -2.6721991729709265 0.8933943185034331 -2.0866465297155186 0.0 0.0 
r -1.0134695576562636 -2.251607003323148 -2.6740967694607116 0.8120370652224544 -2.081176047770389 0.0 0.0 
r -1.0216720624496134 -2.2570353167069985 -2.6770119753696995 0.731595597841358 -2.077805654516707 0.0 0.0 
r -1.0302980852624881 -2.2617037269547597 -2.6809846860407407 0.6552170151792547 -2.0776731854639805 0.0 0.0 
r -1.0392756534494259 -2.2654692727358823 -2.6860553203610507 0.5855492881837936 -2.0823094347868203 0.0 0.0 
r -1.0484949150812073 -2.2681347485531713 -2.6922647778089246 0.5244754308707963 -2.0937999165104824 0.0 0.0 
r -1.0578108516931348 -2.2694475189170795 -2.6996540245143628 0.47307808136749907 -2.1150394199521845 0.0 0.0 
r -1.0670515653225936 -2.2691062264733173 -2.708262323271877 0.43177413929657416 -2.150128679090621 0.0 0.0 
r -1.0760286900575076 -2.2667705399032094 -2.718125507675227 0.4005199513224532 -2.2049619847797604 0.0 0.0 
r -1.084550177031742 -2.2620778309427427 -2.729272202990909 0.37901387203685694 -2.287963537374942 0.0 0.0 
r -1.0924352944093558 -2.2546670339091044 -2.741718629195147 0.3668526009985945 -2.4104434220410313 0.0 0.0 
r -1.099528749014662 -2.2442067118057456 -2.7554623601621504 0.3636360196752302 -2.584490462693335 0.0 0.0 
r -1.1057148744761816 -2.2304296478741943 -2.770474810048796 0.36902740969038145 -2.813803084137077 0.0 0.0 
r -1.1109269642696038 -2.213169927237963 -2.7866914773015226 0.3827785771146872 -3.0777531350475775 0.0 0.0 
r -1.11515395097792 -2.192399252892034 -2.804003869380727 0.4047252005748975 -0.19047530961776074 0.0 0.0 
r -1.118440360450075 -2.168257738157055 -2.82225183752739 0.43476102709494857 -0.39926467718943576 0.0 0.0 
r -1.1208837762428592 -2.1410745228614223 -2.8412209546005176 0.4727870151609333 -0.5547944851606176 0.0 0.0 
r -1.1226212989709543 -2.111365001173718 -2.8606443787359717 0.5186355761737769 -0.6662453514684269 0.0 0.0 
r -1.1238162572934058 -2.0798129492186135 -2.880210374145337 0.5719721614455905 -0.7457113503252482 0.0 0.0 
r -1.1246397083064519 -2.047228418845727 -2.899575882449119 0.6321769379879882 -0.8029390369194251 0.0 0.0 
r -1.1252536860465805 -2.014489443329085 -2.9183860960396055 0.6982298191301746 -0.8447964038560857 0.0 0.0 
r -1.1257956634270094 -1.9824751920070638 -2.9362963485830567 0.7686300260809393 -0.8759445201021354 0.0 0.0 
r -1.1263690511312157 -1.9520007018101173 -2.952995182286079 0.8413963040569431 -0.8995393744037895 0.0 0.0 
r -1.1270369890880634 -1.9237630161872215 -2.9682231258320484 0.9141740073174878 -0.917739189537447 0.0 0.0 
r -1.1278238452845222 -1.8983072545473139 -2.9817857797891727 0.9844491931167093 -0.9320401072795178 0.0 0.0 
r -1.1287206110825132 -1.876010343951923 -2.993560429422631 1.0498193448721391 -0.9434938034331672 0.0 0.0 
r -1.1296932808472915 -1.8570795923890608 -3.0034969273593903 1.1082449972972532 -0.952848784202175 0.0 0.0 
r -1.1306938881647441 -1.841564215292081 -3.0116132595360767 1.1582204115898391 -0.9606446822567186 0.0 0.0 
r -1.1316691020154959 -1.8293741348538468 -3.0179868108424523 1.1988295797117678 -0.9672751307104022 0.0 0.0 
r -1.1325716680022917 -1.8203034854603612 -3.022744705532727 1.2297176246511514 -0.9730321260872008 0.0 0.0 
r -1.1333672970535782 -1.814055887416225 -3.0260524732812026 1.2510045345342902 -0.9781367105959701 0.0 0.0 
r -1.1340385523036383 -1.810270962102731 -3.028102284335541 1.2631834474996544 -0.9827603652912997 0.0 0.0 
r -1.1345862861701899 -1.8085471671792082 -3.029103340278254 1.2670239520803048 -0.9870389918528779 0.0 0.0 
r -1.1350284624117393 -1.8084665421150548 -3.0292713565362126 1.263485928155919 -0.99108284351699 0.0 0.0 
r -1.1353968505887462 -1.809620804196148 -3.0288171303101463 1.2536513402174476 -0.9949811226413735 0.0 0.0 
r -1.1357292947865212 -1.8116270866625552 -3.027938711619793 1.2386638812476662 -0.9988034648662073 0.0 0.0 
r -1.1360625990024937 -1.8141445195673689 -3.0268127704471866 1.2196737037786156 -1.0026017192043037 0.0 0.0 
r -1.1364254952287653 -1.8168865455551269 -3.025587321849989 1.1977898590745624 -1.0064078183843856 0.0 0.0 
r -1.1368305069560567 -1.8196266026986767 -3.0243766651592825 1.1740356770865361 -1.0102338601685656 0.0 0.0 
r -1.137269850974206 -1.822200024096848 -3.023258926657944 1.1493136779794142 -1.0140715883614069 0.0 0.0 
r -1.1377111867130911 -1.8244979727823571 -3.022277291556575 1.1243874892467223 -1.0178929144776847 0.0 0.0 
r -1.1381012132525612 -1.8264673534747737 -3.0214408413590625 1.099866650912171 -1.021654538761165 0.0 0.0 
r -1.138368537494462 -1.8280952446244019 -3.0207329404873686 1.0762128814291967 -1.025302295450415 0.0 0.0 
r -1.1384315894165349 -1.8294017267304734 -3.020117302247025 1.0537493385069694 -1.028776471932226 0.0 0.0 
r -1.1382115081959434 -1.8304353967200673 -3.0195444172026136 1.0326786178132608 -1.0320192055648614 0.0 0.0 
r -1.1376381757149243 -1.831257042446627 -3.0189615409902566 1.01310605092624 -1.0349802841191176 0.0 0.0 
r -1.1366618902654417 -1.8319342158760776 -3.0183190476132156 0.9950612064032714 -1.037622179343382 0.0 0.0 
r -1.1352610296715426 -1.8325342800831457 -3.0175761640699927 0.978521512668289 -1.0399240786956947 0.0 0.0 
r -1.1334439763912658 -1.833120253615827 -3.016703480418963 0.9634304674794594 -1.04188112061493 0.0 0.0 
r -1.1312492727601922 -1.8337426982169565 -3.015686923613254 0.9497140297492351 -1.043504800404814 0.0 0.0 
r -1.1287433895726826 -1.8344404655026871 -3.014526789453178 0.9372942069968988 -1.0448212091851778 0.0 0.0 
r -1.1260150772894013 -1.8352376854093027 -3.013237707932003 0.926098456160764 -1.0458672722147129 0.0 0.0 
r -1.1231658053165428 -1.8361402238276683 -3.011847784426506 0.9160634726622455 -1.046685536078465 0.0 0.0 
r -1.1203026450567233 -1.8371420236684828 -3.010393605523532 0.9071364679642644 -1.0473196118312083 0.0 0.0 
r -1.117527845550466 -1.838219826058002 -3.0089199293392364 0.8992756084134109 -1.0478099945186647 0.0 0.0 
r -1.1149335464849892 -1.8393364429144732 -3.0074765950679723 0.8924486827623295 -1.048191897550882 0.0 0.0 
r -1.1125973445348842 -1.8404450373905958 -3.0061149271719225 0.8866325067784101 -1.048492058061842 0.0 0.0 
r -1.110580442788038 -1.841490320176057 -3.004886339416458 0.8818091638965614 -1.0487296143640692 0.0 0.0 
r -1.1089270110446487 -1.842415127048184 -3.00383833965229 0.8779650508872505 -1.0489155445284195 0.0 0.0 
r -1.107667020202486 -1.8431653123551974 -3.0030124280565706 0.8750899690190036 -1.049054289093694 0.0 0.0 
r -1.1068190088385714 -1.8436941811571217 -3.002442181222437 0.8731775510448617 -1.0491474044463207 0.0 0.0 
