l -1.0627272397972123 -0.37463078741904654 0.9559580361585326 -1.5588735928216342 0.6622543392236219 0.0 0.0 
l -1.0636826546732563 -0.373927811233969 0.9558716408898862 -1.5597237133755328 0.6653285127838845 0.0 0.0 
l -1.0650746553651713 -0.3728982926847725 0.9557535198042106 -1.5609011298134188 0.6699112941963093 0.0 0.0 
l -1.06685316655768 -0.37157233720877975 0.9556180310504041 -1.5622943091353139 0.6759669561797704 0.0 0.0 
l -1.0689501891079902 -0.3699905997720753 0.9554850043915599 -1.5637696957605467 0.6834456363071572 0.0 0.0 
l -1.071280813082197 -0.368202210490465 0.9553815328176818 -1.565171536785653 0.6922810018628973 0.0 0.0 
l -1.0737454811412337 -0.36626480626406244 0.9553394218565481 -1.5663321813356559 0.7023897479136851 0.0 0.0 
l -1.0762302514017124 -0.3642431888188221 0.9553967531376043 -1.5670886848970602 0.7136660059831942 0.0 0.0 
l -1.078611575097968 -0.36220694815413507 0.955595779809389 -1.5672793065587611 0.7259848077584801 0.0 0.0 
l -1.0807609192937464 -0.36022776430958214 0.9559813408183095 -1.5667583681102721 0.7391994036402395 0.0 0.0 
l -1.0825511176890243 -0.3583758330433627 0.9565984491777303 -1.5654032224730965 0.7531422883791896 0.0 0.0 
l -1.0838622292082989 -0.3567165650173082 0.9574899448399681 -1.5631225163206734 0.7676270235850791 0.0 0.0 
l -1.0845882792892854 -0.355306536260033 0.9586941685821909 -1.5598511196362483 0.7824537145048807 0.0 0.0 
l -1.0846420419124168 -0.3541912471206046 0.9602422998806289 -1.555568784399071 0.7974140902453868 0.0 0.0 
l -1.0839589777197007 -0.3534038286075484 0.9621554113374062 -1.5502940147843685 0.8122977947161081 0.0 0.0 
l -1.0824995319489323 -0.3529623970457381 0.9644455695378112 -1.544086238618079 0.8268953794260567 0.0 0.0 
l -1.0802508505057873 -0.352872030489324 0.967111221326206 -1.5370511741500925 0.8410086148597311 0.0 0.0 
l -1.077222134682079 -0.35312629060521017 0.9701407255486496 -1.5293516595204608 0.8544573934544928 0.0 0.0 
l -1.073445416714037 -0.35370927131174584 0.9735092603241922 -1.5211667748520517 0.8670674026829223 0.0 0.0 
l -1.0689708142761865 -0.35459847892962454 0.9771809610084168 -1.512735210924418 0.8786888840933045 0.0 0.0 
l -1.0638664860516969 -0.3557672893001844 0.9811065709768764 -1.5043177824074325 0.8891877353823219 0.0 0.0 
l -1.0582131576313192 -0.3571882332907517 0.9852259907011848 -1.4961979437065362 0.8984415774640585 0.0 0.0 
l -1.052099125055889 -0.3588366891453053 0.9894695788192289 -1.4886806091830698 0.9063298694326722 0.0 0.0 
l -1.04562694711789 -0.360689452180407 0.9937540262466208 -1.4820680186171868 0.9127345500790591 0.0 0.0 
l -1.038914020438972 -0.36272541756630866 0.9979819448335834 -1.4766672756572072 0.9175307441641322 0.0 0.0 
l -1.0320944593935155 -0.3649244377283932 1.0020424588581507 -1.4727674120055267 0.9205798421272343 0.0 0.0 
l -1.0253251387709477 -0.3672655334320038 1.005808144054765 -1.4706285303392612 0.9217240561111114 0.0 0.0 
l -1.0187899524393307 -0.36972637501899 1.0091318691003435 -1.470489363469923 0.9207890082668644 0.0 0.0 
l -1.0127038466682208 -0.3722833250845247 1.0118426742399391 -1.4725412034422778 0.9175797240594176 0.0 0.0 
l -1.0073144270192023 -0.3749095499440547 1.0137459049656803 -1.4769252193474707 0.9118859332216083 0.0 0.0 
l -1.0029036812581968 -0.37757465209293123 1.0146199887596152 -1.4837225445788986 0.9034875683470367 0.0 0.0 
l -0.9997829166294113 -0.38024613964097287 1.0142160053557374 -1.4929408732027227 0.8921633359723744 0.0 0.0 
l -0.9982847939438971 -0.38289114403677166 1.012257878596207 -1.5045174202240994 0.8777052212400238 0.0 0.0 
l -0.9987525160467149 -0.38547509507275535 1.0084471960785935 -1.5183130348504479 0.859920120621706 0.0 0.0 
l -1.001522322121664 -0.3879637006151507 1.002468286459954 -1.5341068547021643 0.8386510500857958 0.0 0.0 
l -1.0069047242300555 -0.3903220868792037 0.9939967724983246 -1.5516174893662964 0.8137765441620681 0.0 0.0 
l -1.015164007035677 -0.39251385865621785 0.9827095659259887 -1.570506567252328 0.7852283211230793 0.0 0.0 
l -1.0264958254182763 -0.3944991407323373 0.9682994328687364 1.5511811719549218 0.7529933202961766 0.0 0.0 
l -1.0410023586086714 -0.3962366566162105 0.950490648982814 1.5306264829043306 0.7171134526783867 0.0 0.0 
l -1.0586832757333369 -0.3976765329655825 0.9290565863433106 1.5097757659551365 0.6776904901014258 0.0 0.0 
l -1.0794305228024492 -0.39875631704904874 0.9038367047791322 1.4889477932376258 0.6348769097471453 0.0 0.0 
l -1.1030265453913841 -0.39939997425760226 0.874754954417287 1.4684115343377993 0.5888689299077904 0.0 0.0 
l -1.129156140484355 -0.39951205071401424 0.8418380428983038 1.448384111146402 0.5398957272514587 0.0 0.0 
l -1.1574274272666583 -0.3989725330051941 0.8052273275985096 1.4290260818517986 0.4882076570472957 0.0 0.0 
l -1.1873974817499915 -0.3976297944952542 0.7651874774758868 1.4104446807730704 0.4340649382426469 0.0 0.0 
l -1.2186012125375283 -0.39529143137618683 0.7221066209015792 1.3927100306887434 0.3777300145960144 0.0 0.0 
l -1.2505804251850994 -0.39171038786748136 0.6764870169971646 1.3758587421797364 0.31945850726778163 0.0 0.0 
l -1.282908717176895 -0.38656530325619354 0.628925834428705 1.359911885890912 0.2595052654287045 0.0 0.0 
l -1.315209298241276 -0.3794334089398145 0.5800868623988126 1.3448812496462272 0.19812894445099022 0.0 0.0 
l -1.3471676111011939 -0.36974869132655225 0.5306652072140784 1.3307763680841393 0.13560529222237921 0.0 0.0 
l -1.3785356977196295 -0.35674188789205363 0.48134981878431643 1.3176145629392542 0.07223410031763831 0.0 0.0 
l -1.4091316634089388 -0.33934836955702646 0.4327885382679958 1.3054160352031428 0.008370481929490189 0.0 0.0 
l -1.4388318249294076 -0.31607368917871087 0.3855595615911575 1.2942241115260062 3.08601320506769 0.0 0.0 
l -1.4675638033473548 -0.2847792681757894 0.3401497059014672 1.2840682330635182 3.0224591417024165 0.0 0.0 
l -1.4952957996750362 -0.2423506250146199 0.2969455789596459 1.2750019654565765 2.9598454451004907 0.0 0.0 
l -1.5220248230054088 -0.18419432369940122 0.2562305572702498 1.2670585921947664 2.8987774786379417 0.0 0.0 
l -1.547765492382922 -0.10351998060547354 0.2181913626221784 1.2602574871868129 2.839896952519375 0.0 0.0 
l 1.5690519157395344 0.009429141003455118 0.18292869409811505 1.2545928874764143 2.783854133483616 0.0 0.0 
l 1.5452192605870443 0.1671586431441675 0.15047000194502813 1.250039055930217 2.7312806711592965 0.0 0.0 
l 1.5223135504284817 0.3802947053075015 0.12078566363758347 1.2465367065891617 2.68276194246011 0.0 0.0 
l 1.5003308740870671 0.643655154833179 0.09380345561251599 1.2439596218962443 2.6388123404283044 0.0 0.0 
l 1.4792815532962194 0.9223816745772689 0.06942376014004618 1.2421524967237612 2.599865107321932 0.0 0.0 
l 1.4591909525613849 1.1693861065377997 0.047533464347732785 1.2409116239796965 2.566267563914606 0.0 0.0 
l 1.4400975471008477 1.3607278028703436 0.02801925265852627 1.2399835292645105 2.538281305787985 0.0 0.0 
l 1.4220509565841355 1.4989920266014256 0.010778143634194753 1.2390793406447758 2.5160899740634863 0.0 0.0 
l 1.4051075067141618 -1.545252985233127 3.1373203451924816 1.2378861938974128 2.499809658401117 0.0 0.0 
l 1.3893254854263593 -1.4773991224449783 3.124406936496191 1.236118945301224 2.4895039358146 0.0 0.0 
l 1.3747597992989284 -1.4307751524114132 3.113610415929337 1.2334947175816986 2.485180000106711 0.0 0.0 
l 1.361461311559846 -1.3999142818597772 3.104948089214011 1.2297919961689714 2.4868085354466194 0.0 0.0 
l 1.3494670662117292 -1.3813484954612658 3.0984732679723637 1.224859555792115 2.4943195477628683 0.0 0.0 
l 1.3388006121500158 -1.3729786283979468 3.0942743777357338 1.218634521191492 2.5076057917185377 0.0 0.0 
l 1.3294719314985977 -1.373637820841436 3.092468707838962 1.211146232399678 2.5265167260826153 0.0 0.0 
l 1.3214763926260091 -1.3828116883630899 3.093194375794301 1.2024955826912456 2.550848943247022 0.0 0.0 
l 1.3147933861011913 -1.4004563331547344 3.096600905576606 1.1928833262740923 2.580347617876047 0.0 0.0 
l 1.3093888958421334 -1.426862067496557 3.1028373231214585 1.1825563143955038 2.614683724801892 0.0 0.0 
l 1.305217215583994 -1.462546732706445 3.1120413402795264 1.1717867274442968 2.6534546487655986 0.0 0.0 
l 1.302222903275695 -1.508132636074251 3.1243252778809496 1.1608852191374561 2.6961755043541342 0.0 0.0 
l 1.3003435986957228 -1.5642165960574872 3.1397684278797984 1.1501624908888108 2.7422834333040673 0.0 0.0 
l 1.2995135834199112 1.51041872129299 0.016812256537584544 1.1399170413397544 2.7911380446469543 0.0 0.0 
l 1.299668212424252 1.4326650484720005 0.03862363853965295 1.130429874937929 2.8420435543064597 0.0 0.0 
l 1.3007491002090266 1.3448796757967951 0.06353620931005825 1.1219535588093281 2.894271428746771 0.0 0.0 
l 1.3027089073235385 1.248695144990477 0.09141822401296282 1.1147137349831038 2.947082868211428 0.0 0.0 
l 1.3055172063346587 1.1466233295681187 0.12207812512006608 1.1088981170173207 2.999778118432368 0.0 0.0 
l 1.309163582822738 1.0418021081043523 0.15526984532749352 1.1046549545203876 3.0517242743183326 0.0 0.0 
l 1.313662167520087 0.937524755849637 0.19069948066954642 1.1020890365943294 3.102371850123072 0.0 0.0 
l 1.3190518909539715 0.8367209714709489 0.22803177612101927 1.1012607621884727 0.009702113575446874 0.0 0.0 
l 1.3253968064915822 0.7415696333780489 0.2668988950179532 1.102180109760896 0.0566042037199285 0.0 0.0 
l 1.3327835920157882 0.6533561922528367 0.30691228717034635 1.1048039307650057 0.10132063132214614 0.0 0.0 
l 1.3413137791982765 0.5725673982078726 0.34767278019473086 1.1090456199534864 0.14381706454889198 0.0 0.0 
l 1.3510967861176417 0.4990972238349685 0.38878358445352584 1.114779645091993 0.1841774891894186 0.0 0.0 
l 1.3622400184270465 0.4324796285174822 0.42986112693213396 1.1218560469907821 0.22259188329666177 0.0 0.0 
l 1.3748368855804765 0.3720802419086711 0.47054768394741187 1.1301129473972622 0.25932639706871374 0.0 0.0 
l 1.3889554031559488 0.31723006777337426 0.5105205933027307 1.1394000993609956 0.29470546684596893 0.0 0.0 
l 1.4046249021675503 0.26730713402856765 0.5495017046838796 1.1495987133230499 0.32907872840777547 0.0 0.0 
l 1.4218377240818107 0.22175868320762276 0.5872622835332584 1.160633735256109 0.36279855266650596 0.0 0.0 
l 1.4405330334387392 0.18012973791984802 0.6236271197137055 1.172494450640367 0.396195701482029 0.0 0.0 
l 1.4606064388177935 0.14204243506045003 0.6584741145687607 1.1852351714486413 0.4295537110490479 0.0 0.0 
l 1.4819156568737406 0.10718205307761827 0.6917330237176419 1.1989738558312848 0.46309124410871894 0.0 0.0 
l 1.504284072341798 0.07528859752895808 0.7233786642191108 1.2138894976897054 0.49695068520276653 0.0 0.0 
l 1.5275236897453908 0.04612825552006441 0.7534247957416583 1.230202172735432 0.5311860600246296 0.0 0.0 
l 1.5514454569766079 0.01948609165034444 0.7819155201006753 1.248156682848967 0.565757053567808 0.0 0.0 
l -1.5657196462018093 -0.004843338459679682 0.808916559199157 1.2679973589452338 0.6005294312031131 0.0 0.0 
l -1.5409341277608186 -0.027065763717731846 0.8345074745304036 1.289940356115993 0.6352826736486883 0.0 0.0 
l -1.5158985264975908 -0.04739190951852085 0.8587723785845478 1.3141287423696286 0.6697180015412748 0.0 0.0 
l -1.4906885095358764 -0.06602680533029145 0.8817955145178178 1.340610977223958 0.7034722779081507 0.0 0.0 
l -1.4653411658772248 -0.08317502913449319 0.903652779219733 1.3692893191531483 0.7361353257567593 0.0 0.0 
l -1.4398660753644679 -0.09903300947695867 0.9244079975693608 1.3998799659443133 0.7672675443990495 0.0 0.0 
l -1.41426180377125 -0.11378081897212558 0.9441082900278042 1.431878786542414 0.796431171130539 0.0 0.0 
l -1.388531896622231 -0.12757730938078435 0.9627808206815945 1.4645629862090295 0.8232029257066755 0.0 0.0 
l -1.362708146064768 -0.14055242302617366 0.9804292358886155 1.496962249563445 0.8472022839963612 0.0 0.0 
l -1.336870210620498 -0.15280351535823433 0.9970321763942247 1.527959460669701 0.8680966413827755 0.0 0.0 
l -1.3111662368077968 -0.16439093632748988 1.0125434936102893 1.5563035596710348 0.8856284092668207 0.0 0.0 
l -1.2858277675243142 -0.1753377471571011 1.0268900145272872 -1.5608201259723842 0.8996105695728149 0.0 0.0 
l -1.2611848046849734 -0.18562734946145423 1.0399709736404386 -1.5413698231405901 0.9099348942223635 0.0 0.0 
l -1.2376635111572991 -0.19520825544545792 1.051660379235595 -1.5278523407761562 0.9165534537737412 0.0 0.0 
l -1.2157802307815047 -0.2039968170858269 1.0618096133433446 -1.5209664360327724 0.9194926215883028 0.0 0.0 
l -1.196121475469138 -0.2118828854373239 1.0702528141875638 -1.5211064221099575 0.9188188720480219 0.0 0.0 
l -1.1793173379602415 -0.21873505034297944 1.0768120952317262 -1.5283466527955833 0.9146182944442908 0.0 0.0 
l -1.1660006490133767 -0.22441008314755745 1.0813045159567096 -1.542510716163274 0.9070067047845699 0.0 0.0 
l -1.1567700402614434 -0.22875816494282553 1.0835482859132437 -1.5631609893622058 0.8961007667129902 0.0 0.0 
l -1.152148955958279 -0.2316289988665352 1.083370692403842 1.5519749139391947 0.8820076167176951 0.0 0.0 
l -1.1525463859576834 -0.23287741779671142 1.0806162414202822 1.5205773556153153 0.864826982555325 0.0 0.0 
l -1.158228720922109 -0.23236526707261446 1.0751527508112657 1.485255013810162 0.8446487557800209 0.0 0.0 
l -1.169283506751006 -0.22997129970472557 1.0668770930501466 1.447088270231606 0.8215652725947071 0.0 0.0 
l -1.1856200835132953 -0.22558366653862452 1.0557186774827196 1.4072357179616461 0.7956673822776462 0.0 0.0 
l -1.206964079137637 -0.21910109446228931 1.0416418896382915 1.3667977016621116 0.7670657112175796 0.0 0.0 
l -1.2328578295441626 -0.21043616056517844 1.0246489431930903 1.3267812906226946 0.7358948811568073 0.0 0.0 
l -1.262698129715277 -0.1995025957739059 1.004780741293576 1.2880396956337252 0.702326914513062 0.0 0.0 
l -1.2957693853067251 -0.18621334914497414 0.9821131985238679 1.25124219748764 0.6665746526636108 0.0 0.0 
l -1.331288540680515 -0.1704734094593563 0.9567589360695803 1.216869982055791 0.6288906821577258 0.0 0.0 
l -1.3684616722966108 -0.15216888914643967 0.9288630540420814 1.1851941748015986 0.5895706637799121 0.0 0.0 
l -1.4065381035252305 -0.1311530952451477 0.8986025310199398 1.1563311112803758 0.54894514508299 0.0 0.0 
l -1.4448504162920863 -0.1072365636299706 0.8661837803200574 1.1302686647764135 0.5073580628403781 0.0 0.0 
l -1.482848007667933 -0.08017135367443803 0.8318414139270217 1.1068826553444617 0.4651668671128999 0.0 0.0 
l -1.5201117553481571 -0.049639116491628006 0.7958361022220881 1.0859654128878296 0.4227226450099539 0.0 0.0 
l -1.5563564599408675 -0.015239560630280171 0.7584563505546074 1.0672675826610336 0.3803581810557852 0.0 0.0 
l 1.5501701383548987 0.023515432693654668 0.7200163496540681 1.050477558467709 0.3383967977588485 0.0 0.0 
l 1.516343011811444 0.06718508511445034 0.6808559584315615 1.0352699012509818 0.2971269713943643 0.0 0.0 
l 1.4837346304598624 0.11637426217450371 0.6413377356972907 1.021281647102545 0.256820854998385 0.0 0.0 
l 1.452265164478394 0.17167850141005 0.6018447567054754 1.0081299867229965 0.21772087861026773 0.0 0.0 
l 1.4218164161460285 0.23358845049380664 0.5627732007354234 0.9954040362971399 0.18005494929697513 0.0 0.0 
l 1.392253348230509 0.30234505251364346 0.5245234141454542 0.9826755510116355 0.1440452067077531 0.0 0.0 
l 1.3634352048837164 0.37776716640182056 0.4874912787479958 0.9694953841691696 0.1098985888104995 0.0 0.0 
l 1.3352267715925545 0.45907391675310977 0.4520546861746692 0.9554067940548907 0.07781787841760673 0.0 0.0 
l 1.3075026742252907 0.5447760206019681 0.418561259884196 0.9399766490805812 0.04799579311360324 0.0 0.0 
l 1.280148903594199 0.632713365421627 0.3873139940409741 0.9228030097370962 0.02060894566395883 0.0 0.0 
l 1.2530608426449428 0.7202839215146746 0.3585600604610278 0.9035551190684092 3.1374002146651243 0.0 0.0 
l 1.2261400209069064 0.8048281670653368 0.3324803324080977 0.8819899895201797 3.1153014383947957 0.0 0.0 
l 1.1992923684991956 0.8840446387320459 0.30918074089483955 0.8579883786494107 3.0959739514064393 0.0 0.0 
l 1.172415292584415 0.9563070192330637 0.2886899434363854 0.8315646528706137 3.0794282628821334 0.0 0.0 
l 1.14539862968883 1.0207785334520048 0.2709544921818635 0.8028662004933255 3.0656198210474583 0.0 0.0 
l 1.1181132079744527 1.0773567783871751 0.2558437171852105 0.772179958870997 3.0544172589076526 0.0 0.0 
l 1.0904166311725456 1.126499904959278 0.2431531694762609 0.739888140426481 3.0456273995070204 0.0 0.0 
l 1.0621556970273482 1.1690280614793156 0.2326137885137923 0.7064352006576512 3.0389973175003275 0.0 0.0 
l 1.033168934031151 1.2059477553037026 0.22390298537043848 0.6722906510500547 3.0342223960217023 0.0 0.0 
l 1.0033019892638801 1.2383006584650795 0.21666262015149537 0.6379047396375136 3.030959065423713 0.0 0.0 
l 0.972412839536944 1.2670618920021253 0.21052170595698855 0.6036817652727028 3.0288565669755507 0.0 0.0 
l 0.9404034798145811 1.2930651164903586 0.20511602288660688 0.5699494176455122 3.0275555989298835 0.0 0.0 
l 0.9072263167411314 1.3169701894641537 0.20011180422700503 0.5369557397150017 3.026734714268636 0.0 0.0 
l 0.8729031647622393 1.3392421076500238 0.19523109608426675 0.5048685742491225 3.026121601710012 0.0 0.0 
l 0.8375360712448983 1.3601573296396772 0.1902719376996943 0.47378047005884194 3.0255156113173087 0.0 0.0 
l 0.8013130109224758 1.3798222689154376 0.18512804222553678 0.44372305147681845 3.024806481323361 0.0 0.0 
l 0.7644946829638679 1.398208670882299 0.17980345893250393 0.41468538719337583 3.023988965685768 0.0 0.0 
l 0.7274026368173865 1.4151917994735594 0.1744211950326501 0.3866291744297188 3.0231820899516695 0.0 0.0 
l 0.6903943967471982 1.4305887221259868 0.16922985331916807 0.3595037370658102 3.0226275909925944 0.0 0.0 
l 0.653837597505542 1.444193117513139 0.16460399437739778 0.3332570466272761 3.0227063774428444 0.0 0.0 
l 0.6180803864552574 1.4558044695204262 0.16103910361947554 0.3078486194001366 3.0239710877675434 0.0 0.0 
l 0.5834343948102955 1.4652450966689439 0.15914396057284994 0.28325520298828794 3.0271454197419065 0.0 0.0 
l 0.550155081484891 1.4723681353123963 0.15963490540320963 0.2594758240341891 3.033172995352133 0.0 0.0 
l 0.5184352083871142 1.4770600464973964 0.16332458763753194 0.23653383318438898 3.0432722883661243 0.0 0.0 
l 0.4884055079753796 1.4792400394856637 0.17110497783838796 0.21448105978733573 3.0590185043787486 0.0 0.0 
l 0.4601395938143107 1.478854876546885 0.18392889505661514 0.19338371408549113 3.082464675680996 0.0 0.0 
l 0.43366203238043727 1.4758714376779651 0.20278622090865564 0.17333991240522043 3.1162428925767744 0.0 0.0 
l 0.4089644534099681 1.4702772573571548 0.22864583058721982 0.15445552500386278 0.022097665192314927 0.0 0.0 
l 0.38601608726859177 1.462074201948101 0.26238823388433985 0.13684646847633608 0.08723321218141024 0.0 0.0 
l 0.36477543963993764 1.4512799343842735 0.3046874705170654 0.12063124583966421 0.1742938924553111 0.0 0.0 
l 0.34520263789484956 1.4379266450350217 0.35585807531567953 0.10592238964863003 0.28640765172665905 0.0 0.0 
l 0.32726664555920787 1.4220634677034227 0.41566859047739424 0.09281694341602295 0.42301736331286965 0.0 0.0 
l 0.3109518996643362 1.4037588878795018 0.4831673524451095 0.0813908292597206 0.5769465603223257 0.0 0.0 
l 0.29626257613535634 1.3831020896918675 0.556597101506962 0.07169211954006915 0.7342277484634232 0.0 0.0 
l 0.2832216272499546 1.3602061030592958 0.6334771213789941 0.06372898214829827 0.8791674997962142 0.0 0.0 
l 0.2718706646401868 1.3352078991005065 0.710891474356982 0.05747234056323045 1.0010152122188924 0.0 0.0 
l 0.26226574397466523 1.308270985131804 0.7859162890876504 0.05285253573836952 1.0964710403462237 0.0 0.0 
l 0.2544726774620351 1.2795849669853918 0.8560514860163618 0.04976337591413273 1.1676350446016543 0.0 0.0 
l 0.24855918710993943 1.2493689054668686 0.9195049203509965 0.04807158269779362 1.2189115532958765 0.0 0.0 
l 0.24458620304316514 1.2178694476605263 0.9752815788594942 0.04762283161874146 1.2550030600843076 0.0 0.0 
l 0.24260142570543086 1.1853585657326537 1.0230934821039874 0.048259078200201644 1.279975565507589 0.0 0.0 
l 0.2426312363985836 1.1521293186428911 1.0631842116964434 0.04982968919540944 1.2970461735413878 0.0 0.0 
l 0.24467477144806626 1.118488297679128 1.0961384490158619 0.05220707263885774 1.308598564852356 0.0 0.0 
l 0.2486989327243355 1.0847451078417685 1.12272310456825 0.05529471343299037 1.316331569819454 0.0 0.0 
l 0.254638765525393 1.0511965049240894 1.1437703003347441 0.05904007487963749 1.3213759598184882 0.0 0.0 
l 0.2624000123222867 1.0181085492429194 1.1601032353209022 0.0634406114185494 1.3244314081995872 0.0 0.0 
l 0.2718702052374825 0.9856983906898343 1.1724866735711732 0.06854351066345084 1.3258948414110887 0.0 0.0 
l 0.2829294186025649 0.9541187918614357 1.181605405336148 0.07445541407469485 1.3259271365414578 0.0 0.0 
l 0.2954659405580517 0.9234456384868914 1.1880544461491918 0.08133438622197775 1.3245649024216857 0.0 0.0 
l 0.3093934230645319 0.8936718621533688 1.1923373867701532 0.08940082226030371 1.3217501798004605 0.0 0.0 
l 0.3246687294673512 0.8647053525866545 1.1948705488579623 0.09893344789950552 1.3173949187820335 0.0 0.0 
l 0.3413053022125028 0.8363762028679935 1.1959909149599313 0.11027929875956728 1.3114017479515565 0.0 0.0 
l 0.35938387555839296 0.8084476478035991 1.1959658517765877 0.12385954951045824 1.3036912180531837 0.0 0.0 
l 0.37906280052250424 0.7806265595267318 1.195002983038435 0.1401788974247907 1.2942186570049028 0.0 0.0 
l 0.4005836935284741 0.7525783783203924 1.193260511768565 0.1598378229097757 1.282982266279639 0.0 0.0 
l 0.42427791671472037 0.7239389058617474 1.1908571119703573 0.18353454433586713 1.2700420938050032 0.0 0.0 
l 0.4505748218912925 0.6943225973846758 1.1878817360239233 0.21207903694184857 1.255506895537218 0.0 0.0 
l 0.48001386354310727 0.6633309485460783 1.184400239435091 0.24637314847319727 1.2395503404506507 0.0 0.0 
l 0.5132609771030895 0.6305584773928028 1.180461593964876 0.28738410253671626 1.2223954055429924 0.0 0.0 
l 0.5511271259193062 0.5955986539387381 1.1761046900468681 0.3360690537661413 1.2043072257603873 0.0 0.0 
l 0.5946002007857768 0.5580453798035078 1.171360383003169 0.3932321854628384 1.1855823575729652 0.0 0.0 
l 0.6448643072127389 0.5175053128095627 1.1662570143627828 0.45931367617138097 1.166524023769991 0.0 0.0 
l 0.7033153491605985 0.47361165226474294 1.1608220564397265 0.5340838399392428 1.147443657014921 0.0 0.0 
l 0.7715389661464 0.42605001668594605 1.1550836021404831 0.6163650793200413 1.128617783290621 0.0 0.0 
l 0.8512067662703395 0.37459646236647 1.1490753627134416 0.7038607713783205 1.1102802936209686 0.0 0.0 
l 0.9438504808143469 0.3191638090844504 1.142834144838702 0.7932638621119468 1.0926151513524174 0.0 0.0 
l 1.0504114092149026 0.25986618916955595 1.1364008536961028 0.8807422964712294 1.0757494493073225 0.0 0.0 
l 1.17058916513475 0.19707197505661037 1.1298182351026653 0.9626410033889456 1.0597510911388763 0.0 0.0 
l 1.3020891939629615 0.1314629997904634 1.1231300415839285 1.0361554833573283 1.0446443211971468 0.0 0.0 
l 1.4402946356620692 0.06402868614814054 1.1163794825989501 1.0996431126416786 1.0304063676905744 0.0 0.0 
l -1.5628216103240153 -0.003962987846591572 1.1096028324337723 1.1526192719447104 1.0169852784929714 0.0 0.0 
l -1.4308668831775266 -0.07106726792230472 1.102829038533962 1.1955170577906575 1.0043105614848384 0.0 0.0 
l -1.310913662703308 -0.1358081252412861 1.0960746874902392 1.229343717136541 0.992305001944829 0.0 0.0 
l -1.2061778772256448 -0.196833644318995 1.0893413478149552 1.2554026147744162 0.9808980863017618 0.0 0.0 
l -1.1176529669258677 -0.2530466839099442 1.0826160304531833 1.2750843251022874 0.9700190829598376 0.0 0.0 
l -1.0447367656781181 -0.3036937903861965 1.0758701568460292 1.2897306888281441 0.9596206202112111 0.0 0.0 
l -0.9859668808255065 -0.3483787773154088 1.0690655454379645 1.3005765725029097 0.9496573776538603 0.0 0.0 
l -0.9395518925203376 -0.38704052039812914 1.0621562604039467 1.3087117291398216 0.9400989082906865 0.0 0.0 
l -0.9036980161290286 -0.4198811474647834 1.0550972090657786 1.315077320277795 0.9309170267503649 0.0 0.0 
l -0.876741302902353 -0.44731082196894273 1.0478417377241547 1.320476093398394 0.9220818666152562 0.0 0.0 
l -0.857216722386575 -0.46986318374875546 1.0403465711452857 1.3255952291171686 0.9135537324560241 0.0 0.0 
l -0.8438532639762356 -0.4881358757131932 1.0325790690446817 1.3310223434347024 0.905269559914289 0.0 0.0 
l -0.8355567624343692 -0.5027496833894842 1.0245117783652558 1.3372609284550152 0.8971381825197354 0.0 0.0 
l -0.831396028912586 -0.514312965065468 1.016116855964656 1.3447429988244828 0.8890357904165057 0.0 0.0 
l -0.8305903994977242 -0.5233886068431491 1.0073678426383408 1.3538554312099762 0.8807945472635289 0.0 0.0 
l -0.832482588808826 -0.5304933794594819 0.9982323664758715 1.3649275801769405 0.872200917106603 0.0 0.0 
l -0.8365288447222193 -0.5360922266783031 0.9886646119707123 1.3782138482043322 0.8629908980449698 0.0 0.0 
l -0.8422845011295956 -0.5406008150059667 0.9786006107274078 1.3938915001995666 0.8528566988334942 0.0 0.0 
l -0.849384645051775 -0.5443980304052163 0.9679530640934846 1.4120230273328715 0.8414442202406756 0.0 0.0 
l -0.8575319927186218 -0.5478346097607372 0.9566073175252616 1.4325423765279448 0.8283584181467528 0.0 0.0 
l -0.8664861263112178 -0.5512414577741996 0.9444189414646607 1.4552116452522639 0.8131756433126044 0.0 0.0 
l -0.8760466960007542 -0.5549425558442405 0.9312142062152711 1.4796364524628074 0.7954442495018098 0.0 0.0 
l -0.8860475776442468 -0.5592559259848426 0.9167945890753568 1.5052229450356218 0.7747039635725477 0.0 0.0 
l -0.8963555314069973 -0.564491954838975 0.9009412835883305 1.5312186194025033 0.7504937539438672 0.0 0.0 
l -0.9068715319933988 -0.5709452939178175 0.8834253581659239 1.5567482428199921 0.7223690778379296 0.0 0.0 
l -0.9175283396229814 -0.5788899971202797 0.8640194932335579 -1.5607238425283583 0.6899177650529446 0.0 0.0 
l -0.9283001222610068 -0.5885636481894583 0.8425103428637277 -1.5389627857210626 0.6527743656229799 0.0 0.0 
l -0.939208585135945 -0.6001529950851956 0.8187127300267529 -1.520447125723274 0.6106523720703072 0.0 0.0 
l -0.950323002571974 -0.6137821566334635 0.7924868243913475 -1.5059642554390686 0.563353582405852 0.0 0.0 
l -0.9617578930547225 -0.6295050659680032 0.7637523450502398 -1.4961261578583327 0.5108126118292563 0.0 0.0 
l -0.9736652784804396 -0.647301213941887 0.7325037507184622 -1.4914601660389044 0.45307915610173083 0.0 0.0 
l -0.9862288520693623 -0.6670717136287715 0.6988213918771589 -1.492352396598187 0.3903622229007473 0.0 0.0 
l -0.9996456322359318 -0.6886501405472917 0.6628787351330729 -1.4990944564881403 0.323018323721942 0.0 0.0 
l -1.0141143172444367 -0.7118097634127437 0.6249439430396915 -1.511974207303769 0.25157868183826937 0.0 0.0 
l -1.0298238140789973 -0.7362751620570256 0.5853733670457102 -1.531220124011606 0.17668653180441485 0.0 0.0 
l -1.0469446305443115 -0.7617348916841247 0.5445968383777823 -1.5571153886945597 0.09908890372399021 0.0 0.0 
l -1.0656180609415151 -0.7878578444455847 0.5030975825601518 1.5515835132405538 0.019582676655437708 0.0 0.0 
l -1.0859531441243797 -0.8143007119238871 0.4613882447238737 1.5112429257071023 3.0805557621883217 0.0 0.0 
l -1.1080216798310951 -0.8407199292337878 0.41998228624038275 1.4629478643891909 2.9995800204038514 0.0 0.0 
l -1.1318578382903324 -0.8667708772820992 0.3793704518711337 1.4061047535155173 2.9188972767960686 0.0 0.0 
l -1.1574571859857496 -0.8921028262195762 0.34000072685304594 1.340119521064323 2.8390221957893984 0.0 0.0 
l -1.184772052806319 -0.9163464165488079 0.3022669162669692 1.2644933713967759 2.760304689137856 0.0 0.0 
l -1.2137099798703073 -0.939083762446914 0.26650396968301293 1.1789633720673716 2.6829021006773703 0.0 0.0 
l -1.2441285735743453 -0.9598002995798316 0.23299093512105631 1.0836890115279414 2.6067665051455267 0.0 0.0 
l -1.2758283066109055 -0.9778032683853627 0.20196026935801853 0.9794450953076613 2.5316272797008748 0.0 0.0 
l -1.3085448897267966 -0.9920892534777417 0.17360824451538437 0.8677676231854736 2.456978600318009 0.0 0.0 
l -1.3419429464874248 -1.0011138433963394 0.1481066529284707 0.750963943419554 2.3820396048868435 0.0 0.0 
l -1.3756130791533163 -1.0023836733775944 0.12561246324450043 0.6319447408662898 2.305709691587516 0.0 0.0 
l -1.4090746977461892 -0.9917074416589069 0.1062741533104631 0.5139005597982539 2.2264647336473558 0.0 0.0 
l -1.4417864945380086 -0.9617938896037275 0.09023280484176924 0.3999084080676366 2.1421740362360238 0.0 0.0 
l -1.4731643723154362 -0.8996765481868523 0.07761845092060618 0.29261532994015843 2.049736126890479 0.0 0.0 
l -1.5026072884028256 -0.7828046094005863 0.0685425560272407 0.19409256768503835 1.9443660778625893 0.0 0.0 
l -1.5295297664535272 -0.5789194614112899 0.06308693394840888 0.10583510660523945 1.8180485993986701 0.0 0.0 
l -1.5533869657538955 -0.2764613360659727 0.0612889074638154 0.02886501397716096 1.6560280201006963 0.0 0.0 
l 1.5678822288011451 0.0460667278562806 0.06312962021907527 3.1054623537083885 -1.7129602369892845 0.0 0.0 
l 1.5514655106547373 0.2745938201080325 0.06852063312879927 3.0528990513816123 -2.0657055898043675 0.0 0.0 
l 1.5392163229398488 0.38727927113606964 0.07729655535526915 3.013062443869473 -2.6155027074308315 0.0 0.0 
l 1.531274076381228 0.41625183281676753 0.08920896068911387 2.9860914853977434 -0.10071672868158274 0.0 0.0 
l 1.5276559000772012 0.3923942749637994 0.10392896421787676 2.971957888474099 -0.557509616829052 0.0 0.0 
l 1.5282553565996193 0.3366026083913031 0.12105240130941519 2.9704058030690486 -0.8490930671521537 0.0 0.0 
l 1.53285381819227 0.26291352710565186 0.14011836139434988 2.9808920430593133 -1.0510195929000634 0.0 0.0 
l 1.5411238716464248 0.1811843442752689 0.16062517165657614 3.002484972531772 -1.2052110556198816 0.0 0.0 
l 1.5526380936646136 0.09832967189965584 0.18205324526224598 3.0338365850242184 -1.331083870085568 0.0 0.0 
l 1.566888567923329 0.01889747112158994 0.20389070620551525 3.0731476484241815 -1.437860250874971 0.0 0.0 
l -1.5582920388610528 -0.05441829920077116 0.22565619131016026 3.1182585096543227 -1.530235427212568 0.0 0.0 
l -1.540336738414729 -0.12029400246628398 0.24692119459466544 0.025176650202793353 1.53080701381303 0.0 0.0 
l -1.5214767840846686 -0.17830847601560756 0.2673258128542059 0.0746530619053421 1.460485635763546 0.0 0.0 
l -1.5023402994858195 -0.2285884874061323 0.2865863390263392 0.12282751584221653 1.3992549856324932 0.0 0.0 
l -1.4835223166189622 -0.27153742542504467 0.3044936159659427 0.16775949290694636 1.346189690162049 0.0 0.0 
l -1.4655586784817007 -0.307680122488032 0.3209121273555072 0.20794126270617863 1.3004449254765869 0.0 0.0 
l -1.4489099809051802 -0.3375675252965393 0.33576771870916194 0.2423204616394305 1.2612089730625438 0.0 0.0 
l -1.4339526593570118 -0.3617285711907254 0.34903344246592344 0.27028020604941666 1.2276743310468685 0.0 0.0 
l -1.4209776015907996 -0.3806518262139022 0.3607115223549559 0.2915904027862112 1.1990211477101145 0.0 0.0 
l -1.4101928131001695 -0.3947817437343509 0.37082039310096754 0.3063636350113335 1.1743996351988402 0.0 0.0 
l -1.401733084490379 -0.4045212027982182 0.3793772246946681 0.31499732437171574 1.1529123544850843 0.0 0.0 
l -1.3956736360698432 -0.4102289505243138 0.38638707986066584 0.3181327341301665 1.1335933903082527 0.0 0.0 
l -1.392040608750793 -0.41222625454819645 0.3918336452823704 0.3166045575872396 1.1153748361342024 0.0 0.0 
l -1.3908227696084112 -0.410793660322233 0.3956761266891448 0.3113912330692131 1.0970358417458763 0.0 0.0 
l -1.391980285358254 -0.406165757458738 0.39785119002177205 0.3035511942882919 1.0771424080185183 0.0 0.0 
l -1.3954465183017566 -0.3985342120117472 0.3982767798321974 0.2941628651424365 1.053953495730817 0.0 0.0 
l -1.4011308378643805 -0.38803556067398537 0.3968647593130722 0.28427110211032747 1.0252837106076107 0.0 0.0 
l -1.4089132588338849 -0.37475540772895577 0.3935314056106816 0.2748438592511087 0.9883196088753147 0.0 0.0 
l -1.4186413973870067 -0.3587199875058564 0.3882151012643098 0.26674617862605693 0.9393814547168086 0.0 0.0 
l -1.4301248445702537 -0.33990013389000734 0.3808889794696001 0.2607363866101364 0.8736682827271719 0.0 0.0 
l -1.443127778933494 -0.31822250036561184 0.3715761343786765 0.2574682614025608 0.7851895336069983 0.0 0.0 
l -1.457371057815431 -0.2935752439484175 0.36035817137647685 0.257508360273528 0.6674063193174428 0.0 0.0 
l -1.472535099191502 -0.26582713616805104 0.3473791125653659 0.2613602736264657 0.515663270789211 0.0 0.0 
l -1.4882707125785295 -0.2348471216658875 0.33284110858237553 0.2694629883155919 0.3324104253548318 0.0 0.0 
l -1.5042113983027907 -0.20053555280617263 0.31699493304973075 0.28222815915857513 0.13221859841091066 0.0 0.0 
l -1.5199960162151764 -0.16283639075918063 0.3001270682105708 0.3000300332062771 3.080471219968973 0.0 0.0 
l -1.5352793411073267 -0.12179102988619511 0.28253515164252846 0.32321566878699537 2.914511022055944 0.0 0.0 
l -1.549747667476046 -0.077564929159654 0.264516790153764 0.3520802159454291 2.784463212429701 0.0 0.0 
l -1.5631375799076066 -0.030448626873965875 0.24634977119974785 0.3868406004738801 2.6886520981590665 0.0 0.0 
l 1.566350760726792 0.019132517769434604 0.22827994867148285 0.42760542378395583 2.6211122301699854 0.0 0.0 
l 1.5556793225231496 0.0706339045270856 0.210513497445908 0.47433266524533074 2.5754749018262038 0.0 0.0 
l 1.5465292767224383 0.12342122064225886 0.19321785722991727 0.5267699771557806 2.5463770257497913 0.0 0.0 
l 1.5389312385894083 0.17683277467049432 0.17652060509682055 0.5844406776088349 2.5297106022664395 0.0 0.0 
l 1.5328638329874529 0.23023747662237634 0.16051697078578347 0.6465983661591213 2.5223985858760356 0.0 0.0 
l 1.5282592634111214 0.28310226653217624 0.1452751679778709 0.7122331753391399 2.522145357575508 0.0 0.0 
l 1.5250117258024825 0.3350401061206914 0.13084233967027262 0.7801114784354838 2.527230646623817 0.0 0.0 
l 1.5229845342651045 0.38585944644465653 0.11724792869257583 0.8488493836421543 2.536343527280144 0.0 0.0 
l 1.5220185756894908 0.4355987245460116 0.10450596078874778 0.9170124529055276 2.548471765890922 0.0 0.0 
l 1.5219419283173412 0.48455068211362345 0.09261516429722352 0.9832199923090535 2.5628188670391108 0.0 0.0 
l 1.522578276647128 0.533308127290505 0.08155641451158666 1.0462478060553002 2.5787537298790815 0.0 0.0 
l 1.5237555120260549 0.5828276662608393 0.0712902396227798 1.1050980314465457 2.5957743920852594 0.0 0.0 
l 1.5253151664477453 0.6345165637842927 0.06175443541702055 1.1590317021989243 2.6134774967909924 0.0 0.0 
l 1.5271206619380482 0.6903768308224807 0.052862392619736125 1.2075744846737306 2.631544068263211 0.0 0.0 
l 1.5290630756063666 0.7532379320077094 0.04450418984319098 1.2504962330709373 2.649726528489453 0.0 0.0 
l 1.5310650504851082 0.8271112934568113 0.03655055692704503 1.287776000139162 2.6678368484166732 0.0 0.0 
l 1.5330846437994308 0.9176997890343636 0.02885895582353046 1.3195624698259816 2.6857390868989275 0.0 0.0 
l 1.5351089119413726 1.0331384674323936 0.02128445767775406 1.346140286786084 2.703339904951466 0.0 0.0 
l 1.5371559810071413 1.1844205512599155 0.01369002993432911 1.3678866847163995 2.72057860545958 0.0 0.0 
l 1.5392646324368406 1.3840526190249263 0.005959667227143723 1.3852477540852937 2.7374165173423863 0.0 0.0 
l 1.5414860138544149 -1.5030299062013952 3.139602785279683 1.3987078940749966 2.753827514081247 0.0 0.0 
l 1.543874197662285 -1.2087138854239343 3.13139291955001 1.4087754839330495 2.769786779463556 0.0 0.0 
l 1.546476066105393 -0.9162811675372408 3.1229289034086096 1.4159517607304613 2.785264154215236 0.0 0.0 
l 1.5493248349635813 -0.6659785306343581 3.1142684251245547 1.4207199113083981 2.8002112256608114 0.0 0.0 
l 1.5524293855528057 -0.47075837758333827 3.1055142436804934 1.4235348441766327 2.8145681509935603 0.0 0.0 
l 1.5557766520667748 -0.32342093723895543 3.0968098562366815 1.4248155127020077 2.8282529723063328 0.0 0.0 
l 1.5593305599422504 -0.21184430761395276 3.0883292748072 1.4249263331363295 2.8411717219208406 0.0 0.0 
l 1.563031767235513 -0.12577861154740685 3.0802623590259692 1.4241871521038956 2.8532239316422796 0.0 0.0 
l 1.5668042944331664 -0.057875701720995945 3.0728020687182855 1.4228584592816595 2.8643099862901744 0.0 0.0 
l 1.5705607945724374 -0.003115228653379106 3.0661297481451646 1.4211592922353615 2.8743414054051746 0.0 0.0 
l -1.5673824654038433 0.04193130873141219 3.060403352746042 1.419260114987856 2.8832506144723906 0.0 0.0 
l -1.563928483068559 0.07963774452636316 3.0557466447442247 1.4172934893954978 2.890997826349696 0.0 0.0 
l -1.5607489461743382 0.1116860725053156 3.0522416348678107 1.4153559380083127 2.897577813273611 0.0 0.0 
l -1.5579095334121815 0.1392868348668948 3.0499244671230774 1.413516393006164 2.9030222867839153 0.0 0.0 
l -1.5554586013754523 0.1633328401079996 3.0487845543093184 1.4118173357346855 2.9074007064710425 0.0 0.0 
l -1.5534261203907245 0.1844861505517006 3.0487669185646475 1.4102801949996264 2.910815907120537 0.0 0.0 
l -1.551823386670953 0.20324204595773185 3.0497779437210184 1.4089096044192524 2.9133993684554302 0.0 0.0 
l -1.5506456948794844 0.21995121459436295 3.0516915132741755 1.407691048278334 2.9153043255325644 0.0 0.0 
l -1.5498750767462637 0.23484154514399339 3.0543589582036788 1.4065962349159387 2.9166948071176737 0.0 0.0 
l -1.5494827584407838 0.248036012499998 3.057617972996543 1.405582580885571 2.9177356052302685 0.0 0.0 
l -1.5494321932015571 0.25956279134881477 3.0613020397739343 1.404595303305878 2.918582404412769 0.0 0.0 
l -1.549682966334899 0.26935110628101555 3.065248804936017 1.403567691045144 2.9193716121279416 0.0 0.0 
l -1.5501929349395132 0.2772432141918384 3.069307226254552 1.402420159675744 2.9202128266013365 0.0 0.0 
l -1.5509208469495288 0.2830030975727316 3.0733442338567167 1.401063269497843 2.9211817186633766 0.0 0.0 
l -1.551827437691019 0.286337810490354 3.0772478118113535 1.399394764752856 2.922318616036971 0.0 0.0 
l -1.5528771096837772 0.286914349153176 3.080928982244229 1.397300809222111 2.923628277883253 0.0 0.0 
l -1.5540376543628296 0.28441074926154547 3.0843232075572673 1.394654678056002 2.9250825355324377 0.0 0.0 
l -1.5552819999011602 0.27853562938734583 3.0873897678314415 1.3913132488799 2.926626240654989 0.0 0.0 
l -1.5565893341740025 0.26904938125077155 3.0901106311701385 1.38711952732621 2.9281861366915427 0.0 0.0 
l -1.5579455326169236 0.2557752825896942 3.092487385220084 1.381897847222549 2.9296815498690174 0.0 0.0 
l -1.559344389744051 0.23859099832034686 3.0945414044866197 1.3754560547177492 2.931033851568912 0.0 0.0 
l -1.5607879354273277 0.21738575345013014 3.0963098637195037 1.3675849355611676 2.932181086060604 0.0 0.0 
l -1.562286277118308 0.19201473227783553 3.0978457794525482 1.3580626417164516 2.9330874667004356 0.0 0.0 
l -1.563857761261407 0.16219866062382407 3.099214968675902 1.3466596163969817 2.9337563345204045 0.0 0.0 
l -1.5655275081913647 0.12744999338057736 3.1004992180764543 1.3331487227487768 2.9342392913727764 0.0 0.0 
l -1.567326837510171 0.086901253877499 3.101789576549859 1.3173157709881442 2.934647436372613 0.0 0.0 
l -1.5692842825673659 0.03933183445161407 3.1031880750840033 1.2989763718228007 2.9351570190581175 0.0 0.0 
l 1.5701686558397363 -0.017053429316083023 3.1048066759906785 1.2779933896239972 2.9360144819702296 0.0 0.0 
l 1.5678335839193784 -0.0848321063664615 3.1067656753996684 1.2543016034744205 2.937541042152863 0.0 0.0 
l 1.5653080277983615 -0.16773080448546934 3.109190225356466 1.2279296711527392 2.9401338051022585 0.0 0.0 
l 1.562621371722909 -0.2712653198344362 3.1122069247203217 1.1990222501735717 2.9442655177481307 0.0 0.0 
l 1.5598340670838087 -0.40377193465755185 3.115939328706168 1.1678591604078155 2.9504789183951257 0.0 0.0 
l 1.557041890082403 -0.5778637038920568 3.120502552204861 1.1348675339423604 2.9593776859696286 0.0 0.0 
l 1.5543781146094433 -0.8111332787885169 3.125998329012879 1.100621505922869 2.9716111420261084 0.0 0.0 
l 1.5520135372218118 -1.1203756319406513 3.1325089658816236 1.0658312675505408 2.987847748195013 0.0 0.0 
l 1.5501533839213832 -1.498254724261817 3.1400923371929927 1.031318187662703 3.0087379571727166 0.0 0.0 
l 1.5490315171576163 1.251977133632797 0.007185127031606117 0.9979775877026112 3.0348572240446248 0.0 0.0 
l 1.5489007131378325 0.9114834805383409 0.01697028096003973 0.9667382784065347 3.066630699880283 0.0 0.0 
l 1.5500223368672197 0.641355595410691 0.02781964062188363 0.9385209249678836 3.104238379861806 0.0 0.0 
l 1.55265365541653 0.4288308081654388 0.03966509384146464 0.9142034324495605 0.0059199680124389364 0.0 0.0 
l 1.5570341844683835 0.2565865197704661 0.05240850200565699 0.8945972196950842 0.05425429480425968 0.0 0.0 
l 1.5633723654833456 0.11197926673981637 0.06592583721259315 0.8804341708878366 0.10655756000412887 0.0 0.0 
l -1.5697595561305677 -0.012919525924410383 0.08007234573496834 0.8723639003707933 0.16128716965099194 0.0 0.0 
l -1.5590684242793564 -0.12286893666788305 0.09469002544785533 0.8709567182215902 0.21657906031445584 0.0 0.0 
l -1.5461060955805839 -0.2207328616452508 0.10961436173555032 0.8767054688625457 0.27045845766338344 0.0 0.0 
l -1.530908437603457 -0.30827583287895993 0.12468158147584142 0.89002093024905 0.3210812433671741 0.0 0.0 
l -1.5135946582736928 -0.38664065858355395 0.13973539297275817 0.9112143140294344 0.3669397337014352 0.0 0.0 
l -1.494370162469694 -0.4566260019707575 0.15463297466681725 0.9404626300517691 0.4069852128672282 0.0 0.0 
l -1.473524902813978 -0.5188426590988816 0.16924945839094044 0.9777539095171369 0.4406557995224002 0.0 0.0 
l -1.4514262361368846 -0.5737974605810771 0.18348156250734016 1.0228172589454938 0.46782897381544947 0.0 0.0 
l -1.4285055836591791 -0.6219398197179173 0.19724878209860688 1.0750453333401682 0.4887341375355188 0.0 0.0 
l -1.405238427920949 -0.6636853582162451 0.21049425463793264 1.133437202794974 0.50385467711673 0.0 0.0 
l -1.3821192993865274 -0.6994269024461941 0.22318458402247074 1.1965821581385814 0.5138398759399777 0.0 0.0 
l -1.3596343909768436 -0.7295414339422356 0.23530741947180953 1.2627142314202722 0.5194342099529333 0.0 0.0 
l -1.338233910572078 -0.7543934822703026 0.24686917057681163 1.3298435376395887 0.5214228880666981 0.0 0.0 
l -1.3183080258668851 -0.7743375586348359 0.2578917514388199 1.3959460687874579 0.5205919722331761 0.0 0.0 
l -1.3001688518824983 -0.7897200559886065 0.2684089915239832 1.4591635835037904 0.5176985367054764 0.0 0.0 
l -1.2840403686073276 -0.8008808657437111 0.2784626581913102 1.5179655687522036 0.5134473487556508 0.0 0.0 
l -1.270055599798873 -0.8081552823005667 0.28809898336134365 -1.5703534187987336 0.5084731445907822 0.0 0.0 
l -1.2582615587931636 -0.8118747529214305 0.29736523509058516 -1.5232896130297289 0.503326451992696 0.0 0.0 
l -1.248628220558324 -0.8123687912440285 0.3063072367036409 -1.4827297634235908 0.49846367158868693 0.0 0.0 
l -1.241063006883282 -0.8099633807131623 0.3149671237602095 -1.4486546713820077 0.4942413588015041 0.0 0.0 
l -1.2354237960957077 -0.8049836303797889 0.32338181289482915 -1.4208131738137624 0.4909161357869255 0.0 0.0 
l -1.2315334541288367 -0.7977519356421328 0.3315827019220877 -1.3987912213120568 0.4886471390450883 0.0 0.0 
l -1.22919133622351 -0.7885874534823096 0.33959660067113184 -1.382068457384782 0.4875045807551873 0.0 0.0 
l -1.2281840101236572 -0.7778061510066617 0.34744536424954886 -1.3700604982887892 0.4874823202197334 0.0 0.0 
l -1.2282938468701006 -0.7657186350805443 0.35514693402057745 -1.362148231559685 0.4885127914854338 0.0 0.0 
l -1.2293068367280195 -0.7526248283288641 0.3627171036634535 -1.3577001325049245 0.4904828344311983 0.0 0.0 
l -1.2310159390618793 -0.7388162549013353 0.3701689142676501 -1.3560914067493566 0.49325208232614715 0.0 0.0 
l -1.233227736464652 -0.7245677907295512 0.37751371354586943 -1.3567186855888296 0.49666495607973193 0.0 0.0 
l -1.2357666494558537 -0.7101337047531899 0.38476042651423836 -1.35901574803466 0.5005650320241555 0.0 0.0 
l -1.2384784389391488 -0.6957433758293462 0.39191457342919883 -1.3624682191796686 0.5048032756016029 0.0 0.0 
l -1.2412348670103963 -0.6815932180039399 0.3989778054138723 -1.3666233955722469 0.5092439832417988 0.0 0.0 
l -1.2439362413062625 -0.6678453915330844 0.40594446940728096 -1.3710994710022248 0.5137681549698393 0.0 0.0 
l -1.2465116048301728 -0.6546261307517245 0.4128009515435733 -1.3755921022527946 0.5182727865086373 0.0 0.0 
l -1.2489187306804337 -0.6420247504186496 0.41952499908470753 -1.379876841404908 0.5226698689417129 0.0 0.0 
l -1.2511431874817256 -0.6300946626259772 0.4260850496423098 -1.383806084009447 0.5268860229291382 0.0 0.0 
l -1.2531960315837278 -0.6188558456247891 0.4324406204953232 -1.3873057002704297 0.5308614684404663 0.0 0.0 
l -1.2551087087683472 -0.6083009351863692 0.4385438681213727 -1.390368507053091 0.5345493606720431 0.0 0.0 
l -1.256928510452379 -0.5983989757411416 0.4443427805192012 -1.393046562979231 0.5379203429727252 0.0 0.0 
l -1.258712963436253 -0.5890998096109069 0.4497856284294847 -1.3954448144853113 0.5409604924877748 0.0 0.0 
l -1.2605263364499333 -0.5803390673934677 0.4548222734987904 -1.3977130223478318 0.5436768050341594 0.0 0.0 
l -1.2624375961729097 -0.5720363038360243 0.45940929420607646 -1.400040295573953 0.5460982965775236 0.0 0.0 
l -1.2645179359909355 -0.5640978511645278 0.4635116258709247 -1.402653327128387 0.5482768142290765 0.0 0.0 
l -1.266841411230977 -0.5564150334795092 0.467103698909883 -1.4058098175424565 0.5502862325271477 0.0 0.0 
l -1.2694877110239622 -0.5488604466721628 0.4701689835514582 -1.4098022369744903 0.5522187311085515 0.0 0.0 
l -1.2725460120465528 -0.5412828791260345 0.47269877085458994 -1.4149577308414392 0.5541773823212754 0.0 0.0 
l -1.2761195927914393 -0.5335030182340778 0.47468852304584186 -1.4216372168129214 0.5562670968889523 0.0 0.0 
l -1.2803330245849522 -0.5253057696585239 0.47613265626203133 -1.4302371465593837 0.5585848486716612 0.0 0.0 
l -1.2853377003182327 -0.5164336892179547 0.47701935253462097 -1.4411877908839108 0.5612057866281616 0.0 0.0 
l -1.2913175595160045 -0.5065797518564591 0.47732375682529854 -1.4549508325187113 0.5641700374298803 0.0 0.0 
l -1.2984914020433656 -0.49538089902293986 0.4770027638703402 -1.4720113462039606 0.5674714483539909 0.0 0.0 
l -1.3071126972094242 -0.4824117294035313 0.4759896613254307 -1.4928633937479954 0.5710458838723244 0.0 0.0 
l -1.3174634166289547 -0.4671811935648103 0.474189977622004 -1.5179830619190235 0.574764319176127 0.0 0.0 
l -1.3298402862889769 -0.4491313641379066 0.47148103572385663 -1.5477949650543317 0.5784259050956719 0.0 0.0 
l -1.344536111991831 -0.427635450084629 0.4677131329743739 1.5589723359788863 0.5817569641452669 0.0 0.0 
l -1.3618124979221518 -0.4019993221744755 0.46271456850435705 1.518979868269839 0.5844106883020211 0.0 0.0 
l -1.3818668088101864 -0.3714657920490003 0.45629912173146087 1.473909066537749 0.5859704839412084 0.0 0.0 
l -1.4047948460115067 -0.3352241617476386 0.448276754817851 1.4241633251098358 0.5859575400281828 0.0 0.0 
l -1.4305535614708165 -0.2924276548325901 0.4384680741713427 1.3705139284805905 0.5838399272722838 0.0 0.0 
l -1.4589298604250363 -0.2422267478597819 0.4267188138554802 1.3141094503121027 0.5790457334310255 0.0 0.0 
l -1.4895222976878184 -0.18382469385335784 0.41291532303374306 1.2564231760270965 0.5709798798745342 0.0 0.0 
l -1.521741875455376 -0.1165656330316116 0.3969985873404027 1.19913562067783 0.5590459735432095 0.0 0.0 
l -1.5548358316973023 -0.04006108820020658 0.3789749177690659 1.1439709006254681 0.54267409905609 0.0 0.0 
l 1.5536587947034484 0.0456514495718006 0.35892445911434073 1.0925235274238958 0.5213574328554139 0.0 0.0 
l 1.521482305955213 0.13994182699459515 0.33700451164737777 1.0461166242634712 0.4946990864508726 0.0 0.0 
l 1.491139163136658 0.2414711139371215 0.31344657352745825 1.0057263665012983 0.4624646196637494 0.0 0.0 
l 1.4634638734445802 0.34819682863087315 0.28854923202792077 0.9719671077446893 0.4246415920411302 0.0 0.0 
l 1.439164466320904 0.45755423236465764 0.2626661536274699 0.945123645024326 0.38149549475982514 0.0 0.0 
l 1.4187918487760585 0.5668028707255988 0.23618962801357424 0.9252144038985943 0.33360650458735835 0.0 0.0 
l 1.4027278284191576 0.6734382632186781 0.20953237895389892 0.9120578912142967 0.2818750674411572 0.0 0.0 
l 1.3911883912142158 0.7755359194514221 0.18310731968671323 0.9053317369509509 0.22748104820063633 0.0 0.0 
l 1.3842350215768637 0.8719347034725459 0.15730968231248868 0.9046155190475735 0.17179253405523032 0.0 0.0 
l 1.3817917258059262 0.9622532177810175 0.13249939213471015 0.9094216618738982 0.11623701832075259 0.0 0.0 
l 1.3836599224914816 1.0468052846686628 0.10898786607076386 0.9192085190316893 0.062162753841220206 0.0 0.0 
l 1.3895336875886182 1.126485436829235 0.08702872703428445 0.9333869391820319 0.010716217633439154 0.0 0.0 
l 1.399012033288669 1.2027038654331577 0.06681198739890665 0.9513211057449288 3.104354632053537 0.0 0.0 
l 1.4116119722655138 1.2774047397314603 0.04846359613568047 0.9723247346832169 3.0604457087143384 0.0 0.0 
l 1.4267815518525975 1.3532283408286816 0.0320479068340586 0.9956626255577998 3.020833508849618 0.0 0.0 
l 1.4439146434913033 1.4338914630189432 0.017572668179948608 1.0205539547676143 2.9855093619193136 0.0 0.0 
l 1.4623709996311764 1.5249295512297727 0.004996162838644132 1.046181951316418 2.9542578397562096 0.0 0.0 
l 1.4814985876242404 -1.5065177831285672 3.1358295435693653 1.07170975441275 2.926712078452611 0.0 0.0 
l 1.5006577762910693 -1.3629169113768282 3.1267753504192615 1.0963046670613272 2.9023982024433947 0.0 0.0 
l 1.5192475590012406 -1.1627771437978591 3.119293181997833 1.1191625124449085 2.8807761225631934 0.0 0.0 
l 1.5367290730481145 -0.8767381219518595 3.113239138241939 1.1395335032648077 2.861268507740717 0.0 0.0 
l 1.5526469008575312 -0.501131488372186 3.1084679947797946 1.156748513129856 2.8432812811482147 0.0 0.0 
l 1.5666449343621833 -0.11243299794759522 3.1048414565041442 1.17023650035181 2.8262187910356196 0.0 0.0 
l -1.5631173283174153 0.19259497525849026 3.1022351865278246 1.1795405894555864 2.809492931846244 0.0 0.0 
l -1.5535908506346399 0.3967510040202766 3.1005454120914817 1.1843271247143667 2.7925286864859356 0.0 0.0 
l -1.5463948585335858 0.5271920483101513 3.099692843038903 1.1843863475584433 2.774767584878928 0.0 0.0 
l -1.541454148261735 0.610041636549344 3.0996267391546057 1.1796312793191608 2.75567008944057 0.0 0.0 
l -1.5386031497487314 0.6623955544058429 3.1003259089984687 1.1700914289409186 2.7347169792322576 0.0 0.0 
l -1.537600990767366 0.6951548163320611 3.101798365405251 1.1559033847911533 2.7114110379989786 0.0 0.0 
l -1.5381478837460774 0.7161294436821514 3.104080458521115 1.1372966338824053 2.6852812330388285 0.0 0.0 
l -1.5399027948443682 0.7322915708857046 3.107232936547274 1.114575904075466 2.6558925523831034 0.0 0.0 
l -1.5425034075547492 0.7519052261229556 3.1113392310260504 1.0881033116054835 2.622854702970507 0.0 0.0 
l -1.5455818103657781 0.7877754083480337 3.1164976849106907 1.0582720411203141 2.585843518682795 0.0 0.0 
l -1.548780877816442 0.8646489011792989 3.1228159085042893 1.0254841364708644 2.5446255468321737 0.0 0.0 
l -1.551768160736211 1.0392671151419917 3.130403721321793 0.990123188254089 2.4990892389072488 0.0 0.0 
l -1.5542463230578125 1.4369257724778135 3.139363564768961 0.9525331171754936 2.4492802896003987 0.0 0.0 
l -1.555963246173385 -1.0663954743058395 0.00818873148798628 0.9129987254577846 2.3954359371332337 0.0 0.0 
l -1.5567166395505598 -0.6104716270151302 0.020123345195423418 0.8717309562362072 2.3380139216944134 0.0 0.0 
l -1.5563580150738132 -0.40579706019137407 0.03359502953723437 0.8288617854805249 2.277700195861673 0.0 0.0 
l -1.5547955026345845 -0.3180123167931535 0.048573320134221554 0.7844533689216068 2.215401676711369 0.0 0.0 
l -1.5519939185702225 -0.2813713905027459 0.06496740835051465 0.7385140481762725 2.1522029649673526 0.0 0.0 
l -1.5479725091474972 -0.2689973637935216 0.08261717470805763 0.6910349166718381 2.0893027179538555 0.0 0.0 
l -1.5428030839067224 -0.26883085197003015 0.10128767025104643 0.6420453856718711 2.0279355361738665 0.0 0.0 
l -1.5366050453145104 -0.2749382975981214 0.12066857534590267 0.5916916226702004 1.9692915549127257 0.0 0.0 
l -1.529541765082259 -0.2842011434965976 0.14038101994309585 0.5403364702266288 1.9144508675739496 0.0 0.0 
l -1.5218117468440533 -0.29494007386084237 0.15998907270728402 0.4886701740355185 1.864342894592953 0.0 0.0 
l -1.513642294771908 -0.3062405643592018 0.17901988560565624 0.43781417659363303 1.8197323040713413 0.0 0.0 
l -1.5052800357887066 -0.31761705367158405 0.19698845348894475 0.38937646055808556 1.7812276716699411 0.0 0.0 
l -1.4969799127773866 -0.3288290467556396 0.21342579179532287 0.3454291890746879 1.7493068351595014 0.0 0.0 
l -1.4889950118476023 -0.339768570034504 0.22790723449307182 0.3083737087475777 1.724350283050044 0.0 0.0 
l -1.4815649933349335 -0.35039501371008447 0.2400794708579406 0.28070096051992754 1.7066750853562536 0.0 0.0 
l -1.474904926180751 -0.3606951679189563 0.2496820548475815 0.2646936954717307 1.696565512333289 0.0 0.0 
l -1.469195692734087 -0.3706555893054907 0.25656284719140565 0.2621326000861089 1.6942972054197019 0.0 0.0 
l -1.4645751205950401 -0.38024675419089604 0.2606868248738512 0.27406297046625305 1.7001524903229697 0.0 0.0 
l -1.4611310006550426 -0.389414210254103 0.26213741050993167 0.3006533603835134 1.7144256517832204 0.0 0.0 
l -1.4588969265255876 -0.39807399843954844 0.26111041301712545 0.34115511002511395 1.7374149406890884 0.0 0.0 
l -1.4578523074652159 -0.4061076976934098 0.25790178860088464 0.3939645506372897 1.7693981141281698 0.0 0.0 
l -1.457924256550894 -0.4133686055644532 0.2528874989924142 0.45679826799717976 1.8105885592838833 0.0 0.0 
l -1.4589950749271765 -0.41968439884848097 0.24649870680686153 0.5269641025860307 1.86106670434012 0.0 0.0 
l -1.4609104038231322 -0.4248715138685303 0.23919400153795373 0.6016766911569871 1.920688660240955 0.0 0.0 
l -1.463492145672649 -0.428744910244937 0.23143126811077888 0.6783628706355748 1.9889804859271467 0.0 0.0 
l -1.4665522492956728 -0.4311356547234866 0.22363932601932873 0.7548813287147922 2.0650377513640477 0.0 0.0 
l -1.4699055219579722 -0.43191003509982 0.21619613398352405 0.8296231469166947 2.1474690646862142 0.0 0.0 
l -1.4733811538346173 -0.4309907067356185 0.2094116224898367 0.9015013540916036 2.234417562434305 0.0 0.0 
l -1.4768321811202882 -0.4283716689715963 0.2035181681485781 0.9698676910730966 2.323687193444321 0.0 0.0 
l -1.480141997248382 -0.42412790325545513 0.19866637609353982 1.0344029536946946 2.412961632341552 0.0 0.0 
l -1.4832282366355425 -0.41840609319062205 0.19492960393255845 1.0950066861022276 2.500058344144801 0.0 0.0 
l -1.4860416985522191 -0.4114169837034617 0.1923102666230813 1.1517113106546213 2.583149478241415 0.0 0.0 
l -1.4885649119283209 -0.40340817724373557 0.19074999942312304 1.2046147550867148 2.6608906869910953 0.0 0.0 
l -1.490806792458214 -0.39464058767402466 0.1901418834812282 1.253834599107996 2.7324459700978405 0.0 0.0 
l -1.4927976820073774 -0.38536285408888277 0.19034163538440121 1.299484769282965 2.7974291637955826 0.0 0.0 
l -1.4945818117098166 -0.37579799378217477 0.1911800631554332 1.341659235378208 2.8558050783889977 0.0 0.0 
l -1.496210843675361 -0.36613274914868804 0.19247535413874142 1.3804293684738262 2.9077785500802653 0.0 0.0 
l -1.4977391134833815 -0.3565101496616492 0.19404394341613507 1.4158461491907022 2.9536994759052964 0.0 0.0 
l -1.4992180426609878 -0.3470365850039955 0.1957094819881992 1.4479410820820589 2.993990738264891 0.0 0.0 
l -1.5006910368750201 -0.33779176113909537 0.1973121063918678 1.4767346101305965 3.029101538107389 0.0 0.0 
l -1.5021930141587359 -0.32882673662635864 0.19871472005096036 1.5022473746560046 3.0594758312684682 0.0 0.0 
l -1.5037497145780045 -0.32016699147316047 0.1998080120661022 1.5245101709353612 3.085537948231949 0.0 0.0 
l -1.5053790403184768 -0.31180834349330133 0.2005147311568861 1.5435721458994738 3.1076875998442053 0.0 0.0 
l -1.507093322973002 -0.30371521021108633 0.20078942933833968 1.559511668931817 3.1263005929394785 0.0 0.0 
l -1.5089020641107147 -0.29581273614155557 0.20061982924941468 -1.569149153481419 0.00013969694724779976 0.0 0.0 
l -1.5108147619399566 -0.287982036085994 0.20002450359653703 -1.559067660976869 0.01272952964515296 0.0 0.0 
l -1.5128442398399957 -0.2800522077334246 0.1990494910838883 -1.5516327202446456 0.022805306158921918 0.0 0.0 
l -1.5150084454386363 -0.27179724478830064 0.19776479725320573 -1.546594965814048 0.03068640725913208 0.0 0.0 
l -1.5173312054065133 -0.2629374578568965 0.19626023802673573 -1.543662705230084 0.0366837637247368 0.0 0.0 
l -1.519842140278782 -0.2531464317348706 0.19464018562084057 -1.5425087215038966 0.041100222149161134 0.0 0.0 
l -1.5225764018912538 -0.2420602429170724 0.19301850464513604 -1.5427813688781324 0.044227232307218235 0.0 0.0 
l -1.525571510834943 -0.22930355392043145 0.19151384410798494 -1.5441178667490743 0.046340347307903776 0.0 0.0 
l -1.528866073281127 -0.21451347073256222 0.19024334240072574 -1.5461621220233759 0.04769506427019856 0.0 0.0 
l -1.5324987149226175 -0.19736314551151124 0.189319278437506 -1.5485797708294282 0.048518883371792165 0.0 0.0 
l -1.536505413868372 -0.17759889627246853 0.18884394600733173 -1.5510776323502744 0.04900746248408125 0.0 0.0 
l -1.5409190676793856 -0.15506532109046106 0.18890580743106566 -1.5534182273879646 0.049316217464450904 0.0 0.0 
l -1.5457696925303135 -0.12972326712016574 0.18957573552746315 -1.555433416165982 0.04955623117674969 0.0 0.0 
l -1.5510839305863326 -0.10166161249220179 0.19090515507854092 -1.5570345012760598 0.04978991007148829 0.0 0.0 
l -1.556886608473296 -0.07108680152099657 0.19292543736536644 -1.55821577475273 0.05002537195262382 0.0 0.0 
l -1.5632005575572703 -0.038309405728250735 0.1956459782775469 -1.559056827683034 0.050217654714211676 0.0 0.0 
l -1.5700472266619638 -0.003713399253706262 0.19905660309902687 -1.5597146655816563 0.050264851585166095 0.0 0.0 
l 1.5641477955613192 0.0322686856586302 0.20312752051352587 -1.5604167741263029 0.050010506745356995 0.0 0.0 
l 1.5561846181226473 0.06919148564805264 0.2078116482485386 -1.5614469315692407 0.04924551082166611 0.0 0.0 
l 1.5476496786159548 0.10660980291464611 0.21304803213690834 -1.5631303129882723 0.047710874699835246 0.0 0.0 
l 1.5385474824202725 0.1440994584268969 0.2187636925621371 -1.565816976338814 0.04510374476188214 0.0 0.0 
l 1.5288987093507178 0.1812581403168953 0.22487683826814273 -1.569867563960135 0.04108426245940463 0.0 0.0 
l 1.5187435205187279 0.21770926909192176 0.23130137415328328 1.5659552414950708 0.03528159821015241 0.0 0.0 
l 1.5081457740897275 0.2530979721048105 0.23794895815282446 1.5581269772048032 0.027302699921622868 0.0 0.0 
l 1.4971944999820386 0.28709149009865564 0.24473325077558927 1.5479290094033276 0.01673862101570782 0.0 0.0 
l 1.4860048803537367 0.31937527851908654 0.25157386600487625 1.5350820184956242 0.0031719090548694537 0.0 0.0 
l 1.4747154291365265 0.3496564332987198 0.25840055070917506 1.5193435033983536 3.12777430056371 0.0 0.0 
l 1.463485286202581 0.3776612236070324 0.26515611080082013 1.5005074819942728 3.10694012771411 0.0 0.0 
l 1.4524897794705303 0.40313222788699793 0.2718001489871981 1.478400133934591 3.081845500263959 0.0 0.0 
l 1.4419144094842176 0.42582997611603374 0.2783098544048512 1.452873088900386 3.05208003979099 0.0 0.0 
l 1.4319488540759258 0.4455320153654824 0.284680447776766 1.4237954365932977 3.0172415710591367 0.0 0.0 
l 1.4227819571643807 0.4620308601344294 0.29092360303717185 1.391040836972519 2.976942452802793 0.0 0.0 
l 1.4145965355625532 0.4751363110769454 0.29706358426752316 1.3544751354880034 2.9308190599565016 0.0 0.0 
l 1.407566488990476 0.4846748793567466 0.30313202605153267 1.3139442716121894 2.8785493891445975 0.0 0.0 
l 1.4018524741518132 0.4904978000108492 0.3091607749946857 1.2692609749065424 2.8198835948957264 0.0 0.0 
l 1.3976003459154827 0.4924827486782487 0.31517523329958946 1.220196811956594 2.7546894336792285 0.0 0.0 
l 1.3949383360411949 0.4905421560646569 0.3211864612490803 1.1664830966276365 2.6830125164213365 0.0 0.0 
l 1.3939741256037022 0.48463177519138356 0.3271837656660262 1.1078228261170566 2.6051526393730327 0.0 0.0 
l 1.3947918436863849 0.4747556532140437 0.33313023827553195 1.043917399583672 2.5217413826147084 0.0 0.0 
l 1.3974480217819099 0.46097274877138394 0.33895903379027487 0.9745205998537673 2.433800416310674 0.0 0.0 
l 1.4019671363754265 0.4433987069417853 0.3445741415949321 0.8995244933144279 2.342755825516934 0.0 0.0 
l 1.4083376720390561 0.42220416903932584 0.3498535624949871 0.8190751453715098 2.2503815042295123 0.0 0.0 
l 1.4165087765205873 0.3976084813434633 0.35465648627387053 0.7337069467089025 2.158665694639156 0.0 0.0 
l 1.4263879932587584 0.3698711225708347 0.35883287200587577 0.6444661724219556 2.0696211998880845 0.0 0.0 
l 1.4378428703725925 0.339275425543082 0.36223584625179583 0.5529738652501723 1.9850845901124197 0.0 0.0 
l 1.4507040404651186 0.30611438789666995 0.3647345500326711 0.4613754694081938 1.9065547242219087 0.0 0.0 
l 1.464772063278034 0.27067557827901156 0.3662257293762015 0.3721473107149685 1.8351040631364266 0.0 0.0 
l 1.4798266667060458 0.23322740888926663 0.36664541740790224 0.28779425852796703 1.7713676922483514 0.0 0.0 
l 1.4956380799906044 0.19401205289171705 0.36597398613236287 0.2105177439388543 1.71558715483782 0.0 0.0 
l 1.511978230210933 0.15324398394869593 0.3642392453757604 0.14196229693801643 1.6676877651355015 0.0 0.0 
l 1.5286293307095176 0.11112050496786958 0.361513581497487 0.08309662514365199 1.627360826563345 0.0 0.0 
l 1.5453927751965222 0.06783134844116999 0.35790804700301687 0.03422932544337203 1.5941372847624666 0.0 0.0 
l 1.5620881733939045 0.023590849287977455 0.3535647630276477 3.136706322042995 -1.574146566764903 0.0 0.0 
l -1.5630346823200996 -0.021350131126425906 0.3486442839063346 3.1066842976826035 -1.5949352541856199 0.0 0.0 
l -1.5469302563760305 -0.06667725995757112 0.3433153365119041 3.084831398462365 -1.6104780479341643 0.0 0.0 
l -1.5313204142267847 -0.11199134729522954 0.3377419468975476 3.070079022295755 -1.6214361031548719 0.0 0.0 
l -1.516328491759181 -0.15680619029294884 0.33207693724778625 3.0613155449255682 -1.6284548998226125 0.0 0.0 
l -1.5020786398709238 -0.20055488472511673 0.3264513177310574 3.0574601655394487 -1.6321489401136473 0.0 0.0 
l -1.488705208576502 -0.24259397010338635 0.3209748463937726 3.057521263911826 -1.6330840432760365 0.0 0.0 
l -1.476357292616635 -0.2822292326429099 0.31573064961385167 3.0606355305627404 -1.6317615841717035 0.0 0.0 
l -1.465201631516213 -0.3187409648043977 0.3107781103568136 3.0660916246799474 -1.6286047645710071 0.0 0.0 
l -1.4554206065442028 -0.35141567894677495 0.3061550432772774 3.07334480577914 -1.6239433749129093 0.0 0.0 
l -1.4472143812651186 -0.3795496757501885 0.3018833318468864 3.082016206233206 -1.6180046171435964 0.0 0.0 
l -1.4407958360405126 -0.40245626843947385 0.29797479565390733 3.091883985865278 -1.6109061634642943 0.0 0.0 
l -1.4363878086343342 -0.4194488463947383 0.294438026514382 3.102864888221757 -1.6026540031093839 0.0 0.0 
l -1.4342127178566124 -0.42982793815487697 0.29128764361418213 3.1149869690214222 -1.5931457032230947 0.0 0.0 
l -1.4344815253152412 -0.43286632994908764 0.2885496704020871 3.1283602239172006 -1.5821733502690978 0.0 0.0 
l -1.437379661455708 -0.4277989327865895 0.2862697548377988 0.0015492232465843072 1.5721637605093692 0.0 0.0 
l -1.443048646840372 -0.4138425261548782 0.284517988170837 0.01791064717438805 1.587087095339516 0.0 0.0 
l -1.4515649703662683 -0.39025796457129075 0.2833921609890575 0.036004317759152804 1.604696375983142 0.0 0.0 
l -1.4629176656459926 -0.3564775080779244 0.28301769547854305 0.05593878518598149 1.625610882904467 0.0 0.0 
l -1.4769866844086086 -0.3123116915816815 0.28354565656539815 0.07776031527985831 1.6505844815205344 0.0 0.0 
l -1.4935242508085953 -0.25823338858172107 0.28514769401239703 0.10144503464768576 1.6805437535164327 0.0 0.0 
l -1.512144655098217 -0.1956774384676861 0.28800449426124614 0.1269015307111626 1.7166469425400948 0.0 0.0 
l -1.532327016729717 -0.12721371820866234 0.29229556216565594 0.1539851515896231 1.7603694635944536 0.0 0.0 
l -1.5534297404750321 -0.05645020274556847 0.2981847407505785 0.1825176875334499 1.8136165119885412 0.0 0.0 
l 1.5668711149747647 0.01243242681205528 0.30580574502547375 0.21231024731617332 1.8788588551105636 0.0 0.0 
l 1.5461711752621679 0.07538014362019843 0.3152504346105846 0.24318844813890225 1.9592643345040586 0.0 0.0 
l 1.5268454947671846 0.12913017732434734 0.32655917352314456 0.2750128086620687 2.0587232653262344 0.0 0.0 
l 1.5096332555504073 0.17157490379185394 0.33971495622961717 0.3076927446307502 2.181527106939929 0.0 0.0 
l 1.4951914272714444 0.20177943466203402 0.3546416604269685 0.34119542553690846 2.33123886362909 0.0 0.0 
l 1.4840679894130255 0.21976144331643585 0.3712052400409133 0.37554578874119965 2.508249472292822 0.0 0.0 
l 1.4766855014022475 0.22619996018533817 0.38921944210115705 0.41082182483866636 2.706512099209175 0.0 0.0 
l 1.47333654681949 0.22217414391837295 0.4084532683980911 0.4471410850454581 2.912364226499969 0.0 0.0 
l 1.4741843728760946 0.20897919546176952 0.42864100253007703 0.4846467005039018 3.1087756196792315 0.0 0.0 
l 1.4792666863139283 0.18801155489778976 0.4494914928894728 0.5234859212208682 0.14108659737847637 0.0 0.0 
l 1.4885030594517048 0.1606934519004187 0.47070010793654493 0.5637858231974268 0.2871388163379138 0.0 0.0 
l 1.5017008269638779 0.1284265356049583 0.4919594592997847 0.6056267140028326 0.4061941475284024 0.0 0.0 
l 1.5185602682210333 0.09255752622192846 0.5129689043824102 0.6490149865421595 0.5020288270862908 0.0 0.0 
l 1.5386828989869823 0.05434361965784043 0.533444956020495 0.693856287693056 0.5790145339999301 0.0 0.0 
l 1.5615820590194227 0.014923160779564357 0.5531292998930626 0.7399344327612145 0.6410736663128559 0.0 0.0 
l -1.5548930726727739 -0.024710526480825203 0.5717960519235754 0.7868996224364615 0.6913981368798863 0.0 0.0 
l -1.5281644442730316 -0.06372654642620162 0.5892574369652858 0.8342716009323301 0.7324838709572895 0.0 0.0 
l -1.5004520553105352 -0.10146525387901886 0.6053673332447905 0.8814594628817539 0.7662585761929358 0.0 0.0 
l -1.4723686761120565 -0.1374397074956881 0.6200228878377634 0.927799385606871 0.7942114236990379 0.0 0.0 
l -1.4444821036031048 -0.1713217302420922 0.6331644203720136 0.9726068307889293 0.8174999108702162 0.0 0.0 
l -1.417286867485626 -0.20292449504367344 0.6447732338390962 1.0152351487743292 0.8370311305710786 0.0 0.0 
l -1.3911833016093056 -0.2321816002282069 0.6548672267695979 1.0551284261485736 0.8535208637217022 0.0 0.0 
l -1.3664688416943347 -0.2591211712225961 0.6634957489920497 1.091866680631139 0.8675356479117111 0.0 0.0 
l -1.3433399302683853 -0.2838396401167464 0.6707338067743512 1.1251874208439554 0.8795236407368815 0.0 0.0 
l -1.3219023020374676 -0.30647781204629226 0.6766755200345225 1.1549922152927898 0.889837075382029 0.0 0.0 
l -1.3021888622226632 -0.32719736022116014 0.6814284095321169 1.181329249869123 0.8987507050510163 0.0 0.0 
l -1.2841800621326325 -0.3461614906996619 0.685107842524722 1.204367653870426 0.9064751554020655 0.0 0.0 
l -1.2678239905035382 -0.36351875831642044 0.6878339149667649 1.2243610699812721 0.913170054474458 0.0 0.0 
l -1.2530547857465928 -0.37939108589183373 0.6897278892515853 1.2416088269289416 0.9189556772767647 0.0 0.0 
l -1.239806027824988 -0.39386632949204553 0.690911210334823 1.2564208053339483 0.9239211370038249 0.0 0.0 
l -1.228018726991928 -0.40699752064165534 0.6915030769713019 1.2690870919576973 0.928133770041939 0.0 0.0 
l -1.2176457509929315 -0.4188038103306768 0.6916201294570363 1.279857061942134 0.931645728799615 0.0 0.0 
l -1.2086529152140038 -0.42927523695142805 0.6913747981368961 1.2889262354120608 0.9344983438122001 0.0 0.0 
l -1.201012846318708 -0.43838546496735936 0.6908730047435584 1.2964282962600915 0.9367265787886084 0.0 0.0 
l -1.1947062854061552 -0.4460956025660244 0.6902116172648994 1.3024386735906057 0.9383607480303157 0.0 0.0 
l -1.189713179428756 -0.4523682175340172 0.6894771372034181 1.3069805261385112 0.9394253627907725 0.0 0.0 
l -1.1860114878587733 -0.4571742268211116 0.6887417192339109 1.310030112649533 0.9399404887123002 0.0 0.0 
l -1.1835779012187606 -0.46049726079974207 0.6880592269031673 1.3115269103331555 0.9399206926842083 0.0 0.0 
l -1.1823855474251983 -0.4623381867950664 0.6874647981764026 1.3113783264663004 0.9393738907600266 0.0 0.0 
l -1.1824052302787589 -0.46272017889510614 0.6869681574480685 1.3094663389517915 0.9383031983276817 0.0 0.0 
l -1.1836094848536414 -0.4616812633529955 0.6865577022638483 1.3056488488967732 0.9367040306368055 0.0 0.0 
l -1.1859790060894393 -0.4592702635916213 0.6861963122321316 1.299766852707688 0.9345635311193475 0.0 0.0 
l -1.1895098035310467 -0.4555370720053196 0.6858222941161014 1.2916405594200013 0.9318642138460782 0.0 0.0 
l -1.194211089185977 -0.4505316517963494 0.6853517916567327 1.2810762135441096 0.9285803613752321 0.0 0.0 
l -1.2001102621786162 -0.44429623381455885 0.6846787703516142 1.2678759054553326 0.9246780674640817 0.0 0.0 
l -1.2072480294684556 -0.43686567467896487 0.6836780280134892 1.2518450472101474 0.9201104017762939 0.0 0.0 
l -1.2156744680668554 -0.42826691745812384 0.6822071848569838 1.2328108083177352 0.9148118874594542 0.0 0.0 
l -1.2254414838597039 -0.418521706689341 0.6801089934773961 1.2106439163810765 0.9086926532417541 0.0 0.0 
l -1.2365906032916874 -0.40765450189138175 0.6772132871731292 1.1852823295339308 0.9016299623912154 0.0 0.0 
l -1.2491372114203088 -0.395703453653455 0.673340286219933 1.1567591847920093 0.8934571531239592 0.0 0.0 
l -1.2630563648249136 -0.3827307979431452 0.6683031467806722 1.1252317795684563 0.883950715770817 0.0 0.0 
l -1.2782684146740886 -0.3688341297648184 0.6619119012909206 1.091003070251446 0.8728160560926027 0.0 0.0 
l -1.2946261027533348 -0.35415883082511734 0.6539778571657593 1.054535311613507 0.859671283502424 0.0 0.0 
l -1.3119088715273008 -0.3389054732159925 0.6443198189816983 1.0164496369417428 0.8440291108394429 0.0 0.0 
l -1.3298222717897141 -0.32333738904588977 0.6327706285693394 0.9775092716268803 0.8252783690707769 0.0 0.0 
l -1.3480058195644387 -0.3077847788833798 0.6191850332660873 0.938584044915108 0.8026653372349315 0.0 0.0 
l -1.3660483609629646 -0.29264668838519475 0.6034491318787649 0.9006039057056309 0.7752760279303059 0.0 0.0 
l -1.383510145870282 -0.2783916780854372 0.5854903254899831 0.8645042815374808 0.7420274395878879 0.0 0.0 
l -1.3999488835358398 -0.2655588312405798 0.5652872805404333 0.8311723737458768 0.7016765783614015 0.0 0.0 
l -1.4149473561957557 -0.25475831774462654 0.5428811950900323 0.8014033878917683 0.6528645155503416 0.0 0.0 
l -1.4281415724253148 -0.24666993898077882 0.518385240991275 0.7758717460925311 0.5942241431201748 0.0 0.0 
l -1.4392415778982706 -0.2420465968194773 0.49199200003567173 0.7551149883494072 0.5245880186397199 0.0 0.0 
l -1.4480488506641453 -0.24171194233328783 0.46397765743042046 0.7395315876086829 0.44332421730439564 0.0 0.0 
l -1.4544659240044804 -0.2465536383538055 0.43470074534071484 0.7293864702677844 0.35078425437963345 0.0 0.0 
l -1.458498365752508 -0.2575050920151877 0.4045944851768327 0.7248198333138405 0.2487389710074411 0.0 0.0 
l -1.460251358010875 -0.2755010639172437 0.3741522721393265 0.7258547197045127 0.1405546787274031 0.0 0.0 
l -1.4599187812141867 -0.3013981980080021 0.34390678434976824 0.7323993607048392 0.03084630537725741 0.0 0.0 
l -1.457769882264727 -0.33583724440869045 0.3144020982639301 0.744246177290138 3.0661869949860083 0.0 0.0 
l -1.454131359784295 -0.3790439609963402 0.2861640969251029 0.7610641703906861 2.967678947386914 0.0 0.0 
l -1.4493676686104353 -0.43058251289229577 0.25967128481276386 0.7823898785827014 2.879781993624595 0.0 0.0 
l -1.4438612181749573 -0.489124525365417 0.2353280486582897 0.8076215131272702 2.8037901463699475 0.0 0.0 
l -1.4379920185514692 -0.5523497105822808 0.213445603019365 0.8360183615985634 2.7397179754610006 0.0 0.0 
l -1.432120991278113 -0.6170945921315564 0.1942289659673695 0.8667159736415324 2.6867576228529115 0.0 0.0 
l -1.4265751340393833 -0.6797897807447576 0.17777300504921534 0.8987543426073289 2.6436919747331884 0.0 0.0 
l -1.4216359434522772 -0.737059473772924 0.1640671846939971 0.9311245270720339 2.6091816029406956 0.0 0.0 
l -1.4175325351187498 -0.7862534524251819 0.15300591851145545 0.9628268373208311 2.5819297077374554 0.0 0.0 
l -1.4144364880474567 -0.8257319696072395 0.14440417947487447 0.9929354216920089 2.560759956784364 0.0 0.0 
l -1.4124604667158243 -0.8548650849459568 0.13801518396312432 1.0206553582548927 2.54464415167891 0.0 0.0 
l -1.4116600707456926 -0.873831518536168 0.13355136792120673 1.0453701134603162 2.53270024341256 0.0 0.0 
l -1.4120357970614943 -0.8833643676535912 0.1307036922046775 1.066667168819555 2.524178644804219 0.0 0.0 
l -1.4135368033035363 -0.8845139098990035 0.12916150035411897 1.0843477866250777 2.5184444863897264 0.0 0.0 
l -1.4160676439135955 -0.8784753907332751 0.12862779365183086 1.0984147242848676 2.514960602546916 0.0 0.0 
l -1.419492892510369 -0.8664778890170137 0.12883468771598067 1.1090487858081788 2.5132729435689187 0.0 0.0 
l -1.4236444459250865 -0.8497315225968807 0.12955170514389933 1.116574044800099 2.51299781890955 0.0 0.0 
l -1.4283305429524902 -0.8294011100166827 0.13059127954754945 1.1214211485342402 2.5138135035895948 0.0 0.0 
l -1.4333429309250283 -0.8066102413011624 0.13180965874281794 1.1240824366740818 2.5154515874528 0.0 0.0 
l -1.43846692083066 -0.7824373807137128 0.13310610911768087 1.1250771090436453 2.5176920519088437 0.0 0.0 
l -1.4434915236966126 -0.7579130211987372 0.13441830761198975 1.1249145173781137 2.520357167360472 0.0 0.0 
l -1.4482179005631084 -0.7340177016149796 0.13571450128708182 1.1240646332276703 2.5233060130247633 0.0 0.0 
l -1.4524687004862458 -0.7116570075593887 0.13698576851169833 1.1229357214547486 2.5264292353557436 0.0 0.0 
l -1.4560960235076914 -0.6916211471114685 0.13823931616857726 1.1218566652340487 2.529641226270586 0.0 0.0 
l -1.4589859831016396 -0.6745515551650396 0.1394909539164613 1.121066885532435 2.53287126397233 0.0 0.0 
l -1.461063144636895 -0.6609022417058656 0.14075870445205355 1.1207096497243731 2.5360547890573666 0.0 0.0 
l -1.4622913907910078 -0.6509129613817781 0.14205943681144986 1.1208356159690314 2.539122548449122 0.0 0.0 
l -1.4626735651928446 -0.6445990755550687 0.1434063106089655 1.1214033133649914 2.541989164184087 0.0 0.0 
l -1.4622504215163552 -0.6417606981660765 0.1448063254383881 1.1222883583855743 2.5445447790462996 0.0 0.0 
l -1.4610960467720728 -0.6420083720657521 0.1462622457411296 1.1232913077077422 2.546644182034005 0.0 0.0 
l -1.4593100646926442 -0.6448249710317395 0.14777125206285918 1.1241454743017232 2.5481014582751644 0.0 0.0 
l -1.457010389575451 -0.6496156367187198 0.14932748430974802 1.124528093906046 2.5486856581926793 0.0 0.0 
l -1.4543243511410764 -0.6557639764822545 0.15092401540519443 1.1240703943149728 2.5481190391797623 0.0 0.0 
l -1.4513802856018414 -0.6626796467164813 0.15255447665420244 1.1223640561241974 2.5460805004892104 0.0 0.0 
l -1.4482975679160606 -0.6698373779792982 0.1542162375116161 1.118968116665411 2.5422108240034 0.0 0.0 
l -1.4451797768125336 -0.6768019577279811 0.15591090292654144 1.113411786648334 2.536120457864642 0.0 0.0 
l -1.4421087843432916 -0.683237878857489 0.15764625473709643 1.1051981452212247 2.5273979641035442 0.0 0.0 
l -1.4391405136856015 -0.6889154973130169 0.1594359874205988 1.0938037049561993 2.5156187250999764 0.0 0.0 
l -1.4363049915122388 -0.693701547557549 0.16129889775848416 1.0786798774637463 2.500354340443021 0.0 0.0 
l -1.4336091099646673 -0.6975444153296116 0.16325711634902035 1.059251876443406 2.4811789599442555 0.0 0.0 
l -1.431039401077393 -0.700462713879841 0.1653341570703253 1.0349206775227437 2.4576800310393874 0.0 0.0 
l -1.4285681745532535 -0.7025304962183901 0.16755090358804464 1.0050716224207787 2.4294670693103306 0.0 0.0 
l -1.4261605983268817 -0.7038576937544793 0.169922840228019 0.9690894815370064 2.396183638816031 0.0 0.0 
l -1.423783554282457 -0.7045675007521419 0.17245687748579558 0.9263920178191073 2.357526046734536 0.0 0.0 
l -1.4214117127305266 -0.7047851539758399 0.17514802588215445 0.8764807529088556 2.313269987782333 0.0 0.0 
l -1.4190331980359183 -0.7046237603753432 0.17797774149355974 0.8190166062490111 2.26330881210966 0.0 0.0 
l -1.4166543950903632 -0.7041731315701055 0.18091248124297035 0.7539251170212904 2.207707408572355 0.0 0.0 
l -1.4143031745931134 -0.7034899053081372 0.1839039090761605 0.6815254245086332 2.146766935831997 0.0 0.0 
l -1.4120301645277424 -0.7025891047930263 0.18689114450018712 0.6026528782693211 2.0810902173759143 0.0 0.0 
l -1.4099066304433938 -0.7014517320776222 0.1898011802989654 0.518737708880577 2.011631845415578 0.0 0.0 
l -1.4080226633474369 -0.7000226567512944 0.19255223107591374 0.4317946648873 1.9397117640882207 0.0 0.0 
l -1.4064848552461313 -0.6982069737521625 0.1950580095686234 0.3442826553245992 1.8669717132993382 0.0 0.0 
l -1.4054110687684365 -0.6958785277880101 0.19723021761938103 0.25884952978016207 1.795269165835417 0.0 0.0 
l -1.4049234617690538 -0.6928895431290917 0.19898171732594716 0.1780284134500373 1.7265231151253924 0.0 0.0 
l -1.4051418184079347 -0.6890761390636171 0.2002300240705143 0.1039708121359474 1.6625401112720692 0.0 0.0 
l -1.4061760521093052 -0.6842661272231618 0.20090014460045127 0.03829189318015348 1.6048667182240086 0.0 0.0 
l -1.4081175945886162 -0.6782907065137967 0.20092676583908906 3.1236292743861154 -1.5868994184018292 0.0 0.0 
l -1.4110305671173249 -0.6709903800825731 0.20025919162493505 3.0773344769830593 -1.62877143868031 0.0 0.0 
l -1.4149438075782668 -0.662225242781958 0.1988644882915959 3.041130463819778 -1.6619145552538823 0.0 0.0 
l -1.4198428132278011 -0.6518849299190447 0.19673284761290127 3.0148421460611683 -1.6862335729222244 0.0 0.0 
l -1.4256643123584272 -0.6399006098344989 0.19388195665270958 2.998063047956686 -1.7019194146638204 0.0 0.0 
l -1.432294520932781 -0.6262558642071367 0.19036111981390302 2.990196329364385 -1.7094109563202922 0.0 0.0 
l -1.4395712779430072 -0.6109966027222093 0.1862551851870372 2.9904633399897587 -1.7093736246273128 0.0 0.0 
l -1.447289715043924 -0.5942555530185724 0.1816825586419292 2.9978960546304645 -1.70268720969735 0.0 0.0 
l -1.455212841107726 -0.5762690956200004 0.17679310018981323 3.0113188643533118 -1.6904434964925996 0.0 0.0 
l -1.4630848760149553 -0.5573995370962649 0.17176136578849208 3.0293478124938225 -1.6739315340600958 0.0 0.0 
l -1.470645024909325 -0.5381552385690469 0.16677826888627015 3.0504130899916966 -1.6546076028851047 0.0 0.0 
l -1.4776419893223567 -0.5191939147798235 0.16204181093160008 3.072814774154664 -1.6340400760435254 0.0 0.0 
l -1.4838456077176037 -0.5013145655000003 0.15774561125232459 3.0948135395777436 -1.6138286574271206 0.0 0.0 
l -1.4890557486798037 -0.48541922909572566 0.15406832980352403 3.1147410002712004 -1.5955073866781184 0.0 0.0 
l -1.4931088425835033 -0.47243659238649405 0.15116443241840263 3.1311130317879123 -1.580444137507356 0.0 0.0 
l -1.4958801442196117 -0.4632205713107339 0.14915761516631065 0.0011377394858041615 1.5718440622345469 0.0 0.0 
