l 0.0 -1.0 2.0 1.0 0.0 0.0 0.0
l -1.248019662815087 -1.4578452729201887 0.037922469570940136 0.8119611625165504 -0.2516048089733156 0.0 0.0 
l -1.2661891117610415 -1.4352119828578762 0.04286344222347707 0.8355758618343687 -0.2334226540207429 0.0 0.0 
l -1.2451823631344106 -1.4014816218820034 0.0576546273383031 0.8351630375212777 -0.22328838088448882 0.0 0.0 
l -1.213398206396207 -1.4688783023369534 0.038173557743367205 1.1946558013860866 -0.18027992337184345 0.0 0.0 
l -1.3298694692699387 -1.517351005992966 0.01314323771287027 1.112887053897191 -0.21676231229457216 0.0 0.0 
l -1.3661511748345543 1.525023088134611 -0.009506619824404325 1.110977101685779 -0.2480233412346395 0.0 0.0 
l -1.3719257968396588 1.5040511491150832 -0.013470646702777473 1.080106055526172 -0.24845532947822108 0.0 0.0 
l -1.367039853967368 1.4366579145325922 -0.02787641291739483 1.0633471449133522 -0.2561759742211583 0.0 0.0 
l -1.3625466897441005 1.356477602188949 -0.04596237608577044 1.0899802031118786 -0.27192579277408213 0.0 0.0 
l -1.3797693367695318 1.1507004903734002 -0.08616876805148126 1.065760469618162 -0.30250130796861263 0.0 0.0 
l -1.2931867795734289 1.4201288757594956 -0.04323630317792611 1.08211616660152 -0.24988547045351778 0.0 0.0 
l -1.3158776728224686 1.4044701670205957 -0.043718864448114715 0.7447093747610839 -0.25827328285656065 0.0 0.0 
l -1.2434778556458996 1.485272874984263 -0.02910069100571312 1.111767321659081 -0.23951440402244814 0.0 0.0 
l -1.1995701203019253 1.5152761763908895 -0.021631438923480833 0.8025050099471889 -0.13455794514135244 0.0 0.0 
l -1.1495569910679855 -1.5266876256406168 0.019773588087579664 0.8098640631022946 -0.1309752893873081 0.0 0.0 
l -1.1475769916653293 -1.4526331710167961 0.05342357850935529 0.8102474387634998 -0.18291046999656627 0.0 0.0 
l -1.1758461792894548 -1.4793913788307942 0.0381903473443616 0.8102358860289794 -0.20685093941176463 0.0 0.0 
l -1.1754665474755432 -1.4254427168919777 0.061010914079430295 0.8011184750386257 -0.1774546104176802 0.0 0.0 
l -1.28409632225623 -1.4431927484213773 0.037807900025673906 0.7646709679715061 -0.21230229858664407 0.0 0.0 
l -1.30878431376073 -1.3978898243180955 0.04680305150377462 0.7313719298771953 -0.2051345534296417 0.0 0.0 
l -1.3417963937297324 -1.3607005190911479 0.04966357364602886 0.7291181827235519 -0.08320258291003932 0.0 0.0 
l -1.3459971288172183 -1.3752604994788404 0.045259782152351866 0.7262353727491182 -0.10285919557394974 0.0 0.0 
l -1.3860818525767598 -1.4606686935810387 0.020657376173333873 0.6823728660124959 -0.14470377553091326 0.0 0.0 
l -1.3683856338140437 -1.4392729962510455 0.027141405436964583 0.6875045335421546 -0.2240708471685639 0.0 0.0 
l -1.3279112598492293 -1.4092880176151366 0.04034771433032879 0.7087484465353501 -0.2001102603085605 0.0 0.0 
l -1.343603088792035 -1.3666990985149103 0.04781394459984416 0.7039783326922753 -0.19322447872106083 0.0 0.0 
l -1.3281095108191419 -1.362029581339676 0.052399776684031014 0.6974572960283671 -0.20562297870767385 0.0 0.0 
l -1.3264150007686315 -1.3336007326726644 0.06021032360109374 0.7212551402967535 -0.19674938017097063 0.0 0.0 
l -1.3024088995931566 -1.418190814735009 0.04227366767352739 0.7343420201922602 -0.21261533569729582 0.0 0.0 
l -1.2464347630520523 -1.395183105230216 0.05959161339421447 0.7511282661576588 -0.18855851448498487 0.0 0.0 
l -1.2656229224319113 -1.38729579430265 0.05839640835084825 0.7525547870559625 -0.0709698744172234 0.0 0.0 
l -1.2853400028644622 -1.396694288651881 0.05157074238021311 0.7398680826024746 -0.19896808182952994 0.0 0.0 
l -1.2979145811136443 -1.4031943116229864 0.04731447132091311 0.7338704358086597 -0.07714109612597725 0.0 0.0 
l -1.3077333506915125 -1.412182822446419 0.04305048499224843 0.730745531379339 -0.08829286681089238 0.0 0.0 
l -1.2292239145171955 -1.3668396393120554 0.07339836532073095 0.748030391843082 -0.136456931559041 0.0 0.0 
l -1.2075426549481223 -1.3783828294836358 0.07392187217915039 0.7650704853422957 -0.16436382691223808 0.0 0.0 
l -1.201500413160053 -1.381834658728029 0.07388662171172301 0.7804190265621358 -0.05038948044513994 0.0 0.0 
l -1.1971542386874707 -1.3868228010540165 0.07282441301211351 0.7738239735931391 -0.062376610912924416 0.0 0.0 
l -1.2003241512670155 -1.3721562641443812 0.07802540209669105 0.774405855888353 -0.16132444415939842 0.0 0.0 
l -1.2527535719357836 -1.372742015155543 0.06597341939058858 0.7161941899595955 -0.16139217571314715 0.0 0.0 
l -1.2575870116498518 -1.406861543206341 0.05352314579155894 0.7333300648059379 -0.187346455714539 0.0 0.0 
l -1.261459721342752 -1.4076493840636068 0.05256027914251029 0.7313120222843056 -0.17970617980970927 0.0 0.0 
l -1.2698527101021666 -1.4347164120781906 0.0424722748066187 0.7346231399278493 -0.18833847921407798 0.0 0.0 
l -1.296140694756855 -1.4371999973973548 0.03785183658831216 0.7287771262179206 -0.21987309220491516 0.0 0.0 
l -1.353409261205066 -1.4285442736719438 0.031623387056892015 0.729898202123472 -0.21748970610402044 0.0 0.0 
l -1.373418263839314 -1.3801466476888156 0.03857606768664625 0.6983050039012093 -0.22499521842240344 0.0 0.0 
l -1.3919690523511405 -1.3828761624483121 0.034360167517056166 0.6691920854378451 -0.20869808614939156 0.0 0.0 
l -1.4101959109636693 -1.378847960774564 0.03147199117135441 0.6816985504213935 -0.23055427054399388 0.0 0.0 
l -1.376201647030629 -1.4847206890017495 0.017004918335229664 0.6845186571544271 -0.1042685592120832 0.0 0.0 
l -1.4660430931436248 1.568341993823461 -0.00025804437790656463 0.6359661863465783 -0.1369330121188597 0.0 0.0 
l -1.4357078086689175 -1.3629458359161 0.02865639944401467 0.6520172521982314 -0.1859232619697806 0.0 0.0 
l -1.4645921881499329 -1.2125627265115058 0.03989050462177115 0.6300356989050031 -0.07248287216939088 0.0 0.0 
l -1.3968015099138045 -0.9218789656519658 0.1325411528670124 1.0047455345604084 -0.1760596077921018 0.0 0.0 
l -1.3705115072883818 -0.8561011091401439 0.1743651979278772 0.9656476327372399 -0.045533915022656954 0.0 0.0 
l -1.3582491575540228 -0.7626904361054038 0.22211119557902695 0.6050785450727818 0.32080926746438204 0.0 0.0 
l -1.4089706439809846 -0.5725375725713646 0.24806403153631515 0.4755246333654647 0.7049077204440883 0.0 0.0 
l -1.4988467030662433 -0.24415096294341668 0.28162421048762504 0.4623450670656035 0.7351271914648647 0.0 0.0 
l 1.446980933214308 0.31001365136129305 0.3705505167613146 0.42117483967183483 0.8471557914957818 0.0 0.0 
l 1.4262017863288712 0.32865758193190786 0.40354558434663984 0.3578132587978417 0.9672165255360325 0.0 0.0 
l 1.3512134582816384 0.4647037268933958 0.41884414551367133 0.3023560735305792 1.0538460123967341 0.0 0.0 
l 1.4132262448873998 0.2818011567115692 0.5019390997153028 0.2315871534899795 1.219689321101434 0.0 0.0 
l -1.5527946118423446 -0.027831121664618944 0.5740676904212129 0.25284293182649603 1.2686283995819823 0.0 0.0 
l -1.5120879355741859 -0.08351097983123333 0.6121834990674676 0.3155903555264819 1.146524779019992 0.0 0.0 
l -1.5112657967283198 -0.08016257624775368 0.6383018856091638 0.2766930723271874 1.2440070355498678 0.0 0.0 
l -1.522100129079002 -0.061857068139284994 0.6666742324108635 0.2411594582717907 1.2759927453593904 0.0 0.0 
l 1.2680566052881868 0.3347955663830449 0.7316035821281156 0.13807819037434094 1.374905708747433 0.0 0.0 
l 1.2889710851391398 0.3066594572139352 0.7406943928830676 0.09830301970322611 1.4365072670907852 0.0 0.0 
l 1.3616680463446942 0.221702371593879 0.7552995300565682 0.04969647801655561 1.5071603733690846 0.0 0.0 
l 1.4332585328728713 0.1308078998647727 0.8107752557502742 0.04342145673726868 1.5200376322589717 0.0 0.0 
l 1.4729892692511133 0.08378365371755507 0.8628915184531558 0.054064532043685436 1.5106278309732826 0.0 0.0 
l 1.5611099924627407 0.007800153815272153 0.8928531259382865 0.004956992415636668 1.565331600607608 0.0 0.0 
l -1.5238906519760316 -0.03414363686180844 0.9417401813979489 -0.11581792615906258 -1.457819598336577 0.0 0.0 
l -1.3997301923124308 -0.11277428930407045 0.9905068904988771 -0.13881684351307097 -1.4502792880815676 0.0 0.0 
l -1.2983692045178636 -0.15607796546061584 1.0578345770193083 -0.19244435481968794 -1.4053684436107363 0.0 0.0 
l -1.2762850019021275 -0.12345696209074221 1.1824847569807833 -0.27282747926179285 -1.352962522153581 0.0 0.0 
l -1.5314738621385267 -0.014857148357831765 1.2096942946353597 -0.273364512134857 -1.3373368793220979 0.0 0.0 
l 1.4175817856762296 0.05658098408610861 1.2192429877859323 -0.30644067108983575 -1.2935375214863856 0.0 0.0 
l 1.2428795737052933 0.11308049551864821 1.248608409546516 -0.2858183633455861 -1.3287295138749615 0.0 0.0 
l 1.3874793182533778 0.05905475674403896 1.2620918388905176 -0.31945282554592686 -1.3099956983233418 0.0 0.0 
l 1.312425304397874 0.0729697113382512 1.300942539447136 -0.36871744397142636 -1.2847025692285303 0.0 0.0 
l 1.3788078843601927 0.052273405315380606 1.3078625721085908 -0.28767063993302017 -1.3501572940459405 0.0 0.0 
l 1.4775261325676494 0.02296791595866534 1.3299818791741977 -0.39103690533806734 -1.278140592250343 0.0 0.0 
l 1.385772181320728 0.053726945851008096 1.2910004222371145 -0.3660195695317279 -1.2711634628164772 0.0 0.0 
l 1.3584387227689787 0.05859156835931768 1.305164217296592 -0.5469910760169534 -1.1521188179822321 0.0 0.0 
l 1.3361047365353165 0.06283261853415001 1.3134921519936231 -0.38026142541867664 -1.2711036410991063 0.0 0.0 
l 1.3284069572421981 0.06198703753555756 1.3248514466250536 -0.48717439078934155 -1.2467573498531805 0.0 0.0 
l 1.2731331245966997 0.07329792659397125 1.3358591437528047 -0.5821813421634188 -1.1488831689827086 0.0 0.0 
l 1.2126052098169864 0.07161758010368639 1.3814470189868444 -0.5560247403552757 -1.1763298408283664 0.0 0.0 
l 0.9751936674255604 0.07350159755431777 1.4625678319774271 -0.46670414558519535 -1.2266501793464168 0.0 0.0 
l 0.8762639474821208 0.05503443352985936 1.5047567394820616 -0.6025467641753594 -1.2071205431054475 0.0 0.0 
l 0.883452092692234 0.07603776094682016 1.4782530375353722 -0.5935891376082232 -1.206897486701865 0.0 0.0 
l 0.8271961932650064 0.06002219903596919 1.5055487128760223 -0.6209592747481925 -1.1992886382129648 0.0 0.0 
l 0.6918881420519296 0.06748494472217431 1.514857399497111 -0.6200765901723312 -1.1953106244476253 0.0 0.0 
l 0.4441541385773543 0.09328425502289828 1.5263057496462065 -0.6057025932405182 -1.196740430920718 0.0 0.0 
l 0.31512380038191545 0.09823903875291166 1.5386793627868467 -0.5867570389353004 -1.1421449344197656 0.0 0.0 
l 0.18437187643955513 0.10788448858656494 1.5506012944854737 -0.5526304488160716 -1.0834425499273699 0.0 0.0 
l 0.06807018884895372 0.09412239286710769 1.5643605562283776 -0.6262295935586513 -1.1793927311775276 0.0 0.0 
l -0.08100743255926958 0.07124364371240177 -1.5650026640168953 -0.658943538482242 -1.175126680372269 0.0 0.0 
l -0.1975125325946948 0.0709593359382119 -1.5565729039717775 -0.6178274834750276 -1.1240156447694836 0.0 0.0 
l -0.281309656692301 0.08489274228347804 -1.5462104856150243 -0.6669881864766842 -1.1701715739784209 0.0 0.0 
l -0.49301386574852357 0.07905819193064206 -1.5282580327278776 -0.6124024865337255 -1.1250769084458376 0.0 0.0 
l -0.3062790267100564 0.0882552578807774 -1.5428220150836092 -0.6066553913445767 -1.1698223278553836 0.0 0.0 
l -0.17667454871574048 0.11414626606332584 -1.5503309903432407 -0.6307870969598206 -1.1173130795340454 0.0 0.0 
l -0.11451534671500636 0.12837271379736512 -1.5559505261195419 -0.6102765552168188 -1.1032968501848492 0.0 0.0 
l -0.04588141528546691 0.17318810504755663 -1.562764336727312 -0.552028412936432 -1.1719749115632005 0.0 0.0 
l -0.028986104501201017 0.1775598063890772 -1.565593370251592 -0.553128223326327 -1.15552312606489 0.0 0.0 
l 0.03597991534557583 0.1885538716512306 1.5639277602212533 -0.5269778096507263 -1.1775078031745831 0.0 0.0 
l 0.08948226223787192 0.19544407636742583 1.553035845987148 -0.567020024469141 -1.1635620875781068 0.0 0.0 
l 0.2030767078613826 0.18769700799454372 1.5317062197917835 -0.5715352530080058 -1.1652776371784208 0.0 0.0 
l 0.5188769136642251 0.15311983012014782 1.4828912250169706 -0.53087848240189 -1.1949042953960278 0.0 0.0 
l 0.6623816001738356 0.14474278491372833 1.4575983263193113 -0.5300966537579761 -1.205070944837923 0.0 0.0 
l 0.6364887571278774 0.20446716197916692 1.4187161840610694 -0.5234823677866994 -1.2033211295700308 0.0 0.0 
l 0.6485838122780001 0.19557183498524044 1.421752511673962 -0.5465999310823348 -1.1906043177881154 0.0 0.0 
l 0.6633133285552726 0.19159473728981988 1.4203647234708094 -0.5002691709641754 -1.1977245489245212 0.0 0.0 
l 0.6583241141086172 0.19637397940698464 1.4181304817789575 -0.5563270511227895 -1.1729773003149568 0.0 0.0 
l 0.6437930600534576 0.20638384145327177 1.4149512099168788 -0.5596617336568607 -1.172239982358637 0.0 0.0 
l 0.6000784404602069 0.2102546305475868 1.4257958707527805 -0.5479265351086099 -1.1779382560802922 0.0 0.0 
l 0.6138566811002373 0.20820594952398702 1.4230067989587951 -0.5348643243859793 -1.1720651446470876 0.0 0.0 
l 0.6477044542739143 0.2029396612815162 1.4163511844167624 -0.5564444826100308 -1.1618787029953395 0.0 0.0 
l 0.638000123544664 0.21457974965359647 1.4105953429215374 -0.5311939903665778 -1.1666884524367567 0.0 0.0 
l 0.6236137126720256 0.205926601424538 1.4216429929005874 -0.5767317297334797 -1.1570421806772697 0.0 0.0 
l 0.6287006561431003 0.2054969939314872 1.420379316451918 -0.5544084913826318 -1.1628292264821543 0.0 0.0 
l 0.6577453411705372 0.2017010058557945 1.4141291268543639 -0.554435161526207 -1.162819114253656 0.0 0.0 
l 0.6710265278017007 0.20527381560995506 1.4069770675684812 -0.550139028107127 -1.1657911002607917 0.0 0.0 
l 0.6470392457036043 0.22031041419427658 1.4031834314854907 -0.568597531081433 -1.155837207581703 0.0 0.0 
l 0.6399581704171706 0.22768741716183005 1.3999776950491896 -0.5646694033090468 -1.1549855714112018 0.0 0.0 
l 0.645567197092966 0.22285401058331336 1.4017295324982197 -0.5701046992472194 -1.1566339409408157 0.0 0.0 
l 0.9112904871254663 0.11740055135330242 1.4198308538331235 -0.5701531294894593 -1.1557403890801148 0.0 0.0 
l 0.8172933403954941 0.14231584825419263 1.4192383887816526 -0.5924277565053138 -1.1536738654095917 0.0 0.0 
l 0.8200805188293246 0.14507090827006935 1.4154582336380306 -0.5965043803037264 -1.1689073552859304 0.0 0.0 
l 1.0000141908539855 0.09280302339346772 1.4268459109427991 -0.5998244617489297 -1.1668409750849105 0.0 0.0 
l 0.8379766251923862 0.13485330730245157 1.4211724237035042 -0.5957384947577772 -1.1678385954007966 0.0 0.0 
l 0.8021791408857255 0.14628269610158637 1.419594371562207 -0.5970309568842829 -1.168557827082656 0.0 0.0 
l 0.8241613882981909 0.13696922733696273 1.422928933063985 -0.5762329650608599 -1.1700682952261015 0.0 0.0 
l 0.8555305780794071 0.1277222591257675 1.4240321105335827 -0.5463270016895044 -1.2017804989616194 0.0 0.0 
l 0.7990606143859347 0.14742115794314883 1.419352190389255 -0.5749215906694868 -1.1752459501349264 0.0 0.0 
l 0.6464408690662787 0.2423261342794833 1.3863898683086444 -0.536246753818383 -1.2141071672598946 0.0 0.0 
l 0.6700824327524122 0.21801235745460731 1.3970263514277486 -0.5326234468040063 -1.2052267469175377 0.0 0.0 
l 0.6919295127987417 0.20787290622363475 1.3977787374569315 -0.49630729669240353 -1.206064803509173 0.0 0.0 
l 0.6370236504032343 0.24197503306191942 1.3901645202107158 -0.5090797173137757 -1.2036903301724473 0.0 0.0 
l 0.6816789391718998 0.22719754913747958 1.3853550294283803 -0.4945383433622573 -1.2104854229356639 0.0 0.0 
l 0.64143672878282 0.24480260079125674 1.3863612877777292 -0.48395075253982567 -1.2219279137831482 0.0 0.0 
l 0.6574999128078853 0.23636873119719198 1.3869187102883282 -0.46087435994596504 -1.2304503767611445 0.0 0.0 
l 0.6176265906962635 0.29655075759881105 1.357061823060515 -0.4543779622805537 -1.224947268035056 0.0 0.0 
l 0.5149279706423298 0.3883554960675142 1.3432971718396889 -0.44140575866595516 -1.2191686709386287 0.0 0.0 
l 0.32592591879662275 0.4957895291768226 1.3899971311774881 -0.33880513833314707 -1.271540714630776 0.0 0.0 
l 0.26321622772891984 0.5535470892203387 1.4057802022831203 -0.3823049992372315 -1.2335121718608184 0.0 0.0 
l 0.29348865801577495 0.5808755233726839 1.3749581397372328 -0.2626122159430132 -1.3169829483843822 0.0 0.0 
l 0.3087489443414526 0.6124860574642766 1.3503372260694082 -0.3179937361547 -1.247894356064182 0.0 0.0 
l 0.30752771623949043 0.6412706987915289 1.3379973210838805 -0.29186979015062664 -1.2784042440650591 0.0 0.0 
l 0.2991393984505934 0.6574359059924428 1.3370664191837587 -0.31519829207914163 -1.1973041518083953 0.0 0.0 
l 0.3075475148577421 0.6549521807558605 1.3315182793612321 -0.29019297102819563 -1.1968280824034188 0.0 0.0 
l 0.30819294845967593 0.6621001921009657 1.327573446595724 -0.27423231792061503 -1.1768702525611465 0.0 0.0 
l 0.30097595924590254 0.6979259758760055 1.3160979367382224 -0.2025100616493563 -1.2397814799948876 0.0 0.0 
l 0.3000390062536653 0.7105406766427974 1.3106193059135112 -0.22457478902483236 -1.1647028538106516 0.0 0.0 
l 0.3161538214132574 0.7036253643698248 1.3000440630643484 -0.19923965931838172 -1.1725949049569504 0.0 0.0 
l 0.7113392050139957 0.6179905722037853 1.021106293758593 -0.21220196621360715 -1.0946245483673245 0.0 0.0 
l 0.731285432115358 0.5932214987965039 1.0267493633036655 -0.17308548514739158 -1.1495878951295189 0.0 0.0 
l 0.571070344659306 0.8880863744614645 0.9021157042805652 -0.16438315994425773 -1.0478895915398059 0.0 0.0 
l 0.5971850760198011 0.9033169624866999 0.8589265498670787 -0.14369346144121709 -1.099665216662755 0.0 0.0 
l 0.5959197051646441 0.9185673862337581 0.8446702083642483 -0.21675564403734848 -0.8647221241185395 0.0 0.0 
l 0.511253407780034 1.1473424875822786 0.6768213082544878 -0.12398013168200689 -0.9317503554443856 0.0 0.0 
l 0.4933722920753585 1.1702810137032202 0.667003764513369 -0.13327923899412106 -0.7099429953160514 0.0 0.0 
l 0.4491158209529964 1.3006045553022827 0.5215765079911222 -0.12403443167381926 -0.29559596479983063 0.0 0.0 
l 0.4048595839893116 1.3409199340273874 0.4998277546858967 -0.1288673456655105 -0.18397633630278198 0.0 0.0 
l 0.3272807763462034 1.4243192639890832 0.4099529521068041 -0.1291676869844154 0.15688128745017763 0.0 0.0 
l 0.2935485013584533 1.4630622415365362 0.3435965247813396 -0.16151316111293987 0.1902799402608448 0.0 0.0 
l 0.26408288120402235 1.4742815416447521 0.3438267103190908 -0.1819831274924772 0.3332353177708443 0.0 0.0 
l 0.19829656361675232 1.474483142260708 0.4481759877961633 -0.20083281340766018 0.4801759615249222 0.0 0.0 
l 0.1412581042388195 1.4854136746692892 0.5418021075077281 -0.2286343196422515 0.4262974331230971 0.0 0.0 
l 0.07764636501176254 1.4961993206794484 0.7652938178331544 -0.23849640938753436 0.44061723343858233 0.0 0.0 
l 0.05128148161506632 1.491792255408836 0.9956054303460495 -0.2673738737273766 0.397128877105564 0.0 0.0 
l 0.04068874105085343 1.4554466313128287 1.2329010317935303 -0.29382190661717333 0.36617267916628776 0.0 0.0 
l 0.015793503711086888 1.43508740004494 1.4556360431331832 -0.3155225772247363 0.3709599712119562 0.0 0.0 
l 0.009049247849255607 1.4286576748316957 1.5076430877048996 -0.34373892230752273 0.2413927429805525 0.0 0.0 
l -0.011737329077519036 1.4876474221673543 -1.4308752949381882 -0.3476126150011612 0.2092175516334636 0.0 0.0 
l -0.0189408320145191 1.5083385607362239 -1.2766810885062931 -0.37720168257671793 0.14061808406713852 0.0 0.0 
l -0.021314992425176742 1.4868032016273585 -1.3227969198008969 -0.3937913238851662 0.07164859410367778 0.0 0.0 
l -0.04196711043020877 1.4544194191657418 -1.2259534329065986 -0.45082434750874556 -0.017633831527861056 0.0 0.0 
l -0.03920223175133315 1.3835914615902423 -1.3666194517409687 -0.45697222055700953 -0.10824200447963826 0.0 0.0 
l -0.048778780220176614 1.3432494205432144 -1.3630164053819684 -0.45742746912935284 -0.1316614669034587 0.0 0.0 
l -0.10093327531251872 1.2840530478803847 -1.2399549007441881 -0.5132823803002022 -0.4021444913170454 0.0 0.0 
l -0.10126198539360558 1.1713494022911564 -1.3345893926659973 -0.4657815385073603 -0.1885734629070022 0.0 0.0 
l -0.07005373008208911 1.0187207484138738 -1.4573687626805953 -0.4681062050451048 -0.25148717686747685 0.0 0.0 
l -0.03615547356393284 0.9967456809679069 -1.5149223763877016 -0.5284727269702874 -0.6923899143276055 0.0 0.0 
l -0.04280169676531371 0.9282533056178877 -1.5136407158767975 -0.5877004127946167 -0.752325329672963 0.0 0.0 
l -0.045940297902006474 0.8143390436780065 -1.522121088665068 -0.5997359903396353 -0.7036146143953601 0.0 0.0 
l -0.055178931431803385 0.79340836691615 -1.5147281007740303 -0.557194559591507 -0.7625657559224298 0.0 0.0 
l -0.015939859590604975 0.7260728073781415 -1.5566435520089363 -0.6160522709636846 -0.8301897631656798 0.0 0.0 
l 0.12535115859221524 0.6225068360459661 1.4806029503933833 -0.5636545819408627 -0.8319482466926907 0.0 0.0 
l 0.1352079860296044 0.5945764939015227 1.4790650360626554 -0.5824035123358218 -0.7784662064272214 0.0 0.0 
l 0.10972010295861305 0.5972794987154542 1.4960089876851559 -0.5706452637364231 -0.8158463814395194 0.0 0.0 
l 0.01826864798220012 0.7231979035725782 1.5546694330368882 -0.5276027768346322 -0.6723756599559311 0.0 0.0 
l 0.15892764215666677 0.6695640226466743 1.4446022032523738 -0.5398278883562929 -0.5158548522547404 0.0 0.0 
l 0.26392895235548086 0.6681586254932973 1.3606605035809918 -0.3729796268295332 -0.7063813660335878 0.0 0.0 
l 0.23334600828095906 0.6683157089771161 1.3853046664192479 -0.49269369850119676 -0.31961121327310704 0.0 0.0 
l 0.2019757679021945 0.7323313363517713 1.3887234889854054 -0.42839746479318097 -0.27534570136018377 0.0 0.0 
l 0.23401404319527255 1.0493933164256832 1.177434235478493 -0.43350986122215074 -0.11692802850528414 0.0 0.0 
l 0.2599267601482923 1.0395470833779283 1.1457865634087465 -0.43893473102043046 0.10542550091806299 0.0 0.0 
l 0.2792209125108055 1.1460616983727723 1.0057891622840354 -0.42199128901813376 0.06517999363674278 0.0 0.0 
l 0.269183182731606 1.2647296462162414 0.8530742904361512 -0.38507825532904033 0.17348457354297767 0.0 0.0 
l 0.25169506053560975 1.324808992849093 0.773442698639941 -0.3676466463868466 0.2583782308701599 0.0 0.0 
l 0.24711626153993754 1.363859855216553 0.6940707275748176 -0.35722817399907564 0.38239272735176044 0.0 0.0 
l 0.24696294498959448 1.4179314374372571 0.548549402450528 -0.35494760149422144 0.4264106920725569 0.0 0.0 
l 0.2505476097630578 1.4122307803547172 0.558471925456885 -0.33733111397412335 0.5412664622939045 0.0 0.0 
l 0.24466645532631306 1.4406557693893476 0.4828327061019171 -0.339356475754682 0.9122160324563482 0.0 0.0 
l 0.24184660645824535 1.4515697098958273 0.45209257782882883 -0.3231488137433088 0.9369404788519468 0.0 0.0 
l 0.23737934405038727 1.4733384431810774 0.38403338232552414 -0.2961257478144731 0.9511950626195614 0.0 0.0 
l 0.22272341841160267 1.510253849058993 0.26151600287522325 -0.24747395396435765 0.9595413315934759 0.0 0.0 
l 0.18350993944864413 1.558053544501501 0.0685540831845412 -0.3328245482166229 0.9527850710718225 0.0 0.0 
l 0.1867441170894334 1.5533890850558605 0.09187820795265794 -0.2981582120823818 0.9580433103198703 0.0 0.0 
l 0.20323529638464563 1.5321982590924246 0.18524085291432577 -0.27495717923838847 0.9314403012025094 0.0 0.0 
l 0.19355333815131073 1.4682058708888341 0.48363953713186214 -0.25355631899511477 0.8493025892088205 0.0 0.0 
l 0.20857366881911443 1.4090364388553656 0.65681267232439 -0.21551865818465274 0.7128731032782009 0.0 0.0 
l 0.2089077934474283 1.3663760078903118 0.774226327676325 -0.18653049664548596 0.5331394498822165 0.0 0.0 
l 0.2671248615158109 1.3325320165574563 0.7258658571993992 -0.18436016144498157 0.20554359238524034 0.0 0.0 
l 0.29664754665284293 1.3137636522246354 0.7102207533007922 -0.21510572329448757 -0.1487392748000357 0.0 0.0 
l 0.25419736484796934 1.2357013468961058 0.9297863813867718 -0.21927918493122836 -0.48825204558427926 0.0 0.0 
l 0.21629958592899723 1.177462306973692 1.083796006676443 -0.2112909309957884 -0.6354870062999416 0.0 0.0 
l 0.159850691888338 1.0671132024795325 1.2861823572173663 -0.27868964063221857 -0.7163096259173594 0.0 0.0 
l 0.13919935729896535 1.0442689688751658 1.3342712582537504 -0.30534722046004265 -0.7188711768834389 0.0 0.0 
l 0.061101460203771704 0.9184665604262383 1.4908796518012484 -0.4708033053619968 -0.7044303929142233 0.0 0.0 
l 0.0395821989517744 0.9123291180940377 1.5196514219077646 -0.39116914276198167 -0.7669936963658288 0.0 0.0 
l 0.026411642155095272 0.8748726241565573 1.539181824744433 -0.47835601045936954 -0.7896366170256092 0.0 0.0 
l 0.019491643692291765 0.8407251092206655 1.549019752781387 -0.5959474318974132 -0.8130767177808504 0.0 0.0 
l -0.045970469781203435 0.8672883895139688 -1.5166200785242823 -0.6166119482781516 -0.7470168218187073 0.0 0.0 
l -0.04115024374543157 0.8466734878306091 -1.5242740495107778 -0.6159915170057597 -0.8078456288439423 0.0 0.0 
l -0.16264266635997252 0.8809427227981624 -1.3744800067408864 -0.7491001733367608 -0.6057931072931125 0.0 0.0 
l -0.17924395437136653 0.8722174387401268 -1.3583166833850893 -0.74344901560373 -0.5265782579265198 0.0 0.0 
l -0.20593052479307458 0.897115358677683 -1.3148526335580093 -0.7439703791499751 -0.8414653576238569 0.0 0.0 
l -0.2218109549783185 0.9226693155338852 -1.281344900296134 -0.7325137051269545 -0.7612139194578633 0.0 0.0 
l -0.23831024293894443 0.9479317663183336 -1.2446510615230537 -0.7259374130823337 -0.40744473534860076 0.0 0.0 
l -0.2953699882510565 1.0029604992302135 -1.1257393656664458 -0.7006059207021138 -0.634925424998298 0.0 0.0 
l -0.26886634989842456 0.9761010886316914 -1.1839498707788474 -0.6835495607218611 -0.6524189525492362 0.0 0.0 
l -0.22654905725668395 1.1569545238419117 -1.0874871432553321 -0.6702396595449948 -0.41255703852985603 0.0 0.0 
l -0.23329285173530653 1.2189704459949555 -0.9963287781315013 -0.6721798472816617 -0.4423147149033113 0.0 0.0 
l -0.23979555097694508 1.2495691849002255 -0.937106207957302 -0.699271547479105 -0.5079932211340961 0.0 0.0 
l -0.23375828325793876 1.28982948659213 -0.8809652760825092 -0.5866215969824025 -0.39905338189250894 0.0 0.0 
l -0.23634068857946702 1.3068171783638212 -0.842942617716838 -0.6574136883183616 -0.39130739329999614 0.0 0.0 
l -0.23512208942937013 1.3562901131462586 -0.7380039661012598 -0.6175699263945635 -0.30318365077570864 0.0 0.0 
l -0.21666570185980633 1.3790218142652204 -0.7228164042143242 -0.546226112759469 -0.2281759847387235 0.0 0.0 
l -0.19653646290967508 1.406869499166467 -0.6932213962091549 -0.6463052436953926 -0.16109521195600035 0.0 0.0 
l -0.16621665910392944 1.4019666465769345 -0.79334481900525 -0.5377189403102468 -0.05768098806861671 0.0 0.0 
l -0.07733465865941473 1.3560057784400001 -1.2294954453469666 -0.521338587490374 -0.038591840550152405 0.0 0.0 
l -0.07037748424177856 1.3474118608183832 -1.2699119782076922 -0.452829526411969 -0.1289267928389056 0.0 0.0 
l -0.06448173893371441 1.3309670354303664 -1.3126324098299536 -0.41310539512995176 -0.1814313005427723 0.0 0.0 
l -0.05758714678327397 1.3055232063772497 -1.3616934724825853 -0.3877126664286443 -0.23488061176159974 0.0 0.0 
l -0.02166918225409497 1.316106107677715 -1.4877419006067012 -0.40774782486053485 -0.24317833212333537 0.0 0.0 
l -0.03541231911299973 1.3030470210041956 -1.4423696088030633 -0.34152947440863374 -0.11259274324176591 0.0 0.0 
l 0.011758623192584496 1.3410982103992026 1.520548196156794 -0.31721351644262175 -0.05503917987026176 0.0 0.0 
l 0.03768296269276987 1.3555783994765531 1.4000142776314335 -0.29724780002743173 0.14965775159416636 0.0 0.0 
l 0.03676809726396885 1.3797529368259296 1.3828433135893723 -0.3249593888065669 0.06423102650211535 0.0 0.0 
l 0.04613996915650175 1.3897015308635396 1.3237752771725229 -0.29499381595197804 0.49220840515890124 0.0 0.0 
l 0.04376725502348024 1.3946413457967592 1.329547568443998 -0.29077978658071046 0.62670334183238 0.0 0.0 
l 0.04937885960306863 1.392413996788965 1.3032714923342121 -0.2983494865950733 0.7100841644995138 0.0 0.0 
l 0.05454085088685027 1.44578083036268 1.1609669342478564 -0.32014702520921456 0.7713117805912629 0.0 0.0 
l 0.06360675201279485 1.4830803214635238 0.9439730447963334 -0.3474642942204022 0.8084852149757052 0.0 0.0 
l 0.06416911424647953 1.524403904734161 0.6256656159729027 -0.3748644847418931 0.7969891873125772 0.0 0.0 
l 0.05885165443098503 1.542425524818725 0.4488566408419084 -0.38343445657435776 0.81041500144063 0.0 0.0 
l 0.0458634207355209 -1.5696007112902124 -0.026044884230788594 -0.39851583221778236 0.8147282783451602 0.0 0.0 
l 0.04163035494646899 -1.5588972716205827 -0.278263115641858 -0.4367888246012396 0.7754429841188412 0.0 0.0 
l 0.03296348978124686 -1.5407502813412814 -0.7390990556518462 -0.4484657827106463 0.7208538214696032 0.0 0.0 
l 0.030741240286127534 -1.546570831626299 -0.6673509122287219 -0.42352788423208837 0.6401630826498446 0.0 0.0 
l 0.025019938194838387 -1.5586308402091433 -0.4525097417179148 -0.49519673574556333 0.5956722873240996 0.0 0.0 
l 0.019160360400104444 -1.5653385034320955 -0.2774705372747068 -0.509998100895183 0.5090399571333423 0.0 0.0 
l 0.0033957479824877567 1.5580227651079326 1.3109766481071743 -0.4560986596939588 0.3526146887175158 0.0 0.0 
l -0.057535450615301 1.477496946741697 -1.0190108048170528 -0.4666389214584758 0.30282113708049063 0.0 0.0 
l -0.06748298219134138 1.4547257652181658 -1.0454646661908014 -0.4867445502330081 0.2181633342621779 0.0 0.0 
l -0.07100017542860629 1.444096520882728 -1.0615895357860237 -0.491339882801042 0.11506450567402778 0.0 0.0 
l -0.028581118029174832 1.371145903521588 -1.4304382195810166 -0.45561439421500405 -0.06588314937373273 0.0 0.0 
l -0.025915718561622825 1.3225870145061709 -1.468870159470846 -0.43329724708748596 -0.15946930902869794 0.0 0.0 
l -0.0318426804284968 1.3170782867560737 -1.4485676046860072 -0.4484569682019153 -0.2341813866500507 0.0 0.0 
l -0.02068332715815996 1.2584796051305083 -1.5068165279151473 -0.4420221087458246 -0.1995560385188341 0.0 0.0 
l -0.056802846721757436 1.0322635350373999 -1.4759022484185969 -0.43335167674677716 -0.24307218466237954 0.0 0.0 
l 0.07368079533059071 1.0914358747071335 1.429733580421245 -0.34381159795344907 -0.772343337462128 0.0 0.0 
l 0.09950662830973439 0.997336554802433 1.4174313699996282 -0.42157183772278034 -0.4326487295766214 0.0 0.0 
l 0.1098890735764432 0.9657586811996094 1.4125862382307453 -0.30289363244769846 -1.053228063021645 0.0 0.0 
l 0.16468063470090002 0.8738348723014511 1.374820682420691 -0.29692653022748394 -1.1389936574355872 0.0 0.0 
l 0.16203637020629402 0.851483946122108 1.3862787188406693 -0.28673108303627826 -1.1992171070945798 0.0 0.0 
l 0.1882121026857774 0.8204977379710832 1.3692414624827458 -0.31683644715204473 -1.1786896245327856 0.0 0.0 
l 0.20326596627892887 0.801840371223386 1.3609284761039617 -0.26075945737544187 -1.2876803975746203 0.0 0.0 
l 0.24419705403943592 0.7711678086152994 1.3331937519042016 -0.2330020353238233 -1.3232474952064617 0.0 0.0 
l 0.30040268395637415 0.6986141778247149 1.3162512431541966 -0.22146426640640424 -1.323084118043374 0.0 0.0 
l 0.3642534799799534 0.6639226400438323 1.2808936838344545 -0.23924344507085812 -1.271227779795266 0.0 0.0 
l 0.4578068331751162 0.6561871086189388 1.2081727125198214 -0.17817446063346642 -1.326976359155191 0.0 0.0 
l 0.5776321586536146 0.6031405623178425 1.148836978749303 -0.14060450900772895 -1.3487190867893608 0.0 0.0 
l 0.7167715229969452 0.5840000103113986 1.048293287674732 -0.1349398090999209 -1.3215656341334414 0.0 0.0 
l 0.8166594039638394 0.5798140927986297 0.9619624782624303 -0.11017875208840575 -1.3259133611107048 0.0 0.0 
l 0.7924239822320686 0.6006702663069717 0.9635576373346572 -0.08971645547779557 -1.3424388773949434 0.0 0.0 
l 0.5727771458204114 0.8313384743556171 0.9553571974482352 -0.0581561173446099 -1.371290062517051 0.0 0.0 
l 0.7100448638565395 0.8927059370381732 0.7529200490100593 -0.037987614760660794 -1.3631640622351715 0.0 0.0 
l 0.7112985102464519 0.9747779637150419 0.666820642553663 -0.038652636563472585 -1.2664580327887656 0.0 0.0 
l 0.5152845230912221 1.1080432163877012 0.7221752224892553 -0.0462695362410608 -0.8722222353592887 0.0 0.0 
l 0.4679805617281011 1.1273731328538548 0.7543403367616411 -0.0007771614462860649 -1.5458297499687212 0.0 0.0 
l 0.4822104383834809 1.1428642111407878 0.7167974209859485 -0.03781695745578352 0.31914231826631834 0.0 0.0 
l 0.45983446173973974 1.1666299725055667 0.7123616358075199 -0.05916050005237872 0.5292562340445199 0.0 0.0 
l 0.4014438366976848 1.3740824365815385 0.4389323576717303 -0.07658565472616326 1.0664645145214438 0.0 0.0 
l 0.37141742766291075 1.4600015292574031 0.2782193841230308 -0.11270318871646132 1.1021989066062226 0.0 0.0 
l 0.3453917470187589 1.5043223616320438 0.18294865613297437 -0.13126086892582509 1.1277099421191124 0.0 0.0 
l 0.32817798260579484 1.5300746174832018 0.11909709113475987 -0.16728484322406326 1.1089233258461046 0.0 0.0 
l 0.3110231942994047 1.547301490487538 0.07297244534027329 -0.19600901908723278 1.0778361043437563 0.0 0.0 
l 0.2851063874080592 -1.5512402205016045 -0.0666333527751259 -0.2248639518800103 1.0306086916874295 0.0 0.0 
l 0.24918086561634092 -1.540705046668682 -0.1177396107373874 -0.25136614785831557 0.9961122665028931 0.0 0.0 
l 0.20754517583884918 -1.5132167822346296 -0.2671935167571311 -0.27495876258218604 0.9486920424300138 0.0 0.0 
l 0.19458104519964395 -1.5252602878763204 -0.22722660262088482 -0.3051978200445544 0.8879473588264617 0.0 0.0 
l 0.1776069766586131 -1.5434510172376719 -0.15121769014644174 -0.3327092762516537 0.8080070779673082 0.0 0.0 
l 0.1637761579449679 1.5658566559909648 0.029882305777538563 -0.3575639193995138 0.7093486521068032 0.0 0.0 
l 0.15146644492772862 1.5382062872896027 0.21042911764067546 -0.3767144823324475 0.5941685514924442 0.0 0.0 
l 0.10203637108768378 1.526207824482991 0.4109470124890692 -0.3812812377797603 0.47230708069680905 0.0 0.0 
l 0.08132651444274087 1.4787104631088086 0.8476732667340965 -0.39104289723775665 0.3302276588443685 0.0 0.0 
l 0.04801092151711416 1.4259064853905288 1.2526868501457178 -0.3892181300464247 0.16281606777651386 0.0 0.0 
l 0.02711654741749238 1.3503287418337715 1.4503560638086208 -0.3907011503551064 -0.03146229372190066 0.0 0.0 
l 0.02826687387580278 1.2630240531844752 1.482081040329652 -0.3947519757773647 -0.2378168735355642 0.0 0.0 
l 0.09549305418090029 1.0966614353371678 1.3862704281009708 -0.33616828602508464 -0.6124567275397065 0.0 0.0 
l 0.10827100164280838 0.9752788691100697 1.41173261832099 -0.31084403331063615 -0.8653395305949942 0.0 0.0 
l 0.11175404839809601 0.9062547904976253 1.4285162318799707 -0.2864553562666111 -1.0241849403559908 0.0 0.0 
l 0.11311073262188626 0.8283145869717435 1.4476333104007966 -0.28271099112012943 -1.117108552782679 0.0 0.0 
l 0.0948382505543096 0.7835028039390757 1.476314766083485 -0.2857409992120022 -1.1677487206231185 0.0 0.0 
l 0.0868171328271665 0.7376501863997734 1.491863313870106 -0.2927999794962554 -1.2039658058899105 0.0 0.0 
l 0.1237888307028043 0.6908199828081685 1.4682927324178279 -0.28387165665833985 -1.2526793771900144 0.0 0.0 
l 0.138830754127928 0.6551598335802915 1.46384082959546 -0.2874960756040755 -1.277935459466687 0.0 0.0 
l 0.17345657057605682 0.614770436384511 1.4477106337694996 -0.2890763523943443 -1.3032197873308609 0.0 0.0 
l 0.2165369070417458 0.5780376916255819 1.4282578942321338 -0.28974898416258527 -1.3254206664280725 0.0 0.0 
l 0.28144597134813526 0.4838138543638301 1.4200256463968781 -0.3180330861270239 -1.339064626731867 0.0 0.0 
l 0.3150314143934507 0.3914725884582124 1.4370813761284507 -0.37754337809090505 -1.3330771005796296 0.0 0.0 
l 0.3270577596123309 0.3432367563779133 1.4501463503262837 -0.42389948223096113 -1.3285679579192151 0.0 0.0 
l 0.5766874970036615 0.438521483930219 1.2747198371151736 -0.19908304922926798 -1.4055528600498413 0.0 0.0 
l 0.6920638398678037 0.5054193270055428 1.1407877672561972 -0.09423810879607004 -1.47170957293502 0.0 0.0 
l 0.7228777418597903 0.5854202052885893 1.0416060301804446 -0.02560453284026344 -1.538400063209907 0.0 0.0 
l 0.7069806891140978 0.6882382027868437 0.9583599188744544 0.024490247130383242 1.5334286824752033 0.0 0.0 
l 0.6843679815633587 0.7716016374158996 0.8999069004782652 0.04723764146531446 1.484741618665543 0.0 0.0 
l 0.6763285760800336 0.8522133526250796 0.8282756074782703 0.08638637166319844 1.387742268366041 0.0 0.0 
l 0.6442053702612519 1.0613226275777552 0.6395204555947899 0.1482079439719527 1.0178986322336148 0.0 0.0 
l 0.644308640521479 1.152472895811334 0.5343347121079856 0.16690296277650815 0.822442466524691 0.0 0.0 
l 0.6792943961781815 1.1912551198889731 0.45881449152623033 0.18631653581749805 0.5876108822876022 0.0 0.0 
l 0.7120075640116783 1.1953316750052345 0.4284304543853402 0.20347571031903589 0.38277606102341316 0.0 0.0 
l 0.730481730262945 1.2312434384460222 0.375607775670477 0.21187245963326398 0.16635938531360134 0.0 0.0 
l 0.7507318025439681 1.2724543339101226 0.31840176971678524 0.22437844733359835 -0.001978763350460676 0.0 0.0 
l 0.7792894052716275 1.3050848375483557 0.2688235849719299 0.24292033016372436 -0.11297043468541698 0.0 0.0 
l 0.7909306963868178 1.322880645491186 0.24529623271483855 0.2535962151004861 -0.22259347325866374 0.0 0.0 
l 0.7967927246216822 1.3417412177430263 0.22406662563812027 0.23842783052708133 -0.29135996979949585 0.0 0.0 
l 0.7938460813827086 1.3456037431638945 0.22154278878710443 0.22111952859468267 -0.33548364366011685 0.0 0.0 
l 0.7858221643672998 1.3567816205334404 0.2138387803033784 0.23030975736377834 -0.3298938754579461 0.0 0.0 
l 0.7815938310249316 1.3452474824585705 0.22721306145689146 0.23112952587417454 -0.2546103663739679 0.0 0.0 
l 0.7668453671534938 1.2756478977542731 0.30563755356889544 0.23687352031214517 -0.13617974587501108 0.0 0.0 
l 0.7678802010396046 1.2288592868806913 0.3531579492285927 0.23066294848099478 0.02731378862606955 0.0 0.0 
l 0.7406498807907091 1.1835184247659192 0.4196198617910025 0.22576774098324398 0.2602529531208246 0.0 0.0 
l 0.7279226726461848 1.1063133154868654 0.5121797426258681 0.21743144720670957 0.5287891289233517 0.0 0.0 
l 0.6997827526004902 1.0863887533030436 0.5586230394451962 0.21195851289849932 0.7427358588614528 0.0 0.0 
l 0.6665521742847408 1.0267669392110592 0.6555350395584857 0.19482138088256865 0.931944158080156 0.0 0.0 
l 0.6507577559281871 0.9893640321702271 0.7120897951309599 0.17542518719818403 1.0892454174359618 0.0 0.0 
l 0.6394314152568045 0.8965322725838886 0.8213917844258299 0.13874978904238858 1.249024764707827 0.0 0.0 
l 0.6064320867826175 0.864367200092801 0.8882796102132297 0.11852978510678425 1.3484778501726398 0.0 0.0 
l 0.5911090992391148 0.8265195511255672 0.9410263324873919 0.0736302658438977 1.448356178846661 0.0 0.0 
l 0.5594622674037685 0.7711929398240808 1.0240349113869796 0.023858723040687164 1.5358687318635802 0.0 0.0 
l 0.5559462859285657 0.7021574918191077 1.0868606468677589 -0.004259386167712261 -1.5652827230193167 0.0 0.0 
l 0.5570279061693841 0.6468545489409031 1.1311207004574189 -0.05770695467433792 -1.503240544519454 0.0 0.0 
l 0.5090298237884631 0.6063799640694201 1.201497254280994 -0.12651582468337833 -1.426474881390033 0.0 0.0 
l 0.5203354336855536 0.5438150972363576 1.237282267893915 -0.19642575346872224 -1.377885616090956 0.0 0.0 
l 0.4687579452547326 0.5254955235093705 1.285170950381553 -0.23701815986630861 -1.3486892940690958 0.0 0.0 
l 0.5219010614362272 0.4463390380588253 1.3022372061279703 -0.303666709989859 -1.2927597764051153 0.0 0.0 
l 0.3679479480533184 0.5160383675444806 1.3554847015628404 -0.31950146078723757 -1.2860495616527214 0.0 0.0 
l 0.3745928882454567 0.48419806348668065 1.3668863163762215 -0.3435880955268349 -1.2684184034965256 0.0 0.0 
l 0.3443332207926927 0.5014844321951937 1.376665683173278 -0.3185660090641276 -1.260824974856823 0.0 0.0 
l 0.29560704756458434 0.5565592993608844 1.3835478160581025 -0.2909479409297866 -1.2645769077249494 0.0 0.0 
l 0.29700210187015424 0.6432395071084788 1.3452828452741787 -0.25128693867329466 -1.2704287539009256 0.0 0.0 
l 0.3200481182374517 0.6992066885046393 1.298973803081446 -0.22393427201214114 -1.261316999775624 0.0 0.0 
l 0.2979999346321885 0.7657303816146649 1.2836607653744638 -0.20765849459380537 -1.2377240408893755 0.0 0.0 
l 0.3251745092540926 0.8618824876815238 1.1962492210346725 -0.17844272918991824 -1.2341403738732142 0.0 0.0 
l 0.3786337426288933 0.9358193512637251 1.0756881914821137 -0.15693413298815378 -1.231172225785576 0.0 0.0 
l 0.3645188674395127 1.0137167438622043 1.021176203391619 -0.15438075671298726 -1.1544263903838077 0.0 0.0 
l 0.3263564646353547 1.117322892866881 0.9637753771245616 -0.13533352170934268 -1.0989252935879203 0.0 0.0 
l 0.29550936512262665 1.1761974518717626 0.9395598153352746 -0.13082289995825128 -0.9608087242362583 0.0 0.0 
l 0.27852251204879924 1.24004618714708 0.8763686793618563 -0.1255358943018125 -0.7487864427579077 0.0 0.0 
l 0.2712586377662194 1.2950642660601417 0.7939986848744647 -0.14129348224577776 -0.36483766031912357 0.0 0.0 
l 0.26916770152228714 1.3250131524481887 0.7379560808037386 -0.15821528359053147 0.009809716698012262 0.0 0.0 
l 0.24976980960334375 1.3766206051548806 0.6567420956789376 -0.16087675877221932 0.32386593646659056 0.0 0.0 
l 0.2526900050451613 1.4034153086909513 0.5794342619519608 -0.165916220598705 0.5214380894213118 0.0 0.0 
l 0.2659827002173943 1.4242046624158387 0.49665054165357636 -0.19526100797163007 0.627280709795851 0.0 0.0 
l 0.2611530867978881 1.4484819462488516 0.43110781741390586 -0.20563002626265098 0.70569897945921 0.0 0.0 
l 0.2512701014441735 1.4735104072786067 0.36331654086227533 -0.2194891266480879 0.7307166814127967 0.0 0.0 
l 0.2355357200918029 1.4945723655421423 0.30809594493871645 -0.2451694421656991 0.7183348754925599 0.0 0.0 
l 0.19362941669828995 1.5162144286639747 0.27174109090781634 -0.26262788093304357 0.6977687288564639 0.0 0.0 
l 0.16427569889599014 1.5253658662424594 0.2676656502018447 -0.2763423207387798 0.660671517354171 0.0 0.0 
l 0.1666214624022301 1.4963674399707014 0.41732842713532653 -0.30700782343723876 0.6014815159262493 0.0 0.0 
l 0.1617289643233436 1.4727724189404 0.5424302775002747 -0.3135308983471 0.5339392623413122 0.0 0.0 
l 0.14494156573569264 1.4553133879302476 0.6715032254327433 -0.3194738756619011 0.4450032855036051 0.0 0.0 
l 0.13479234262069656 1.4375375695825892 0.779607895724529 -0.3214519992160079 0.3216076098010773 0.0 0.0 
l 0.1425577424463227 1.3882994894178449 0.9097790997394621 -0.3311077631409977 0.1686939096739576 0.0 0.0 
l 0.10409287229653869 1.355205912323123 1.125678761982587 -0.3316423967970315 -0.004012433594024564 0.0 0.0 
l 0.2509423722223091 1.1491963217881782 1.051542211827871 -0.20227574874059118 -0.7230797579031203 0.0 0.0 
l 0.32066592443625064 0.9865880035266559 1.105300817863844 -0.1353830900525627 -1.1883084679545233 0.0 0.0 
l 0.365215938910251 0.8502105824763737 1.1601089545740566 -0.09828599611610156 -1.3725343372497423 0.0 0.0 
l 0.39127029651505274 0.7339119975654737 1.2145649013337803 -0.08677471413922133 -1.435882308629235 0.0 0.0 
l 0.43615930079494547 0.6159634220258547 1.2521221008630965 -0.084369009447096 -1.4665746770862742 0.0 0.0 
l 0.45792653016175067 0.5477946754476541 1.2787093395101867 -0.0828833716959259 -1.4839996125044588 0.0 0.0 
l 0.4530909406991196 0.5070826654176895 1.3066419229802764 -0.0927463450609309 -1.4851030822250677 0.0 0.0 
l 0.44912066763892144 0.46999620909220646 1.3306964748763537 -0.10892579240552214 -1.4809621605366527 0.0 0.0 
l 0.4319142211388156 0.44075171066351515 1.3567034961259328 -0.13932660475689776 -1.4662061602243996 0.0 0.0 
l 0.4105258512370072 0.4081296601435663 1.3847635475197522 -0.1795759700866912 -1.4481451159710235 0.0 0.0 
l 0.39336025660835117 0.37647103190605846 1.4081889107251742 -0.2216859796645422 -1.4325165006070018 0.0 0.0 
l 0.3787875094392412 0.34980504986055927 1.426607801741513 -0.2645129423863813 -1.4185673782254022 0.0 0.0 
l 0.3776760331122402 0.32750104458919965 1.4368237814855276 -0.30111390441932023 -1.4097002392870255 0.0 0.0 
l 0.34372080441939845 0.32048979918803583 1.4525422399804464 -0.34547059862102397 -1.3938043544939227 0.0 0.0 
l 0.32016056620717015 0.3198961588588928 1.4613951030561865 -0.3783583207049072 -1.3832759083456503 0.0 0.0 
l 0.2971598663728831 0.28437397262448894 1.481525291290428 -0.44851264674731145 -1.3642521732003203 0.0 0.0 
l 0.2851725944977662 0.3049886423907567 1.4787661594320396 -0.45193525692728953 -1.363021601301138 0.0 0.0 
l 0.315692970767768 0.32265772494016826 1.462025947101764 -0.43737407110135074 -1.371157832698874 0.0 0.0 
l 0.31085702353627004 0.3218934727892664 1.4640615716984522 -0.45945583658183226 -1.3658651644366515 0.0 0.0 
l 0.3100233249568111 0.3221007160746413 1.4642918018161146 -0.47356125272030714 -1.364231626684476 0.0 0.0 
l 0.2958793407898243 0.3298018827118308 1.4668291934503874 -0.48620298945733237 -1.3600297451015488 0.0 0.0 
l 0.28585065334314286 0.3410167406634992 1.4668726555579967 -0.49195817055786534 -1.3573976119958986 0.0 0.0 
l 0.2773280788179223 0.34642906456257777 1.46839586439501 -0.5011901932544137 -1.3547431709523814 0.0 0.0 
l 0.2847066821678914 0.3255995657721802 1.4723103944907399 -0.5384239672178678 -1.3481339371224084 0.0 0.0 
l 0.28760927743341586 0.31927044625200757 1.4733170747463764 -0.5569815644284318 -1.3451598290195563 0.0 0.0 
l 0.2806152752955868 0.31868382312300175 1.4759889825865056 -0.5703766872995234 -1.3421474351661573 0.0 0.0 
l 0.27822150609351703 0.32450859910740637 1.475004368407827 -0.5741384989581231 -1.340655140808942 0.0 0.0 
l 0.31258825195771434 0.30089756032569404 1.470840197877044 -0.6042011286784257 -1.3393037266506864 0.0 0.0 
l 0.9645191921949839 0.36861968859515076 1.0625321787587105 0.37429381315505744 1.3739213095771245 0.0 0.0 
l 1.1090579492229427 0.4701783028217693 0.7748850976619805 0.66042142315116 1.040724707363479 0.0 0.0 
l 1.1839001527958766 0.5915924745498121 0.5451258401077116 0.7891214663162995 0.7404892587692598 0.0 0.0 
l 1.216196559863385 0.7581312960688934 0.37273447201566917 0.8550965656755626 0.4979678915759407 0.0 0.0 
l 1.2503499874320443 0.9135233037316645 0.250740006808632 0.9120539110077348 0.3179255565636264 0.0 0.0 
l 1.232984452678498 1.0634137471412655 0.1928572598678904 0.8843507315260292 0.2220632063358018 0.0 0.0 
l 1.1857656802249033 -1.3494286813726823 -0.09095399372622999 0.8438731264329165 -0.18278188053455033 0.0 0.0 
l 1.2147263700367439 -1.3814028228489232 -0.07117378417697341 0.8924519048764988 -0.16857194218816518 0.0 0.0 
l 1.2428203641315083 -1.3792852946421221 -0.06587755368889277 0.8960210727444344 -0.1534536242066007 0.0 0.0 
l 1.2604852848112935 -1.3738849291072173 -0.06388559259080433 0.8621852964944017 -0.13826060844210838 0.0 0.0 
l 1.2708514994612794 -1.3893810500137502 -0.056670348757000326 0.8343126132946188 -0.14245803813654645 0.0 0.0 
l 1.272179735539495 -1.4061726320130232 -0.05109293779087424 0.8122889704230796 -0.14632599010403088 0.0 0.0 
l 1.2728742642392241 -1.4402943885222088 -0.04027929602496928 0.8071057986873869 -0.15060330793343416 0.0 0.0 
l 1.2773164179026 -1.4474039641238572 -0.03746285761405141 0.7986190881482084 -0.1518975102288142 0.0 0.0 
l 1.2800295609505774 -1.4692804897578826 -0.03047376354266414 0.7929857056897885 -0.15197803371582844 0.0 0.0 
l 1.2865499638349178 -1.4784087350528514 -0.027062174365076245 0.7837490561963814 -0.15062829444830236 0.0 0.0 
l 1.2818109597834635 -1.4853547878414672 -0.025458958516809817 0.7803537190893192 -0.15031874411703902 0.0 0.0 
l 1.2817973790706194 -1.470057797462523 -0.030044562519542895 0.7830080104461626 -0.15090622866689715 0.0 0.0 
l 1.2769203367534427 -1.4820115791500799 -0.026934024006570127 0.7770540777404583 -0.14967202877010524 0.0 0.0 
l 1.2850503995907283 -1.4667496078822175 -0.03066860739172371 0.7738174274012861 -0.1488599153811716 0.0 0.0 
l 1.2916092445347993 -1.4577691171539615 -0.03252921744855359 0.769813608614032 -0.147842462041166 0.0 0.0 
l 1.2916879250594004 -1.4542338963954102 -0.03354506971155038 0.7744453430495493 -0.14898303689075984 0.0 0.0 
l 1.2794127974333604 -1.4842191548101447 -0.026025432993790697 0.7722643766529068 -0.1485398015652282 0.0 0.0 
l 1.2757791058572745 -1.4888906863394997 -0.024940533546830516 0.7817941550635794 -0.1507684323793679 0.0 0.0 
l 1.2746891438769208 -1.491199815286138 -0.024329599823771548 0.7709208450318322 -0.14839844476966857 0.0 0.0 
l 1.2726439481257075 -1.475005791347758 -0.029519468064430007 0.7726559662428005 -0.14888266445428439 0.0 0.0 
l 1.2804702054729666 -1.4998225489708203 -0.021237175659623044 0.7737260959559258 -0.14921669263009968 0.0 0.0 
l 1.266662868346351 -1.4814155527066344 -0.0281215694455575 0.7649643868902742 -0.14716719498390674 0.0 0.0 
l 1.2667148549563634 -1.4796786009956975 -0.028665556394475687 0.7475294025990643 -0.14258764811885058 0.0 0.0 
l 1.27423617928055 -1.467976383996656 -0.031519563982201515 0.7515712892816918 -0.14308691692672265 0.0 0.0 
l 1.2667159690291123 -1.4824685951197016 -0.027783525194097703 0.7460828069599346 -0.14187661668774454 0.0 0.0 
l 1.267886807340552 -1.4880936241143428 -0.02590012962300171 0.7423590524691376 -0.14088475513172574 0.0 0.0 
l 1.260235788907248 -1.501291002177657 -0.022339707859487398 0.7372478257642152 -0.1396959114259693 0.0 0.0 
l 1.2539178629470062 -1.5166087621018602 -0.017785191354683615 0.727585775046911 -0.13716264907217385 0.0 0.0 
l 1.2392737976986663 -1.5096378105174242 -0.021075573520744025 0.7197481550512611 -0.13472736848453992 0.0 0.0 
l 1.24349116501492 -1.5122349020187482 -0.01990270924788318 0.7119839198482611 -0.13267029960823604 0.0 0.0 
l 1.2456528938035336 -1.5134665057291445 -0.01934509922267797 0.7140425735248154 -0.13297546541873675 0.0 0.0 
l 1.2467085675988556 -1.5140925206050821 -0.019066768861386977 0.7173473495275174 -0.1338692376974927 0.0 0.0 
l 1.248061915737439 1.538071646902073 0.010947483125255045 0.7239293847857895 -0.13596191913542396 0.0 0.0 
l 1.2487045326165007 1.5580779259358992 0.0042444931253227455 0.7143964814967722 -0.13383474591606628 0.0 0.0 
l 1.2498497363125072 1.568035055919072 0.0009179597361830209 0.7157076027434357 -0.13387207210533356 0.0 0.0 
l 1.252025040063271 -1.5443309679831914 -0.008736082244975513 0.7230727326136258 -0.13619576916334653 0.0 0.0 
l 1.253933237719922 1.5634112963084372 0.002421676498237362 0.7131922127540039 -0.13340297743806137 0.0 0.0 
l 1.2540680873475123 -1.5545863646223983 -0.005313429285272293 0.7241325396929007 -0.136229663290305 0.0 0.0 
l 1.2613554083039102 1.5661758425783097 0.0014772298374478713 0.7296011612370414 -0.13776500305164574 0.0 0.0 
l 1.2505582544776774 -1.5289041970612556 -0.013900915278615662 0.7255291208916056 -0.1367721552495663 0.0 0.0 
l 1.2564690792578 -1.5293461888790956 -0.013482570487686923 0.7294876427263914 -0.13766159290520272 0.0 0.0 
l 1.261811160290129 -1.5375257290901763 -0.010623791672409883 0.7308236215386922 -0.13806914253502153 0.0 0.0 
l 1.2532116720153343 -1.5099555521620656 -0.02002106590330394 0.7265186286037715 -0.1368955908264542 0.0 0.0 
l 1.250513730589781 -1.5290039681162988 -0.01386984050166625 0.720628585267354 -0.13524814931241327 0.0 0.0 
l 1.2499494747601165 1.514631659216604 0.018682654177487126 0.7155612053387265 -0.13344951271522995 0.0 0.0 
l 1.2529153371203234 1.505122932444882 0.021636873230602167 0.7077687972259455 -0.1311737542494994 0.0 0.0 
l 1.2543293043163348 1.4363752983427227 0.044257398615271885 0.7055532086235411 -0.13018617919760897 0.0 0.0 
l 1.2494769732255346 1.4994107174377096 0.023796956996000707 0.7011098641184501 -0.12882988767355985 0.0 0.0 
l 1.2477983664230097 1.5468794457580528 0.008006812102720891 0.6984171667477934 -0.12787838399256007 0.0 0.0 
l 1.2526648082160754 -1.562910775959456 -0.002596894012282059 0.7014582163968613 -0.1284221629186561 0.0 0.0 
l 1.2494157914640125 -1.563290806135649 -0.0024987965591037904 0.7022454472818405 -0.12867708933804273 0.0 0.0 
l 1.244522703705719 -1.5555603232863147 -0.0051557077926696485 0.7035494495130609 -0.1289243169679068 0.0 0.0 
l 1.2371598991251627 -1.5282865185086154 -0.014741416208067286 0.7061779440966248 -0.1298711026534472 0.0 0.0 
l 1.243308127772556 -1.5216207579250494 -0.016717884341191962 0.6988029579339794 -0.12786977870983546 0.0 0.0 
l 1.246330033612319 -1.5262682858852465 -0.014985949739113229 0.7058940480171633 -0.12990487173403775 0.0 0.0 
l 1.2462212098821177 -1.5369932488736293 -0.011377723686379449 0.7025065079501472 -0.12940686500989435 0.0 0.0 
l 1.2438127935214283 1.53553931631126 0.011962082590528547 0.6928246024960305 -0.12674018446886512 0.0 0.0 
l 1.2238104035672093 1.5650003868540034 0.0020959281975042763 0.6751699747829933 -0.12146515636395465 0.0 0.0 
l 1.2271425468324542 1.4482217128447503 0.04405619689177348 0.6637671276820111 -0.08016629068364232 0.0 0.0 
l 1.2180525577841088 1.411666096327728 0.059013301233553646 0.7259620835645605 -0.027832039907644737 0.0 0.0 
l 1.2064501968667507 1.3777018920379558 0.0744323284638055 0.695831218734775 0.017264936122992566 0.0 0.0 
l 1.1790300605479251 1.3955756023715729 0.07300742556868124 0.6582505814319916 0.02780165629769371 0.0 0.0 
l 1.175709935223232 1.30031064722846 0.11511864600468615 0.6494281252014902 0.14765674297260903 0.0 0.0 
l 1.16867536016069 1.1499833771431163 0.1880902422475847 0.6614020300953376 0.2752147355199027 0.0 0.0 
l 1.1539741197292521 1.068884805688007 0.23836500804193714 0.655637994718939 0.393590145720188 0.0 0.0 
l 1.1211801813552724 1.0373204898033894 0.27764902438121436 0.6032912086916746 0.5222552186642878 0.0 0.0 
l 1.099146801477958 0.9394788838583649 0.3569369685785573 0.5820397880128548 0.6306041546527948 0.0 0.0 
l 1.0638356979313965 0.8772778299449359 0.4325128338286204 0.5030864465405418 0.7511939260479057 0.0 0.0 
l 1.0358328179970786 0.8291150155077494 0.49739926163346426 0.4799494273571982 0.8633297779543038 0.0 0.0 
l 1.0064094658902243 0.8245374324948583 0.5295884574253935 0.39355628019509736 1.0059821109671214 0.0 0.0 
l 0.9950091554561961 0.732390770883019 0.6252791319885715 0.33078181897214665 1.1228784257986686 0.0 0.0 
l 0.9557448048956928 0.6719359172737878 0.7262443738812909 0.2549710887409017 1.236229934741012 0.0 0.0 
l 1.3736214792796857 0.2291879046584203 0.7081572268361593 0.12591511048709703 1.4209014992960065 0.0 0.0 
l 1.32009675534897 0.26265188499250836 0.76106567900974 0.0034203587315877076 1.5670767471167992 0.0 0.0 
l 1.5521065387990796 0.016592976430539773 0.8447693711054938 -0.09940669157997634 -1.4740484342626654 0.0 0.0 
l -1.3805924167236168 -0.13902241640740878 0.9423321137539341 -0.23087087782828117 -1.3651484610110707 0.0 0.0 
l -1.4009540541066188 -0.10191754594479938 1.0330598928023655 -0.29252289700083106 -1.3148313763156465 0.0 0.0 
l -1.473054882650844 -0.04261740920992136 1.16057376629559 -0.3607206446253371 -1.2627756886214994 0.0 0.0 
l -1.4926751551151753 -0.02352085145229555 1.2788585626606943 -0.4564232887213602 -1.196572648206799 0.0 0.0 
l 1.4730987832535252 0.017005058418980694 1.3989862774992117 -0.5340684206796724 -1.1385485709574932 0.0 0.0 
l 0.6191135169952087 0.13690625387463742 1.4729402660021254 -0.5276817370533989 -1.1168978239380196 0.0 0.0 
l 0.22137985818184738 0.18165256833174345 1.5294798286912017 -0.5488703751507438 -1.1160967359366551 0.0 0.0 
l 0.03661082885668502 0.2416925540949289 1.5617675524490247 -0.555008246038394 -1.1070441329393943 0.0 0.0 
l -0.1691670649752517 0.2958222816510786 -1.5187896252718744 -0.5878095006775812 -1.070932427404898 0.0 0.0 
l -0.2832769896353649 0.34944538156044164 -1.4651126291658854 -0.610923657331689 -1.0529088476179869 0.0 0.0 
l -0.37315791953763155 0.3418764246624024 -1.4323719850647059 -0.6477972648235489 -1.0505008742377333 0.0 0.0 
l -0.45158125314864556 0.3458329782868955 -1.3977889396353562 -0.6811317623875808 -1.0466722499103565 0.0 0.0 
l -0.4593040250456542 0.37795454398339556 -1.3768932245812748 -0.6933941035645198 -1.0479978470886548 0.0 0.0 
l -0.5167420266428717 0.2686947167760634 -1.4155869202537432 -0.6928879625021241 -1.038867909924278 0.0 0.0 
l -0.5664296646428902 0.24013652492506402 -1.4163190813096174 -0.6995554909996448 -0.9978689689810858 0.0 0.0 
l -0.6364240185048711 0.20091124981345992 -1.4214135242668515 -0.7085430586882812 -0.9812304776000048 0.0 0.0 
l -0.6767993480053627 0.17882343844663898 -1.4265897215837526 -0.7158277129359899 -0.974162132459839 0.0 0.0 
l -0.7732597199506575 0.1339291080606327 -1.4400428324946901 -0.7392285237826371 -0.9631471847362509 0.0 0.0 
l -0.9673979019532625 0.0819361461765362 -1.4521921574979149 -0.7549814110197761 -0.9569725186705809 0.0 0.0 
l 0.9955373210850484 -0.039058268589900996 -1.5106018017259693 -0.7703198962369577 -0.9622707042610269 0.0 0.0 
l 1.2311698981685266 -0.03556728140446931 -1.470425396903659 -0.8032110678643657 -0.9451238376213551 0.0 0.0 
l 1.478686240954431 -0.016396038171490258 -1.3951094842319742 -0.7964135509254181 -0.9490670741858741 0.0 0.0 
l 1.475209284290724 -0.020097509672158415 -1.3641480172445672 -0.7946689439637356 -0.9372398983166033 0.0 0.0 
l 1.5125656688307358 -0.01469728842649828 -1.3238134136573358 -0.8266013392453011 -0.9049466659390271 0.0 0.0 
l -1.5084678006446606 0.01621475864258293 -1.3165821850255135 -0.850909603079928 -0.8880596996861493 0.0 0.0 
l -1.4293436165803526 0.044694844572853484 -1.2664825385352936 -0.8444387062960568 -0.8812824897829922 0.0 0.0 
l -1.3300833499145406 0.07883659863224382 -1.2594345579145463 -0.8451606922298599 -0.8716877165232582 0.0 0.0 
l -1.174404992358441 0.1340277618165956 -1.2591410084073735 -0.8371331612434489 -0.8644792447233539 0.0 0.0 
l -1.0436001822714003 0.18033428944950555 -1.2672998149280943 -0.8261568615055643 -0.8601628690722558 0.0 0.0 
l -0.9496610765939292 0.2745304966605325 -1.1958530956567364 -0.8196831078542821 -0.859120951341144 0.0 0.0 
l -0.7604321507807015 0.3793015950733556 -1.2083652371565072 -0.7971460679708097 -0.8394236679655404 0.0 0.0 
l -0.733621771806039 0.4672235421942603 -1.1439850259629392 -0.782326427250528 -0.8182658379743486 0.0 0.0 
l -0.6773131729284281 0.5504992639390296 -1.1122589050153153 -0.7695048878990977 -0.7865026881602322 0.0 0.0 
l -0.6111887145706824 0.6361379057931155 -1.0932469461345609 -0.7716812836914724 -0.7818115025750506 0.0 0.0 
l -0.5517065663672845 0.7389250611620413 -1.0597340236457644 -0.775810718004471 -0.7726178738857449 0.0 0.0 
l -0.5472406113915149 0.8036316015332413 -1.0072148510380103 -0.7585673656070689 -0.7875519263286602 0.0 0.0 
l -0.5558447772019912 0.8106287172412152 -0.9920769864898263 -0.7468798022529658 -0.7671646587043951 0.0 0.0 
l -0.5630155255825517 0.7524276296193733 -1.0371294530501545 -0.7140273060258233 -0.7437187552490251 0.0 0.0 
l -0.6205987681747697 0.6668815254341386 -1.0582591267045665 -0.6950578612007194 -0.7211594275420582 0.0 0.0 
l -0.6325277707065832 0.677231614539892 -1.0382112661316332 -0.6956350890933225 -0.70887800681341 0.0 0.0 
l -0.47885248964960675 0.8375460390177858 -1.047961389090112 -0.7621903539443017 -0.7000701312183981 0.0 0.0 
l -0.46551833520664254 0.9184174615159993 -0.9891359430171397 -0.7942554627156597 -0.6946903590508093 0.0 0.0 
l -0.4783715263054625 0.9506388701384939 -0.94276676241904 -0.826077922042724 -0.67609988466305 0.0 0.0 
l -0.4979486068590447 0.9796511342584894 -0.8900259273156619 -0.8344875167702211 -0.6643446807880722 0.0 0.0 
l -0.5212566740990333 0.994604630593689 -0.8470105241777551 -0.8340056285037393 -0.6571108247467663 0.0 0.0 
l -0.5429145586873382 1.007800172313685 -0.8078587060225586 -0.8334815815470253 -0.6511549164719932 0.0 0.0 
l -0.5693122468629356 1.0137566425733813 -0.7718062012345653 -0.8271504918365244 -0.6528423059438712 0.0 0.0 
l -0.5826295496371746 1.0275162092760806 -0.7418441958803009 -0.8304860914727779 -0.652052722625111 0.0 0.0 
l -0.5917495226106327 1.044043045605497 -0.7133117195984912 -0.8236608356912314 -0.6478373222796162 0.0 0.0 
l -0.5976611280755626 1.0566656213225751 -0.6925992351270075 -0.8208930143288188 -0.6458446356166389 0.0 0.0 
l -0.5954613579519747 1.0760265877399748 -0.6725184537481889 -0.813216072822104 -0.6324211705168066 0.0 0.0 
l -0.5879425356162701 1.0911395004998201 -0.6626523557892204 -0.8083394196488578 -0.6210393613298388 0.0 0.0 
l -0.5930775323713988 1.1032879004531508 -0.6428540068735333 -0.8050707574591571 -0.6097972325466728 0.0 0.0 
l -0.5817510808379192 1.1260760051724903 -0.6270552301880551 -0.801708814265118 -0.5910040308969632 0.0 0.0 
l -0.5855640938820393 1.1368719767482682 -0.6098898501804522 -0.8023177363630077 -0.5771991604937536 0.0 0.0 
l -0.581139960483533 1.1691061119138457 -0.5740895552398183 -0.7923350757211417 -0.5617117790346352 0.0 0.0 
l -0.5837044950678476 1.186764626768802 -0.5490684008048424 -0.7866869743125319 -0.5575068783983074 0.0 0.0 
l -0.5930452971882484 1.1975339917059153 -0.5263777360541025 -0.7783331921176144 -0.5592790178072379 0.0 0.0 
l -0.6002706551361101 1.2059522284123407 -0.5089347585472336 -0.7700829751031201 -0.5556085478800196 0.0 0.0 
l -0.6064956879708636 1.2126356407057395 -0.4947962023513122 -0.7657321950504642 -0.5488632031648419 0.0 0.0 
l -0.6119142574186108 1.223641410868519 -0.4760203032380599 -0.7624607227284232 -0.5378278714021324 0.0 0.0 
l -0.618008139988365 1.228378373172232 -0.4647797291134961 -0.759851900698972 -0.5276402516679186 0.0 0.0 
l -0.6230378259893055 1.2433384147238822 -0.44162654121852396 -0.7557557912702603 -0.5114907894552416 0.0 0.0 
l -0.6304753796662971 1.248144671968112 -0.429562350135883 -0.754626984689914 -0.5045935136534145 0.0 0.0 
l -0.641114399701915 1.253368821016681 -0.4147030521768965 -0.7573328531267867 -0.49344097806129694 0.0 0.0 
l -0.6483688735183867 1.2653694096499237 -0.3943544126579392 -0.7581581079818556 -0.48601110143831217 0.0 0.0 
l -0.6577983407400109 1.2740093290754344 -0.376915010980186 -0.761643081788558 -0.473608233394843 0.0 0.0 
l -0.666281161239396 1.2800267512400858 -0.3636891652694861 -0.7675652508057719 -0.4594043673207354 0.0 0.0 
l -0.6722140983096009 1.2862163434985963 -0.3522228400689631 -0.7712548206938871 -0.4500191378720929 0.0 0.0 
l -0.6781947283413371 1.2908985290789408 -0.3426945976189611 -0.7791748395382248 -0.4368117867641116 0.0 0.0 
l -0.683984216256875 1.3001215829030135 -0.3280596340361359 -0.7832644058787996 -0.4223322451126993 0.0 0.0 
l -0.6897453681979393 1.301217286651864 -0.3232070418827161 -0.7895651253091609 -0.4137954656015612 0.0 0.0 
l -0.6939664016180072 1.3041123106882824 -0.3172540922686826 -0.7944432523272045 -0.4054629696168395 0.0 0.0 
l -0.6976794901915185 1.306380423019422 -0.3123950852996321 -0.7986071100804166 -0.3992941002624449 0.0 0.0 
l -0.7022202026443031 1.3023250853783328 -0.3143745598134984 -0.8037669840934769 -0.39772593684643115 0.0 0.0 
l -0.7090431988381752 1.2864978392056943 -0.3283020890474064 -0.8144471104612496 -0.4056132370619655 0.0 0.0 
l -0.7246141633580121 1.2515550594481697 -0.357356992596579 -0.8328710261820753 -0.42442380738217295 0.0 0.0 
l -0.7440295129536026 1.2136230848151286 -0.3851583939103506 -0.8510399749733428 -0.45028065872153533 0.0 0.0 
l -0.7533384051730383 1.2146627513218573 -0.37761158671945516 -0.8650001627231718 -0.430297999489823 0.0 0.0 
l -0.7597314788129085 1.2226878551513576 -0.3649018799787859 -0.8802418906377841 -0.41966389614367444 0.0 0.0 
l -0.7641889117538914 1.2237941056760389 -0.3607941556054505 -0.8866774504648809 -0.4138929209382976 0.0 0.0 
l -0.7654614652317911 1.2247970240936756 -0.35891980051066186 -0.8870673827328568 -0.41174729251776504 0.0 0.0 
l -0.7646919317097113 1.225906495394541 -0.3582816254586703 -0.8836328678089936 -0.41193065673121976 0.0 0.0 
l -0.7629759089053724 1.2269973176751479 -0.3582824197387931 -0.8781788376305074 -0.4135302017163947 0.0 0.0 
l -0.7609839104169663 1.2279688994681808 -0.3585856752469578 -0.871865013275468 -0.4159374879694551 0.0 0.0 
