r 1.0248602807416962 -1.4601265307289462 -0.067408503594453 -1.4777991818040626 0.203470367850773 0.0 0.0 
r 1.0365075701121922 -1.4934201737324404 -0.04584234839948219 -1.3403641468483607 0.2799187539703107 0.0 0.0 
r 1.075536652370524 -1.532753360241827 -0.020556436988546218 -1.28674437970676 0.2934402553296788 0.0 0.0 
r 1.1136081199513916 -1.4880200488799815 -0.040792546315234345 -1.2137711876452923 0.2721510178918821 0.0 0.0 
r 1.0336752357043986 -1.4624685346379407 -0.0646749029267293 -1.3343785689756547 0.247572206335682 0.0 0.0 
r 1.0081266247935168 -1.4421321436057435 -0.08141565539603605 -1.395217702013247 0.20732300741732926 0.0 0.0 
r 1.002498601982947 -1.4386640367773507 -0.08466724879393438 -1.3382247097342568 0.19736184728173423 0.0 0.0 
r 1.0158491089280177 -1.4100670476214556 -0.10017195522765487 -1.3645465060188682 0.19444204031359444 0.0 0.0 
r 1.0168875163993312 -1.3768765262622458 -0.12087294436170941 -1.3576855738828 0.18667595706806117 0.0 0.0 
r 0.9870051555616637 -1.33483448434021 -0.15751951207267245 1.4913863219679253 0.10947964394645031 0.0 0.0 
r 1.0303924653054612 -1.3720084184383488 -0.12028134602569168 -1.325295592972631 0.16867759971853144 0.0 0.0 
r 1.0237348941848952 -1.3601523897377776 -0.12949979491300742 -1.338781056581914 0.16292489023237086 0.0 0.0 
r 1.0810680232329921 -1.2977895348792492 -0.14815625141008792 -1.3384752550492496 0.1394560915340477 0.0 0.0 
r 1.1157155198901914 -1.2766698470242528 -0.14715469814514934 -1.3428487618412173 0.11802728689870706 0.0 0.0 
r 1.1488305154235672 -1.312301235028804 -0.11814973146384344 -1.281417276141726 0.1561074768336555 0.0 0.0 
r 1.1548414762409234 -1.346189687112937 -0.10057761619964611 -1.1560597586955188 0.18649457719664653 0.0 0.0 
r 1.1378619855545333 -1.3173632656283008 -0.11913798149739951 -1.1724252856172712 0.20000987264040532 0.0 0.0 
r 1.1426726574922887 -1.343557700759331 -0.10513432195717991 -1.272965199441419 0.15279698234701874 0.0 0.0 
r 1.0826240824330697 -1.3191702038072024 -0.13567894474648645 -1.3871884816747857 0.1521791322999399 0.0 0.0 
r 1.082679896319637 -1.3214621699676823 -0.13438775120369928 -1.2896529201399174 0.11757427341908294 0.0 0.0 
r 1.0597587470916534 -1.3364548023075562 -0.1330687157011214 1.4648644121058458 0.17536858546124004 0.0 0.0 
r 1.0575247266406953 -1.3208516588070007 -0.142912314865183 -1.317676443903487 0.17193928163741906 0.0 0.0 
r 1.034006713199219 -1.2908844700118574 -0.16941955473034875 -1.362433065118859 0.15374049458849598 0.0 0.0 
r 1.0587568010463075 -1.2764600004316144 -0.1687569608694844 -1.3789033509312396 0.11826404849281769 0.0 0.0 
r 1.0836600535468455 -1.2901416678615987 -0.15152698970208542 -1.5434569343741829 0.037929395899489855 0.0 0.0 
r 1.0776819784445524 -1.3025056714643402 -0.1466789576364256 -1.3069282855303013 0.2065001104494664 0.0 0.0 
r 1.0999599909632019 -1.301390302227831 -0.1396348929450035 -1.3419917376326376 0.19225860799762623 0.0 0.0 
r 1.1143518581427412 -1.319483189457684 -0.12540558866289261 -1.28679847637152 0.19861754942820367 0.0 0.0 
r 1.1338029188864702 -1.2937754779490338 -0.13204212999999382 -1.2428720835764275 0.10977447331560101 0.0 0.0 
r 1.175661347772607 -1.3002935361374603 -0.11514183667981422 -1.1305513086062033 0.2807476991102457 0.0 0.0 
r 1.1773312488833 -1.3089932267260433 -0.11077503462600556 -1.2356386190152935 0.21225026465716929 0.0 0.0 
r 1.1640699202023486 -1.316923697403685 -0.11130390898268012 -1.258613311043105 0.12732128781342603 0.0 0.0 
r 1.155405819384696 -1.3250081283088122 -0.11019501319223439 -1.283631349617634 0.20292594692486432 0.0 0.0 
r 1.139849054336448 -1.3500019270932535 -0.10283262511941194 -1.41390564871925 0.08259729797910031 0.0 0.0 
r 1.1909497516555183 -1.3735967137181389 -0.07959708349151433 -1.2501514648485488 0.2185669172042397 0.0 0.0 
r 1.2078047608690239 -1.3534267572798608 -0.08369121480970558 -1.1994460926384094 0.14112780175798836 0.0 0.0 
r 1.215628809510468 -1.3444963028997372 -0.08518978650843233 -1.3860170826654294 0.08372215951993642 0.0 0.0 
r 1.2189046569250037 -1.3240614616836663 -0.0922165689282265 -1.3303157638337084 0.09389472804062125 0.0 0.0 
r 1.2123058892921286 -1.342489061887804 -0.08684122413278442 -1.1759565726773085 0.2329497893078885 0.0 0.0 
r 1.1780328562872313 -1.3502379169436758 -0.09262024863761675 -1.2015504225805418 0.14152056364105223 0.0 0.0 
r 1.1730554243709563 -1.3337348517578067 -0.101159472529926 -1.2404091364915422 0.20121121936461 0.0 0.0 
r 1.1713286486237393 -1.327320422586146 -0.10448575805807915 -1.3667385205826124 0.09995499544321065 0.0 0.0 
r 1.1639801721155842 -1.315180078648827 -0.11212338632442584 -1.4707375568568508 0.16870453323166737 0.0 0.0 
r 1.147041768003074 -1.3219570016307949 -0.11412491448182013 -1.2748851767277536 0.11588510974887205 0.0 0.0 
r 1.1097732559422948 -1.3284183660825997 -0.12219734421815995 -1.3950318850640535 0.08595252403660747 0.0 0.0 
r 1.1017313493476588 -1.343405994951676 -0.11673419541631622 -1.394107265038189 0.08183665759053776 0.0 0.0 
r 1.0885959958992657 -1.3440856620304973 -0.12015686329626761 -1.3324224675619694 0.17398298166502923 0.0 0.0 
r 1.0805849173201574 -1.3493093915551642 -0.1195966635986598 -1.2985488696673566 0.17660549920773944 0.0 0.0 
r 1.1056231085183401 -1.321758487212948 -0.12695746145107165 -1.2735024074200207 0.16819758765529086 0.0 0.0 
r 1.0414017789596033 -1.3276956814532253 -0.14410320786375377 -1.329653721532293 0.13595053800978782 0.0 0.0 
r 1.0666319143379503 -1.3450613929563118 -0.12603084673064605 -1.3789401608337917 0.12273121394852628 0.0 0.0 
r 1.055258528159325 -1.3300507450892824 -0.138229852546067 -1.3458894106321961 0.09739163978758358 0.0 0.0 
r 1.129495541043299 -1.255543803663051 -0.15285202411912685 -1.4675447532486032 0.07424161868627666 0.0 0.0 
r 1.1437519107388643 -1.2577200786939247 -0.1462577112677582 -1.167079902518725 0.0319792783353185 0.0 0.0 
r 1.121690596017248 -1.1146623081381952 -0.23220141275454212 -1.178721946041085 -0.15162058734474396 0.0 0.0 
r 1.108542992839409 -1.0577868164922988 -0.27363653391233345 -1.180744051476614 -0.2028843072372177 0.0 0.0 
r 1.0409065048889647 -1.0652926180684774 -0.3135134091413624 -1.1551655443940023 -0.3503571930793013 0.0 0.0 
r 1.005597018981828 -1.0441566865631722 -0.35327196536982464 -1.43156937722807 -0.3879730742404751 0.0 0.0 
r 0.9930085586296518 -0.9732803573012581 -0.4175951745171564 -1.4529486061738273 -0.4227477522530491 0.0 0.0 
r 0.9546582788438839 -0.9168637278414017 -0.49722432765735325 -1.2610155323690686 -0.550074178190376 0.0 0.0 
r 0.9969848577000845 -0.8392188187817899 -0.5257910025162602 -1.149225843157153 -0.6130028961579745 0.0 0.0 
r 1.0733519785247492 -0.7473571795315991 -0.530028735820302 -1.081204004674367 -0.652569949362332 0.0 0.0 
r 1.1199485841432546 -0.6389904642703657 -0.5774783912681651 -0.9833452478963612 -0.7290993325260076 0.0 0.0 
r 1.1174458539153935 -0.599358549353008 -0.6194710101442722 -0.9983297491743349 -0.7730796687857258 0.0 0.0 
r 1.0961219047680366 -0.5859777641048443 -0.658799208069009 -0.940479475915368 -0.8842472407937457 0.0 0.0 
r 0.9006282808259122 -0.7480452825853029 -0.7068470769767966 -1.0995855933417356 -0.9593586113698503 0.0 0.0 
r 0.91132829254504 -0.7292354373357041 -0.7146337876707238 -1.0798851230241533 -0.979126392836198 0.0 0.0 
r 0.9407807581007737 -0.6689901406340304 -0.7449706647113897 -0.9759874370661362 -1.047727468143874 0.0 0.0 
r 1.0090733694773513 -0.6141676877373782 -0.7286673075607285 -0.8474964386046465 -1.060795240581291 0.0 0.0 
r 1.0554393367935058 -0.5493255618704131 -0.7465877074315428 -0.845662034731417 -1.064872088569059 0.0 0.0 
r 1.1788002197148137 -0.3681773457743891 -0.819948819499357 -0.7510502640951153 -1.0762323746390314 0.0 0.0 
r 1.2581234414587388 -0.2689420075869368 -0.8648067475569181 -0.6259876040489881 -1.1568730648728203 0.0 0.0 
r 1.174862430621932 -0.30482412612986165 -0.9255771713642124 -0.5395246959908592 -1.1890528698741831 0.0 0.0 
r 1.276393683912343 -0.22643407003346852 -0.9210459832996105 -0.4741729908617545 -1.2309265165176098 0.0 0.0 
r 1.1980610893055785 -0.2704166790416202 -0.9540923598391513 -0.413798417373571 -1.267330570485751 0.0 0.0 
r 1.0679960547051879 -0.3612424733660365 -0.9688356814447475 -0.39497463448990444 -1.3052602270667906 0.0 0.0 
r 1.0678014499897597 -0.361824041191083 -0.9682301936091251 -0.37618502827460565 -1.3736648401246443 0.0 0.0 
r 1.134604068272289 -0.2864657025000423 -1.0072264835184999 -0.37488958733962663 -1.3470964112866135 0.0 0.0 
r 1.2283879224284227 -0.203970659250359 -1.0449883431701952 -0.2884538320967033 -1.397283250298121 0.0 0.0 
r 1.2749533159353392 -0.17197884814045178 -1.0528122236229283 -0.24748594884332295 -1.4210476248812358 0.0 0.0 
r 1.2329423330785838 -0.1983024720436365 -1.0512497154579077 -0.20389287380889434 -1.4486782115005903 0.0 0.0 
r 1.2423693670841494 -0.19252457004007795 -1.0511761238138777 -0.13849800715307756 -1.4839851983653414 0.0 0.0 
r 1.202949027866856 -0.19959876014722022 -1.0874240057173754 -0.15494989045405713 -1.4852132118298595 0.0 0.0 
r 1.2385180455963016 -0.1749234428327862 -1.0974741491742288 -0.051856336327175484 -1.5394663178717871 0.0 0.0 
r 1.2295682792504363 -0.1753053271964596 -1.1081316079763677 -0.1057549336774635 -1.5094593981861235 0.0 0.0 
r 1.2078249853230603 -0.1865297882952709 -1.1096285258027017 -0.09848338913286339 -1.5195279751121382 0.0 0.0 
r 1.1749237180707013 -0.19319838892716593 -1.1329878835710292 -0.09159688864168031 -1.526788698621368 0.0 0.0 
r 1.1813205620612741 -0.18346404215429973 -1.1462184234822748 -0.02380502618506998 -1.555931308131511 0.0 0.0 
r 1.1639285203942558 -0.17757911277412136 -1.1761579643074822 0.04404062843891005 1.544107113839562 0.0 0.0 
r 1.2308913425459942 -0.12549380018889764 -1.2281226759949049 0.036915568660428624 1.5482031395846874 0.0 0.0 
r 1.1571006568589834 -0.14387234103714674 -1.2520637144991327 0.06846787978571013 1.528616446735724 0.0 0.0 
r 1.1651182845000743 -0.13507623252691792 -1.264342866500706 0.07311417568174929 1.5253435290783586 0.0 0.0 
r 1.1345370719330319 -0.14867680906372188 -1.259941803437299 0.08508917138161516 1.5194620014274245 0.0 0.0 
r 1.0599819081647657 -0.1784897413462311 -1.2593582520349442 0.21234138818846163 1.458967862433198 0.0 0.0 
r 1.0847328922392427 -0.16516664945013917 -1.2651924440790832 0.15531203898245002 1.4849828749400686 0.0 0.0 
r 1.1035104287144366 -0.158003892168364 -1.2649201638898377 0.16986473700566646 1.4754954588272706 0.0 0.0 
r 1.2079061287106625 -0.11063612169344106 -1.286172023776961 0.18161301594008175 1.458495198036274 0.0 0.0 
r 1.3172211841977313 -0.07513596747184613 -1.2881007374889724 0.1242468857235169 1.4885474709120503 0.0 0.0 
r 1.4829168968012656 -0.0244650676773138 -1.2998920229195405 0.25599545404818186 1.3960632034539746 0.0 0.0 
r 1.5151178863278003 -0.01506721381960512 -1.3067564038310842 0.2612592078967743 1.3965692020564178 0.0 0.0 
r -1.5559309170254279 0.0038086762895690076 -1.319997490222359 0.25728866837229436 1.3986322563441504 0.0 0.0 
r 1.5126600437447268 -0.014985114570201461 -1.3187833932686053 0.28182723800615195 1.3829750090119821 0.0 0.0 
r 1.4609851925339465 -0.026453500076442583 -1.3352637447096516 0.2908545797384133 1.375937481241512 0.0 0.0 
r 1.3989650292348284 -0.04051324688628275 -1.3413341458608277 0.3573894880832292 1.3169618464257815 0.0 0.0 
r 1.3304863857384457 -0.05604163465876638 -1.3457359895915766 0.29793785730967565 1.3864036376133377 0.0 0.0 
r 1.3881989345251837 -0.037006790739808844 -1.3729173063478757 0.3974115342614299 1.2625802029178292 0.0 0.0 
r 1.3480678323368687 -0.04001854847905999 -1.3958167541222268 0.38456049049674157 1.2807057773091226 0.0 0.0 
r 1.3101054642652574 -0.043357427399909325 -1.4095733684077438 0.4346702151492446 1.2790730449421033 0.0 0.0 
r 1.3650315684212784 -0.031033897692391232 -1.423143401049242 0.4014717611270324 1.2757438398051597 0.0 0.0 
r 1.3347276160250785 -0.030902598475072676 -1.4429915453394386 0.47948859647740605 1.2339921856540472 0.0 0.0 
r 1.313485721866884 -0.018667309801021503 -1.4999672120012555 0.5379200737818827 1.2055010558711305 0.0 0.0 
r 1.1915488974251982 -0.021238916340162478 -1.517546940351788 0.5474514640393394 1.2058940192198402 0.0 0.0 
r 1.1407120812715552 -0.021685101549532945 -1.5235513394188425 0.5497591575125499 1.2054113597973963 0.0 0.0 
r 1.0668556521503332 -0.01733950164738289 -1.5393589428265875 0.5116869671974824 1.2364479004248325 0.0 0.0 
r 0.2127843722271465 0.017274845114179392 1.5670636553662696 0.5526899438545028 1.1930840708908548 0.0 0.0 
r -0.5023805906794124 -0.003245891137478056 1.5690130376529425 0.5945520300897151 1.1810791079539364 0.0 0.0 
r -0.25947308120534474 -0.024865519183440103 1.564194325579031 0.5805546323047404 1.1826130875549525 0.0 0.0 
r 0.09102463436917135 -0.030824953666982385 -1.567981837619816 0.5833004989793331 1.1818635859293263 0.0 0.0 
r 0.22527677921404188 -0.026081344895400625 -1.5648180675231018 0.5567222342978199 1.1783585312388922 0.0 0.0 
r 0.41387609628789224 -0.021619844437002322 -1.5612986739531212 0.571330178055759 1.1831748657136434 0.0 0.0 
r 0.05737742776228503 0.012753345400830545 1.5700637289741957 0.5345166621912033 1.131817837705579 0.0 0.0 
r 0.3168653503796647 0.012535201338548312 1.5666856652444607 0.5670058268211222 1.189528359116292 0.0 0.0 
r 0.4403867425084289 0.015607074516276956 1.5634409804153968 0.5657168811357516 1.173185335799741 0.0 0.0 
r 0.3410734030128202 0.014150585655685926 1.565773353363427 0.5668573592842051 1.181198037087308 0.0 0.0 
r 0.3302155148037759 0.029964470941593824 1.5605228207922175 0.5845997346457134 1.1799703458900856 0.0 0.0 
r 0.35624480131644315 0.052269096496241396 1.5513305906576693 0.5763914832438647 1.1811271345779324 0.0 0.0 
r 0.39208608580057525 0.0676134019668392 1.5428031167444736 0.5739124340103108 1.1811307163066758 0.0 0.0 
r 0.41568273432298697 0.07195000396976378 1.5389931000536932 0.5955816996927539 1.1858065603681527 0.0 0.0 
r 0.3458435140663555 0.07643820463355454 1.5432069436287688 0.5781691962851155 1.1694912254136072 0.0 0.0 
r 0.324111576994447 0.0916055703979905 1.5399440499516102 0.5668483425777778 1.1816013135283376 0.0 0.0 
r 0.3252921535533142 0.09005668773858862 1.5403496594728443 0.5635687539800309 1.1923380421062801 0.0 0.0 
r 0.3938736675094793 0.05990359609222196 1.5458763090607803 0.5741452004543507 1.1715597386944725 0.0 0.0 
r 0.5076562829206454 0.04188579963256327 1.547486441717834 0.5925204877779034 1.169641816179339 0.0 0.0 
r 0.466154916742902 0.05645027232988114 1.5423714956558716 0.5669889032041261 1.1780019252572684 0.0 0.0 
r 0.48684293149293073 0.05741977035485971 1.5403777010127992 0.5813456157868803 1.1527945786858471 0.0 0.0 
r 1.3584174162541212 0.008299696416837529 1.5323241060710415 0.5508344076768747 1.118500424702116 0.0 0.0 
r 0.9473128318311487 0.03204526596734051 1.526252556936482 0.5503037695956811 1.1161594852940862 0.0 0.0 
r 0.9201701686390149 0.038373594976235055 1.5204018263886556 0.5549649740107554 1.1151339350483829 0.0 0.0 
r 1.0252760052614438 0.050580064605467934 1.4875841339558586 0.6485343560859044 1.1373166585197019 0.0 0.0 
r 1.3417650575306794 0.02215489195819133 1.4760297751499685 0.6567315264103072 1.1565759054979017 0.0 0.0 
r 1.177202606454462 0.04034002886022047 1.4739044098523255 0.5783850501771329 1.114825036353805 0.0 0.0 
r 1.3524945675953568 0.01813100521778469 1.4892374624891622 0.5785377750268468 1.17863292477695 0.0 0.0 
r 1.158392295947062 0.03915675233768647 1.481486060548395 0.564448994809151 1.1913082975072937 0.0 0.0 
r 0.9204684366239315 0.05912561171110948 1.4931390863407539 0.47166021477986403 1.1637822134197147 0.0 0.0 
r 0.7714160118724923 0.06925438744770616 1.5034461553369431 0.4768807745656749 1.2160950848890821 0.0 0.0 
r 0.06475289759127728 0.1443990308305881 1.5613676342223717 0.5113370848184541 1.1465113747739761 0.0 0.0 
r -0.040810371395317464 0.2057606758167801 -1.5622740848534564 0.3671593513592365 1.1887792998624316 0.0 0.0 
r -0.09158759056777949 0.2967762351641183 -1.5427169583786031 0.3110199537535828 1.2264610107590044 0.0 0.0 
r -0.19771353044113843 0.3385551917439905 -1.5003741036660025 0.2835259571951355 1.2437037105185915 0.0 0.0 
r -0.24144334490266306 0.36713202591052707 -1.4763793165685273 0.2441068098499817 1.2695718595886547 0.0 0.0 
r -0.2870184993604086 0.4107882593361151 -1.442931525620584 0.1798720533064151 1.308114688997903 0.0 0.0 
r -0.3393613037997065 0.42157453856764354 -1.4137839509025818 0.07295739878459363 1.4393637523862841 0.0 0.0 
r -0.4895489559283351 0.43899690350159165 -1.325645004382923 0.06346789440592905 1.453535493778249 0.0 0.0 
r -0.5645995746862941 0.44168165080696126 -1.279813797869283 0.0708686025459078 1.411509581840747 0.0 0.0 
r -0.7479035419217978 0.4364826865152417 -1.1623730247013526 -0.02429459775438139 -1.5115069216809396 0.0 0.0 
r -0.7973790958315033 0.46820626488130757 -1.092870999866264 -0.015580375215996407 -1.5278246984916068 0.0 0.0 
r -0.778137082676378 0.5241273623714416 -1.0529383874238942 -0.0036799577607934887 -1.559909550278761 0.0 0.0 
r -0.7086411103067289 0.5929306502900359 -1.0470346677341378 -0.06112943602511172 -1.358413573078185 0.0 0.0 
r -0.706188379125008 0.6205601028579645 -1.0233255296862225 -0.06870847198178195 -1.3201710619042637 0.0 0.0 
r -0.717071230356562 0.6761824220190575 -0.9603501971454341 -0.10446521019497518 -1.1828551593858951 0.0 0.0 
r -0.72045393589574 0.6970840377866637 -0.936928423894874 -0.11286341696809439 -1.157272695482115 0.0 0.0 
r -0.6960790282935208 0.7404408699243255 -0.9186096953795586 -0.12147436220656654 -1.1473372015168608 0.0 0.0 
r -0.6169528514105089 0.863027423927249 -0.8786351411929237 -0.11067914105561906 -1.1909169012449312 0.0 0.0 
r -0.6074638770683323 0.8438028181800463 -0.9074433776993382 -0.12109130569748772 -1.1946824242174445 0.0 0.0 
r -0.6056103909509908 0.8054331165698777 -0.9462988446827972 -0.05438206673361562 -1.400898388467287 0.0 0.0 
r -0.6519520327784594 0.6667481691956201 -1.0298701100674648 -0.023623355719975606 -1.5017123679553548 0.0 0.0 
r -0.6882906534234302 0.5641575719276477 -1.0909457308571309 -0.0875219383047773 -1.3965284809018166 0.0 0.0 
r -0.7097177182164874 0.48155552635534654 -1.148837328293734 0.05264510993645244 1.4702463847133138 0.0 0.0 
r -0.7318492780908589 0.38710187679237995 -1.2197700384171564 0.04345405763567503 1.5016843352131817 0.0 0.0 
r -0.7968689967973188 0.29794928636089285 -1.2663471010830636 0.15593839322799766 1.3492002636629732 0.0 0.0 
r -0.6867713854832606 0.2913822827956358 -1.3296705773401223 0.15938248812670522 1.375296473499747 0.0 0.0 
r -0.5221001432956293 0.3377211273189516 -1.3714305593471416 0.2415687005447536 1.294061256489259 0.0 0.0 
r -0.2843720167589617 0.4395506029722741 -1.434206345107899 0.31376963491128024 1.1972157757683963 0.0 0.0 
r -0.25618054818332314 0.4557500653809619 -1.4431026588979419 0.3199623455390346 1.2145063569713674 0.0 0.0 
r -0.23635155612967756 0.46795709801656327 -1.4496654114972676 0.37141398036021517 1.1346489138497255 0.0 0.0 
r -0.25949022888305256 0.3146467882195363 -1.4846089519767636 0.36081500335528766 1.1867439296268367 0.0 0.0 
r -0.14733462718235799 0.45263909135292985 -1.4987473496379167 0.3249662362969131 1.1822884454826543 0.0 0.0 
r -0.2159783472685013 0.4564010928148313 -1.4634900997197189 0.31823658227346047 1.1283285547176294 0.0 0.0 
r -0.3366859080740484 0.44892800880286193 -1.403754750570907 0.3106966579442233 1.0499796493110596 0.0 0.0 
r -0.39221023313096376 0.5403137197833182 -1.327583079993589 0.24319473525323207 1.1045583662723308 0.0 0.0 
r -0.36232254978589 0.6412116157723922 -1.2950644699695109 0.23601467994114145 0.9222892622650116 0.0 0.0 
r -0.2689229440005419 0.886274987034658 -1.2451436141800318 0.33304175202894637 0.7884248781434331 0.0 0.0 
r -0.2638762802840695 0.9145273599697636 -1.233397419198774 0.234376001693823 0.6786063834712579 0.0 0.0 
r -0.2798544927931681 0.88239829963291 -1.2346949968015144 0.2960162053045176 0.6385600166146986 0.0 0.0 
r -0.4072681077125617 0.8120887313828784 -1.1437488734644372 0.2548174098225601 0.21006670622569829 0.0 0.0 
r -0.42574815252080334 0.9427444237726565 -1.0125433660261856 0.25503483639003394 0.4496885519892514 0.0 0.0 
r -0.4210208875699851 0.9536802139677575 -1.007830984080463 0.27713020024836504 0.1409817464690705 0.0 0.0 
r -0.4445885099112356 0.9495278487529558 -0.9835861997522112 0.29951563116735813 -0.03078465336497558 0.0 0.0 
r -0.5365339528942399 0.9225547514071861 -0.9051523659635414 0.3244990152841384 -0.5011865025343498 0.0 0.0 
r -0.5388413708184386 0.9392606909082868 -0.8855740633486873 0.36475989456886426 -0.566248538867182 0.0 0.0 
r -0.550589607144243 0.9593638126177237 -0.8515664615765798 0.35991806525681586 -0.6300607133561422 0.0 0.0 
r -0.569931583523098 1.0141388030434382 -0.7706989111373046 0.35940218728556794 -0.7448544515183082 0.0 0.0 
r -0.6365913737818848 0.8924728188292061 -0.8284955789961814 0.46525756074019464 -0.7211312290340024 0.0 0.0 
r -0.6436428120656814 0.9107534583144685 -0.8023987884606271 0.48420366152510236 -0.6376364236713756 0.0 0.0 
r -0.6696037126985859 1.0201004978398036 -0.6597564265688329 0.4671205426480442 -0.6901768157742333 0.0 0.0 
r -0.6486943859531776 1.0241523101237382 -0.6763314926391863 0.4466239598575054 -0.7445965843384125 0.0 0.0 
r -0.6306423597934556 1.0240439157921715 -0.6949240544211943 0.41129521248941775 -0.6204764710277977 0.0 0.0 
r -0.6134261396678952 1.0231727228476781 -0.7138312230118528 0.4310919494889706 -0.6364318303907074 0.0 0.0 
r -0.5863457395069207 0.9711427813612311 -0.7997544726147207 0.42599312151599145 -0.5194257067720671 0.0 0.0 
r -0.6135984055156831 0.9568219298198326 -0.7857974428985146 0.4454715145446975 -0.42930062215743703 0.0 0.0 
r -0.6474929377450642 0.9032409319161195 -0.806130740880472 0.4750116039882481 -0.3088824257688734 0.0 0.0 
r -0.5549256186860893 0.8543296301236273 -0.9521627469525125 0.5630344901814638 -0.18225187512984325 0.0 0.0 
r -0.5365900125451231 0.7823464260034698 -1.0368840469709593 0.4862904989808671 -0.06583656886121433 0.0 0.0 
r -0.5035252101273521 0.7588127507618604 -1.0894294462573106 0.4486114076013626 0.033051216294294694 0.0 0.0 
r -0.4710225881241312 0.7759363368257806 -1.1073838408510062 0.45775440439607973 0.10402131121533138 0.0 0.0 
r -0.4477574106324429 0.7678860708253153 -1.136560177949411 0.4400296150727769 0.20006175103504442 0.0 0.0 
r -0.42598529113663824 0.749050295726054 -1.1715313983552025 0.42974792489894725 0.4548189281045918 0.0 0.0 
r -0.3727615737145098 0.6604454799857437 -1.275884339824739 0.4899859964316835 0.38357481319832826 0.0 0.0 
r -0.32891375916429555 0.5918669200615289 -1.3452492747587528 0.37030317567265375 0.8502585085301785 0.0 0.0 
r -0.15804203738593975 0.6324614978099591 -1.4545214197289744 0.3479459984876751 0.8166613451766664 0.0 0.0 
r -0.17356852695784736 0.6192510522795505 -1.4464674192694635 0.23154146357234626 1.0379398935836874 0.0 0.0 
r -0.1951778503302548 0.660518082195473 -1.4183914441198828 0.20778215532662306 1.1131303059022444 0.0 0.0 
r -0.22007342501617033 0.6454077157307294 -1.4039229818547894 0.1677795696084569 1.2491628516603803 0.0 0.0 
r -0.33380529179647594 0.6006594583251929 -1.3375385948689982 0.07987159469594951 1.3689939560571955 0.0 0.0 
r -0.3743603771907795 0.5291315024302725 -1.344973319688939 0.3292581991062118 0.8072693938610558 0.0 0.0 
r -0.4302967017847587 0.8086153455842161 -1.1226237407118205 0.07562941661714773 1.3286448075901123 0.0 0.0 
r -0.45847317679727667 0.7817510439234507 -1.115211640690504 0.07474493698724455 1.291742314382865 0.0 0.0 
r -0.6046511278981921 0.7888701917320018 -0.9628935751570409 0.05140789270229943 1.2759158430375745 0.0 0.0 
r -0.6489251431798619 0.8362943015752001 -0.8721747733267625 0.050292862730439064 1.0630759910794916 0.0 0.0 
r -0.6308218512691783 0.8841163992335321 -0.8430034956112684 0.054043490062630546 0.3293529538981692 0.0 0.0 
r -0.6146412988994844 0.9176902070023236 -0.8256677543142817 0.05458246878303374 -0.6887766101371303 0.0 0.0 
r -0.5355197200343519 1.07210038263762 -0.7425888524672136 0.07366417174450395 -1.0328610467059816 0.0 0.0 
r -0.4829423884571066 1.1126909313560942 -0.7546788168857401 0.09206436408298493 -1.0407924027201632 0.0 0.0 
r -0.46933241572003437 1.1387548954096118 -0.7378908541077238 0.12420686535225364 -1.0401538735576543 0.0 0.0 
r -0.45559274527737825 1.1660580180818338 -0.7184422046887858 0.15989953613643346 -0.9804578500478315 0.0 0.0 
r -0.46698578628688614 1.1617007832974326 -0.7102274074194208 0.2024252791243631 -0.9603547801888642 0.0 0.0 
r -0.3384697350865831 1.2556227220451197 -0.7471095627663589 0.2347230805552156 -0.8588223188935924 0.0 0.0 
r -0.32862760457013573 1.2751468077785977 -0.7290481411862023 0.3096564902703859 -0.7462166232846478 0.0 0.0 
r -0.2979019337651686 1.3091216204400484 -0.717271971815601 0.3529432230900582 -0.6281007984097791 0.0 0.0 
r -0.22022780991090413 1.351131630970001 -0.7840758103784666 0.4005693446078855 -0.5336305348457161 0.0 0.0 
r -0.1936087829253809 1.3509880903531173 -0.8505133340393943 0.4375966378160864 -0.37909573315208245 0.0 0.0 
r -0.1700062806035376 1.3568155391150105 -0.9022103658705716 0.48670961879465136 -0.3034988522881981 0.0 0.0 
r 0.02421289858696664 1.0934283160003022 1.5240123315530796 0.5386811247302842 -0.2601060553502862 0.0 0.0 
r -0.00861692806024003 1.194233626086559 -1.5490080890200935 0.5707002031412396 -0.28304637365848556 0.0 0.0 
r -0.01949772674898254 1.295650355558562 -1.5018312398235618 0.5929701841940336 -0.20792746472094237 0.0 0.0 
r -0.018298433288819034 1.3782503792955167 -1.4772033215290994 0.535745108345534 -0.09313637727088336 0.0 0.0 
r -0.005766615750669848 1.4057336984254822 -1.536191698643999 0.6355327736202557 -0.2607594048573676 0.0 0.0 
r -0.01609044797171788 1.3740312427407464 -1.4902471842173128 0.610940530625275 -0.24195015882397508 0.0 0.0 
r -0.029630899871135433 1.366269539723043 -1.4288656414118568 0.5977787548740111 -0.32496250665101456 0.0 0.0 
r -0.018396354393386247 1.3068884409693753 -1.5028119737754344 0.5761062213245206 -0.3203323003800456 0.0 0.0 
r -0.02713553944368487 1.2800998366489442 -1.4803194513805078 0.44958953085024517 -0.15729439610486126 0.0 0.0 
r -0.10045317544553986 1.2665341904532315 -1.260202574445249 0.4372192617696635 -0.43041120051378645 0.0 0.0 
r -0.15539211205584694 1.3262551288935363 -1.0101951980926234 0.3837458298011249 -0.5039114725221099 0.0 0.0 
r -0.18065461226730858 1.3648924966356297 -0.8522647246986101 0.33637156257069756 -0.4766297184139835 0.0 0.0 
r -0.215182319455602 1.343171591186035 -0.8144279272721575 0.3034138481269557 -0.5844806007895018 0.0 0.0 
r -0.24154289395235246 1.3611651392516164 -0.712352556503304 0.2586960196074672 -0.6658712172811324 0.0 0.0 
r -0.26458128408949916 1.3814413647026722 -0.6156579009658278 0.2126333443253963 -0.8176776278445764 0.0 0.0 
r -0.2803142666119527 1.3850046494499295 -0.5783940759869524 0.1741972342851019 -0.977221996553016 0.0 0.0 
r -0.30688314586865273 1.400869954399793 -0.496251891364829 0.13264843386526892 -1.1320932637923298 0.0 0.0 
r -0.337173366810515 1.4092708639911085 -0.43510466854811586 0.09640987187568438 -1.2499973121486176 0.0 0.0 
r -0.3702197276241012 1.4102213900180174 -0.3953495873221948 -0.02999584658277395 1.4806369628579417 0.0 0.0 
r -0.4380121536753519 1.3471143430345862 -0.45215786797920166 -0.03725909549998337 1.4303030357009134 0.0 0.0 
r -0.46667780234117257 1.299626497769137 -0.5042617363093318 -0.05291472816772274 1.3114619114766222 0.0 0.0 
r -0.47168713820155334 1.257172203921037 -0.5663458331878573 -0.06407407160872147 1.1064975829251928 0.0 0.0 
r -0.4575573805750012 1.1373781987241394 -0.7543712683977537 -0.04998919416071962 0.7575238552922757 0.0 0.0 
r -0.42585852238029276 1.1452564893081154 -0.7849744944494884 -0.016806556960718717 -1.2422815675824541 0.0 0.0 
r -0.4229831586438321 1.0123036950515 -0.94649695028604 0.03489885268046791 1.304130955811124 0.0 0.0 
r -0.3315307154623601 0.9433913502493961 -1.1275832566308805 0.9311717109845202 0.16756337906196642 0.0 0.0 
r -0.34944114548006033 0.8917918882376276 -1.1466673612952856 0.4099998566294371 0.41700066251031803 0.0 0.0 
r -0.2622984368298762 0.7749616316593525 -1.3136785185961848 0.3669897254201772 0.513074144888431 0.0 0.0 
r -0.2696248259974439 0.759998252238962 -1.313937944503111 0.3287037618467038 0.5961895314532348 0.0 0.0 
r -0.3264481214299594 0.48653160077339885 -1.393595726851083 0.317878996479514 0.9727024799962302 0.0 0.0 
r -0.23625617541585203 0.4412778787020143 -1.4575651905743643 0.312043990361263 1.0711962939060526 0.0 0.0 
r -0.09574659889428656 0.546470667498883 -1.5124452260759187 0.4185913835587711 0.9369629284595737 0.0 0.0 
r -0.07707351207564267 0.5629977488679929 -1.5220946453076512 0.43910528566910006 0.9491007033934535 0.0 0.0 
r -0.09914908333500848 0.5298837244427733 -1.5125934259630167 0.4273609137060686 1.0072397555172306 0.0 0.0 
r -0.08339168508423507 0.5442934210610579 -1.5202467068420433 0.4571432363518134 1.0209492398695594 0.0 0.0 
r -0.13273585403481986 0.5252149671471866 -1.493573849544396 0.4144207090234483 1.1165137868318198 0.0 0.0 
r -0.19091877920697736 0.5023599921676095 -1.4650142522011453 0.42580222740143014 1.0745667773015584 0.0 0.0 
r -0.3115035064737962 0.4154460371454729 -1.4297050956074597 0.22824543035746983 1.2997084561500376 0.0 0.0 
r -0.600388190650431 0.26406909016500385 -1.3877356553969136 0.1648231758577968 1.3702942895614534 0.0 0.0 
r -1.0072989959522758 0.13708365307649845 -1.3558381141175464 0.0894179823615765 1.4596911855522783 0.0 0.0 
r -1.2153912822505686 0.09931466616296866 -1.3085222021193683 0.024908953298804357 1.5365896038822366 0.0 0.0 
r -1.2404973411630433 0.10499583681487862 -1.272595012914798 0.16168626175853298 1.3984790225901895 0.0 0.0 
r 1.5084211962907847 -0.02472976657793993 -1.193712889761424 0.061736112672076106 1.4759863210111006 0.0 0.0 
r 1.3113772075460544 -0.11504545081127301 -1.1601476346998347 -0.14811235120748203 -1.255848847537564 0.0 0.0 
r 1.0922630357288918 -0.21158750812725552 -1.1782121530572023 -0.11059415750290548 -1.3533937145611703 0.0 0.0 
r 1.1558523832989573 -0.193035796047626 -1.1531743766290798 -0.16555828598648684 -1.0626880457786847 0.0 0.0 
r 1.343580615090767 -0.1690512911345843 -0.934883586041765 -0.18592898262109397 -0.8204725315903395 0.0 0.0 
r -1.5370556221142937 0.03743344220197522 -0.7335179172831889 -0.195242705365199 -0.18188635765685007 0.0 0.0 
r -1.535434716857883 0.04107707386215694 -0.710693113009309 -0.20986936540124024 0.4827877889032983 0.0 0.0 
r -1.5106262236741739 0.07571410878908826 -0.6711580265705557 -0.18784896251728367 0.7965767917055018 0.0 0.0 
r -1.5670599179187223 0.004715509644563376 -0.6700672731461789 -0.16470994011234738 1.0872981375156665 0.0 0.0 
r -1.558579886018712 0.01599573802943757 -0.6522140324025908 -0.16097037783883053 1.2059088858151557 0.0 0.0 
r -1.553278418863682 0.02387325931897354 -0.6330025154356584 -0.13232640818224864 1.312646163865018 0.0 0.0 
r -1.546260809491241 0.033611025362858885 -0.6304836469046203 -0.1084033898352261 1.3907227564209155 0.0 0.0 
r -1.517284654293627 0.06913526952830168 -0.6583841265913228 -0.11522878916765261 1.3895917726838694 0.0 0.0 
r -1.505942878949609 0.08526372566604902 -0.6497710975712422 -0.14459812171951744 1.3446482907703188 0.0 0.0 
r -1.5541209929460431 0.021718144611124063 -0.6547690659930991 -0.16140039074882073 1.3207553048402056 0.0 0.0 
r -1.5313311469680237 0.051244868023828674 -0.6560876100403682 -0.2336645325609592 1.1855277278544367 0.0 0.0 
r -1.531111687126398 0.05029034308560783 -0.6679108412402605 -0.29510902261744826 0.9433573666129111 0.0 0.0 
r -1.5665343395357518 0.0051444205747111236 -0.6918586284009794 -0.21119060267213235 0.9265684497786683 0.0 0.0 
r 1.5110011694426313 -0.07362147847303982 -0.6818326008022078 -0.3649837261518276 0.5926562814358702 0.0 0.0 
r 1.5370816169912291 -0.026662040400503875 -0.9017512842658008 -0.45049398332110235 -0.044243699196376815 0.0 0.0 
r -1.557441630245076 0.010061645349643485 -0.9251247571464836 -0.44397658654628186 -0.40898270086596333 0.0 0.0 
r -1.5356612179543363 0.023374593788691927 -0.9838619577932506 -0.28650769116267316 -1.0303468389421062 0.0 0.0 
r -1.3566792748629846 0.12250658531008826 -1.0555910172192455 -0.3312245477251925 -0.969212528329826 0.0 0.0 
r -1.2229619302584538 0.20130936197494426 -1.05814624425716 -0.3262371602815085 -1.0362507774824843 0.0 0.0 
r -1.139804318835021 0.27136194292160726 -1.0266567231347126 -0.30179792486631846 -1.1166968598530418 0.0 0.0 
r -1.0789171671238 0.2974597829368851 -1.0511140182267942 -0.2393921029629858 -1.2491920917725983 0.0 0.0 
r -1.0423521347125857 0.2783395497929771 -1.1156210635425958 -0.1621104051700717 -1.377623627437978 0.0 0.0 
r -1.038969242068988 0.23549983074494482 -1.1835645002605149 -0.06313662792973182 -1.5005703579816791 0.0 0.0 
r -0.7763692162149607 0.3025639281177446 -1.2733309050923252 0.018403634606593947 1.5510094951957163 0.0 0.0 
r -0.67863009909679 0.3215893067139181 -1.308338606563844 0.09912124365110248 1.4601252057280312 0.0 0.0 
r -0.49941907805260516 0.37899428519032485 -1.356858118502823 0.1537176407283075 1.3881531114417889 0.0 0.0 
r -0.3595540034131817 0.3844188126137567 -1.419886310393978 0.20078093452479906 1.3220593248489858 0.0 0.0 
r -0.32881434489497613 0.38740991486204174 -1.4324652397287563 0.22038202700905848 1.2850437356041362 0.0 0.0 
r -0.30287531740962786 0.47808304161221615 -1.410264873802828 0.22657227549198075 1.2469570506088647 0.0 0.0 
r -0.25320672077165624 0.5861490307076562 -1.4006426097081996 0.22418395791308945 1.204389993130629 0.0 0.0 
r -0.2536268522630129 0.7021081251496956 -1.3549477924145639 0.21473572346238645 1.1576753267657625 0.0 0.0 
r -0.24843693277198925 0.8040974575541262 -1.3132960218543257 0.20247237280405034 1.1165943776150418 0.0 0.0 
r -0.27393126594040096 0.8415990636951743 -1.2660925611260123 0.1922811482778888 1.0634981037355429 0.0 0.0 
r -0.26592650806152723 0.9690969768992509 -1.1931510104168703 0.16947470298460274 0.9814075792378735 0.0 0.0 
r -0.2893933978019086 1.0125928219287759 -1.1258612448632077 0.16648727603363417 0.8115067310439747 0.0 0.0 
r -0.3084415480546017 1.0355561568509193 -1.0777519438879128 0.18082313983331377 0.5612380840925336 0.0 0.0 
r -0.32677176535311353 1.0800892623849667 -1.0055140160796405 0.17270955251285552 0.33293709213472467 0.0 0.0 
r -0.3461866307924943 1.1018236343248242 -0.9521131046931572 0.1695113030084987 0.0013285927045748511 0.0 0.0 
r -0.3684595091313757 1.1638192098791924 -0.840352130404019 0.16521184154081328 -0.28011064796869134 0.0 0.0 
r -0.4006920552853951 1.187646929946557 -0.7605567725453162 0.15758829639290645 -0.5642583229168204 0.0 0.0 
r -0.42867660853237116 1.1854017526889555 -0.7259589487336846 0.13973094328999133 -0.7767620180168976 0.0 0.0 
r -0.4381717341922762 1.2114283578788017 -0.6758360845264303 0.11815310546811483 -0.9231234039890761 0.0 0.0 
r -0.45477966169949874 1.2059145908087625 -0.6631822058493291 0.10161989300253367 -1.0248929358351844 0.0 0.0 
r -0.45256376831150247 1.2384318944513457 -0.6173401739759642 0.0639377725864902 -1.2135970154824238 0.0 0.0 
r -0.4753184444250422 1.2280918217798011 -0.6061608878526643 0.03536706085721266 -1.3513296729998543 0.0 0.0 
r -0.49144944846590805 1.204048648633711 -0.6224774619007865 0.0034870113868368186 -1.5437691422855826 0.0 0.0 
r -0.5052813468716252 1.187343315992596 -0.6301068006576027 -0.020539191925938352 1.3263007925622976 0.0 0.0 
r -0.5297594605909016 1.152204116350845 -0.6496903807627207 -0.06781882860202289 0.35241314635124094 0.0 0.0 
r -0.5513618152233707 1.0995279987535487 -0.6919283722134233 -0.09183073004918745 -0.3478165520507586 0.0 0.0 
r -0.590250167550837 1.0397993234665281 -0.7197413241603366 -0.14288367763956222 -0.6407802339631424 0.0 0.0 
r -0.6003324324184962 1.0097860960728668 -0.7425698819596321 -0.175231387775431 -0.775764242177329 0.0 0.0 
r -0.6491620241903316 0.8948735990571319 -0.8129772405559507 -0.18925178693855133 -0.9561535953226571 0.0 0.0 
r -0.6797895551734365 0.7719525203388806 -0.904116686294851 -0.2016730145864269 -1.0613821322239714 0.0 0.0 
r -0.6977137998206735 0.6872953922404352 -0.9680690504493208 -0.21713543748673378 -1.1347625918078856 0.0 0.0 
r -0.7121361151142658 0.6172785041749845 -1.0210603951044064 -0.2221161986133639 -1.2099691232221004 0.0 0.0 
r -0.7556142273491658 0.5206610607220751 -1.0754619667181273 -0.21598646250692632 -1.28513952184222 0.0 0.0 
r -0.8006092725229228 0.43988792591723724 -1.1190716647830823 -0.21295327606482792 -1.3382312416703142 0.0 0.0 
r -0.8261550987601284 0.349496853025787 -1.1942211135059821 -0.17037709946411286 -1.4109960501627357 0.0 0.0 
r -0.8836255448477719 0.2744211441105436 -1.240304470062175 -0.13619495201105844 -1.4638643021751965 0.0 0.0 
r -0.9826321005569125 0.20023424766992906 -1.27537702149857 -0.06887750094187987 -1.52502246478757 0.0 0.0 
r -1.061903457412396 0.13401187587544994 -1.333688536397244 -0.022945544911493136 -1.5576752713787898 0.0 0.0 
r -1.160301085603187 0.09364711909876879 -1.3582527085823919 0.09757464245665805 1.5228552192228837 0.0 0.0 
r -1.3205655600375892 0.04723593594190148 -1.3879123588058864 0.1795205989580128 1.4918825209668396 0.0 0.0 
r -1.5263922868607127 0.007491769344409036 -1.4037570048878227 0.24531557141890642 1.4747922305601577 0.0 0.0 
r 1.3416648484076257 -0.03120088272960199 -1.4377644726248882 0.23045840764309422 1.4892166844283794 0.0 0.0 
r 1.0724258645729896 -0.06695762745409507 -1.4481889643298609 0.17447241655179774 1.5094206171748632 0.0 0.0 
r 1.0516502125483669 -0.08958811232799378 -1.4148723740531604 0.027734021507375726 1.5612729574137683 0.0 0.0 
r 0.9100610121903212 -0.133747049888846 -1.3993917072086017 -0.09200552246658605 -1.5397680035909593 0.0 0.0 
r 0.8639606336225243 -0.16165102956258748 -1.3821236099678145 -0.160363468291522 -1.5114421406654557 0.0 0.0 
r 0.899699938793111 -0.184356047565885 -1.3401348082778202 -0.3391063315655944 -1.455422955380596 0.0 0.0 
r 1.0072474357347077 -0.20143969828256011 -1.258225102578425 -0.5196131300548458 -1.3570012384827603 0.0 0.0 
r 1.2210380467759876 -0.16321734694024176 -1.146705659527009 -0.6223223727311097 -1.249487727624802 0.0 0.0 
r 1.2950563649880447 -0.15547863590019304 -1.0649124430552859 -0.6720821686288097 -1.134828789241273 0.0 0.0 
r 1.282079548943558 -0.17971300095652723 -1.0218465457393084 -0.713547295662742 -1.0318426519054613 0.0 0.0 
r 1.2667680975977624 -0.2069326697322586 -0.9811020416637115 -0.7374105279338032 -0.9213865073297465 0.0 0.0 
r 1.2572117017954243 -0.23215920934169926 -0.9408335942636922 -0.7848481774725183 -0.7842743433133409 0.0 0.0 
r 1.225521008774896 -0.2518506690220511 -0.9498155544193586 -0.861740270254379 -0.6740460696338691 0.0 0.0 
r 1.231398459758962 -0.25449458543183906 -0.9357953900646818 -0.8675756503619056 -0.5221633276271062 0.0 0.0 
r 1.2622448237876558 -0.25465800962937635 -0.8859515627787434 -0.8316564848337824 -0.30697968274762105 0.0 0.0 
r 1.2972722086944772 -0.25610264508696334 -0.8198663022457403 -0.7629504370232852 -0.08323626420592181 0.0 0.0 
r 1.4064419495752758 -0.1791244749630524 -0.7415690477942104 -0.7201284248453004 0.1590555760126079 0.0 0.0 
r 1.4050547598463956 -0.17731502586170841 -0.7510052772525047 -0.6256459033944888 0.36621047228053705 0.0 0.0 
r 1.470292419421759 -0.11675601021922477 -0.7101472172591693 -0.5735329747074441 0.5338031068229527 0.0 0.0 
r 1.5303802679671632 -0.04788219305303738 -0.7009345522091922 -0.4982864462601757 0.6741729157909306 0.0 0.0 
r -1.5208350534855248 0.06755779221243488 -0.6364389962919583 -0.38516084828235625 0.8470137916617161 0.0 0.0 
r -1.4157835296737735 0.21649737493885537 -0.6177257708163223 -0.318376197845327 0.9433866592020677 0.0 0.0 
r -1.323475446870287 0.34780686276626394 -0.6083311216865579 -0.2742697242339732 0.9739719928604493 0.0 0.0 
r -1.1996758011743989 0.5218257001423472 -0.5949858662278903 -0.21998778422063173 1.004828451090937 0.0 0.0 
r -1.1100282146535658 0.6415226747384368 -0.5865771858201074 -0.18847498955217476 1.0023549808328769 0.0 0.0 
r -1.0243803844705914 0.7318084388501963 -0.5952117869474014 -0.1281859814622467 1.0793176428695155 0.0 0.0 
r -0.9360823047979006 0.7918166704439527 -0.6285964367013541 -0.08577107959035656 1.0958509170674227 0.0 0.0 
r -0.8198787444019311 0.9040702968376667 -0.6334807795707564 -0.07895243149569993 0.9262235473541693 0.0 0.0 
r -0.8263767449862238 1.0381523914464246 -0.49748342879488155 -0.039647022971687186 0.8459146387538092 0.0 0.0 
r -0.7091476424600901 0.9714111581192181 -0.6724602440712133 -0.0041308176257203715 -1.440393018905763 0.0 0.0 
r -0.5651221653220728 1.012086849235434 -0.7782870552403529 0.00014944172728783295 1.5693164124419037 0.0 0.0 
r -0.5051258023755656 1.0073169400868414 -0.8518358683426284 0.04377533341869697 1.3077270012388678 0.0 0.0 
r -0.44631094436786695 0.9482540089434718 -0.9827835240224707 0.08286746459096292 1.2221091972276439 0.0 0.0 
r -0.3891848793355436 0.8852266848276799 -1.1060295185631366 0.10804283613771173 1.2373806937365743 0.0 0.0 
r -0.31127477765942174 0.8352619517762436 -1.2292010836367937 0.14131864385238574 1.2051402742360964 0.0 0.0 
r -0.24398092537552504 0.7610723312757164 -1.3379817970999608 0.1728353807272544 1.1965022342777194 0.0 0.0 
r -0.1838273364075065 0.6902775636080157 -1.4184475238871486 0.21140751384779305 1.1779508852068756 0.0 0.0 
r -0.04164168043907391 0.617568061328678 -1.5412121023509648 0.27113550804196523 1.1176737973964583 0.0 0.0 
r 0.0950187545441102 0.5107388243044424 1.51744441841624 0.32759305140474826 1.0789448278573066 0.0 0.0 
r 0.13601844908700209 0.48007109980463625 1.4996515981886207 0.37579388961293375 1.0495355961270783 0.0 0.0 
r 0.15492759815439922 0.480158908312461 1.4896348895476108 0.40956198812115086 1.0316264839305094 0.0 0.0 
r 0.17673116245535447 0.47499243198104035 1.4792088414880415 0.4290626810517903 1.022554316574854 0.0 0.0 
r 0.2084873608982536 0.4372635349344572 1.472224085573523 0.43401518956228297 1.0243532184851052 0.0 0.0 
r 0.2828618082286784 0.39283539439085235 1.4509338665348537 0.4231507789310145 1.033134935628158 0.0 0.0 
r 0.23387026250967732 0.42602017208082343 1.4631029821753165 0.3909283546352999 1.0467029730067765 0.0 0.0 
r 0.20285397678218592 0.459637396816024 1.4693334199121537 0.36091216049501146 1.055572850731979 0.0 0.0 
r 0.21066791865087584 0.4659968428872591 1.4636590439472041 0.3191884115039929 1.0804015741617656 0.0 0.0 
r 0.1832680206135512 0.4944032178478026 1.4712137117133202 0.2782170220129646 1.0972643916254423 0.0 0.0 
r -0.029233779996072344 0.5620826149589744 -1.5523801325314508 0.23214650962954947 1.137742591256068 0.0 0.0 
r -0.22517677704609523 0.6482189414033559 -1.399015561537168 0.17610558994880163 1.2040873874478941 0.0 0.0 
r -0.4498195560597021 0.6054917872610861 -1.2482381681787975 0.02821874906840051 1.5284364900557668 0.0 0.0 
r -0.3774549706723582 0.5309574974197208 -1.3420649196974794 0.06284390572507152 1.4934084083358987 0.0 0.0 
r -0.2967425301981559 0.46750560745692915 -1.4176423723427192 0.10581834983605683 1.4602278790727197 0.0 0.0 
r -0.2174784326813866 0.4197720921123264 -1.4724940113962195 0.14822497535927837 1.4354011535997553 0.0 0.0 
r -0.13224869591395072 0.38387158548759326 -1.517117907542768 0.1940332157988625 1.4120810900313476 0.0 0.0 
r -0.057975498148109 0.37590843304791005 -1.5478931158758948 0.23081283144116274 1.3950160480485938 0.0 0.0 
r -0.0045317323949276974 0.3673733054452355 -1.5690523048738958 0.2640256690271407 1.3823994394831263 0.0 0.0 
r 0.04345180529280357 0.3565305828378448 1.554604052971901 0.29872989808714223 1.3704555238596885 0.0 0.0 
r 0.09080491434502702 0.35572753977117627 1.5369791794836574 0.33323504825193584 1.3564149519523225 0.0 0.0 
r 0.14117032202755186 0.35325667116778564 1.518442827638244 0.3709920583851677 1.3408884644016141 0.0 0.0 
r 0.13988556433734867 0.3232505898190617 1.5236614030981501 0.40040527128074604 1.3384900975676728 0.0 0.0 
r 0.15350310271445997 0.3141369590375047 1.5205707612383195 0.4290798291811463 1.3310868288498858 0.0 0.0 
r 0.18722422783055878 0.3444383951627984 1.502940188053919 0.45149411025107944 1.3138566609703837 0.0 0.0 
r 0.19358846155800097 0.31821613390876663 1.5063069931326605 0.48142489565282603 1.3119773435056434 0.0 0.0 
r 0.24290463176396818 0.32430304398399057 1.4876856774548828 0.5137256517535471 1.2973830819763017 0.0 0.0 
r 0.2532698906927173 0.3136657539448017 1.4870356668544034 0.5381732104331807 1.2931878511711208 0.0 0.0 
r 0.26717113032648054 0.3093118985535958 1.4835475846782438 0.5611420037016727 1.2869054291680797 0.0 0.0 
r 0.2676570663962231 0.30802259647387586 1.4837684754198206 0.5772703312812458 1.28297803564636 0.0 0.0 
r 0.27221879312166725 0.30568826206790123 1.4829295550418289 0.5937801767872347 1.2790972693333922 0.0 0.0 
r 0.27555238144415295 0.30155517661327536 1.4830766899728256 0.6094711448624349 1.276251002095408 0.0 0.0 
r 0.2823964918271505 0.2964917298859173 1.482387363888732 0.6263972175567981 1.2725920545319367 0.0 0.0 
r 0.29104337193631125 0.2885559271389601 1.4821110763765877 0.644312374814627 1.269581246850524 0.0 0.0 
r 0.28683741897030796 0.2921483350962927 1.4823140312388416 0.6513935653062007 1.2670135091639452 0.0 0.0 
r 0.2875965613560398 0.296423753716434 1.4806979165941316 0.6583217771747925 1.2639692347629627 0.0 0.0 
r 0.31677627151649546 0.2975763335371715 1.4705976900009 0.6759226674658161 1.2555852729226777 0.0 0.0 
r 0.3137721945602968 0.2949648006746276 1.4725242794886526 0.6835024255296158 1.2550606949683603 0.0 0.0 
r 0.2802528269355357 0.29834818352863063 1.4825114245337336 0.6759555275013099 1.260546873872378 0.0 0.0 
r 0.2768015892961248 0.29079525167114934 1.4859767511988111 0.6855081434532954 1.260868266175516 0.0 0.0 
r 0.2763809150379893 0.2874152238305798 1.4871479747847318 0.6934345764595837 1.2597528000660598 0.0 0.0 
r 0.3579589533119777 0.2874486321795308 1.4606539043895044 0.7255120502922994 1.2418500773501482 0.0 0.0 
r 0.4006046111485994 0.28261367113047314 1.4484304075823367 0.7463887631997163 1.2332101207372563 0.0 0.0 
r 0.4235261255134654 0.29219985232007206 1.4360107498876356 0.7519708693702105 1.2259638732927303 0.0 0.0 
r 0.43019912045587616 0.29675897146294733 1.431391650991154 0.7550014815898507 1.2228510365917626 0.0 0.0 
r 0.4421089976786417 0.3143918568286221 1.4180694270856589 0.7518221356060466 1.216255029281298 0.0 0.0 
r 0.438559575342252 0.3161911871321852 1.4185351616056519 0.751603282961201 1.2166523522727517 0.0 0.0 
r 0.44247609799473936 0.31704180884752214 1.4165696361131437 0.75478273089153 1.2150842269568145 0.0 0.0 
r 0.4406877379684354 0.3156053051729237 1.4180032803428053 0.7577325356226664 1.2147007748961915 0.0 0.0 
r 0.45163306464937014 0.31851806283159884 1.4121898921980307 0.7625175980446663 1.2105303437745336 0.0 0.0 
r 0.4471135239862116 0.3227679355063542 1.4117749048674004 0.7608790782578373 1.2096807401725056 0.0 0.0 
r 0.4060931511957629 0.312000634354159 1.432987291117029 0.7546561564198212 1.2206026865432817 0.0 0.0 
r 0.411798490424135 0.30713689292082774 1.4331402368478767 0.7593758417398982 1.221351938088469 0.0 0.0 
r 0.4265355555582989 0.3117097965766479 1.4254044677230227 0.7624941344260138 1.2172960821984782 0.0 0.0 
r 0.43508580271216507 0.31901561333825007 1.4184664149476403 0.7632410493303726 1.2127701228392853 0.0 0.0 
r 0.44035771370117466 0.3224724599763369 1.4146278179188378 0.7637213975882545 1.210926360834627 0.0 0.0 
r 0.4348478749979803 0.32301030338850734 1.4165470822392063 0.76267892201858 1.2115983797294585 0.0 0.0 
r 0.43256316361293823 0.3275580408110869 1.4151707850026716 0.7604107464325669 1.2106382993448916 0.0 0.0 
r 0.44432560443921965 0.32211185968705874 1.413230346107184 0.7682044439370259 1.2091118636166844 0.0 0.0 
r 0.4460985911148033 0.3234677062186316 1.4118188860218444 0.7692709668928895 1.2077427548333826 0.0 0.0 
r 0.4432744458235645 0.32530649050901006 1.4120041391728124 0.7680849998458479 1.2076260283717701 0.0 0.0 
r 0.4416288933390533 0.32559250253002303 1.4125199509890831 0.7677638843292597 1.2079197878109655 0.0 0.0 
r 0.44417100175455143 0.32168189698068284 1.4135138583394997 0.7708302578189661 1.2085670944178948 0.0 0.0 
r 0.4441660586850598 0.31855537402499334 1.4151271001126726 0.7728979323283649 1.209312224418776 0.0 0.0 
r 0.44173355704641054 0.31859876015801053 1.416064153195801 0.7724971678339084 1.2096814724298472 0.0 0.0 
r 0.38314646121636775 0.30678033496315693 1.4437998814194613 0.7595066634555162 1.225422083702982 0.0 0.0 
r 0.4083970988025695 0.3135071601485759 1.4314163999017566 0.7627651990429638 1.2197887530941438 0.0 0.0 
r 0.43080784503921205 0.3158268690647783 1.4217297393905803 0.7679321340026184 1.2155053098078457 0.0 0.0 
r 0.4327509131958926 0.3181384768480938 1.419820850813014 0.7656348258996243 1.2160921173430561 0.0 0.0 
r 0.44014520299910603 0.31889910924165044 1.4165364178878952 0.7664250913229915 1.2155772165234093 0.0 0.0 
r 0.43530470098868285 0.32394887892969937 1.4158915006216934 0.7613159095363752 1.216033273101941 0.0 0.0 
r 0.44331479353991377 0.3249790113323211 1.412156723150214 0.7630407638143218 1.2145189130932597 0.0 0.0 
r 0.447940859159984 0.325772436985067 1.4098770036317547 0.7641626040641427 1.2134347674550146 0.0 0.0 
r 0.4463650869598973 0.3243618079284796 1.4112477010158524 0.7640984568827792 1.2144710743926443 0.0 0.0 
r 0.441836401163021 0.3241847968478227 1.4131594292328526 0.7624940917673234 1.2157344836161887 0.0 0.0 
r 0.4362961553643363 0.3220804293200114 1.4164418403825125 0.761359069525706 1.217889734129421 0.0 0.0 
r 0.4359619912853498 0.32250904894909943 1.4163576690260922 0.7611287071030256 1.2178120309681684 0.0 0.0 
r 0.4332153159212264 0.3229508000700712 1.417225242515488 0.7600591865984083 1.2182379536331782 0.0 0.0 
r 0.4246668788467918 0.32454700149187804 1.4198203813183365 0.75600201432433 1.2199183588947782 0.0 0.0 
r 0.425154751561598 0.32321300983819146 1.420283995495807 0.7570793998922472 1.2200956047916596 0.0 0.0 
r 0.4354701892961232 0.32187985120598384 1.4168706120858727 0.7617992919812048 1.2178796580523945 0.0 0.0 
r 0.4345424645191716 0.32368667398634654 1.416327492281835 0.7606658093853575 1.2174768265065987 0.0 0.0 
r 0.43112175173262307 0.32367217438636176 1.4176946703119224 0.7595804900390537 1.2181784075375464 0.0 0.0 
r 0.42984384734810516 0.32168172052397204 1.4191929488386754 0.7602285678061323 1.2190280017262192 0.0 0.0 
r 0.43789122570981814 0.3193346347465166 1.4172024970965529 0.76452487813214 1.217738700170368 0.0 0.0 
r 0.4366190108504979 0.3199591049413528 1.4173873031650994 0.7636516674584246 1.2179510584370759 0.0 0.0 
r 0.43745052670399137 0.32128722070665167 1.4163861360284857 0.7633770069706873 1.2172943156701135 0.0 0.0 
r 0.43076373751942215 0.3213761239377234 1.4189827358317282 0.7611341189608629 1.2186407124166179 0.0 0.0 
r 0.4239602296386158 0.32568408113859537 1.4195416041748323 0.7563971852825019 1.2190484259319099 0.0 0.0 
r 0.4207603951818791 0.32688480975037926 1.4202258165864037 0.7545074728296344 1.2195387523033632 0.0 0.0 
r 0.4222900887270257 0.3264049972269278 1.4198518604218313 0.7553016025803652 1.2193487024125609 0.0 0.0 
r 0.42964452630362426 0.3264219807938314 1.4169104238340136 0.7584489190458958 1.2172221968205548 0.0 0.0 
r 0.4285522695109873 0.3251867782181077 1.4179612231633743 0.7589153149256974 1.2176656265282886 0.0 0.0 
r 0.4338826283359342 0.3267133112175879 1.4150655607579241 0.7601531149913728 1.2159185815501083 0.0 0.0 
r 0.42895328668184524 0.32798355307055005 1.416409106160801 0.7575166812544722 1.216869081123745 0.0 0.0 
r 0.4255063381547608 0.3282030143154619 1.417683534556227 0.7561366136830372 1.2176437274638194 0.0 0.0 
r 0.4304843881384643 0.3241304142335968 1.4177189280154483 0.7600846522274516 1.2176272578381888 0.0 0.0 
r 0.43316820283758556 0.32332558779177584 1.417055687623845 0.7616021938651106 1.2171263554579206 0.0 0.0 
r 0.4331809983019506 0.32106687511906923 1.4181845904116461 0.7627358211835589 1.2178161071985292 0.0 0.0 
r 0.42896239644756656 0.3235282120060625 1.4186227551720623 0.7601569673613386 1.2179147472089613 0.0 0.0 
r 0.43596647773601543 0.3226080517821997 1.4163058272602893 0.763352276673298 1.2163904633091334 0.0 0.0 
r 0.4401938131181373 0.3199387325511064 1.4159868952709709 0.7663651741990136 1.2160934603723357 0.0 0.0 
r 0.4427855736413425 0.31820809494084445 1.4158499450712996 0.7681220380001275 1.2160780078358329 0.0 0.0 
r 0.4523010861220613 0.31282364700809695 1.4149113090913201 0.7742191430692795 1.215533419244133 0.0 0.0 
r 0.46215956157744503 0.30645429876184627 1.4144595172332 0.7809068762858158 1.2152776558127936 0.0 0.0 
r 0.4130010554122593 0.29040578888234314 1.4405780752291386 0.7730993358720488 1.2303799000874192 0.0 0.0 
r 0.38318358581077766 0.27901523444557336 1.455819633369255 0.7701021409934062 1.239390974777624 0.0 0.0 
r 0.35627019089187895 0.2766567599615941 1.4655192727525084 0.7632860568518964 1.244930496024064 0.0 0.0 
r 0.34717740167215955 0.2749132427099006 1.469091643272276 0.7617135971582789 1.246912807767881 0.0 0.0 
r 0.35047667770057145 0.27366986247925984 1.4685343373090551 0.7635705979092179 1.2465637498553626 0.0 0.0 
r 0.33888141222188534 0.291655480834971 1.4653686942670499 0.7488789645232049 1.244296875095454 0.0 0.0 
r 0.3411472390686489 0.3106785882505259 1.4572952514296893 0.7378037123881209 1.239580470028817 0.0 0.0 
r 0.3444193096423091 0.3184534689349465 1.4530834120568195 0.7339847710834448 1.2373391927226716 0.0 0.0 
r 0.3319266531618951 0.32993191179058634 1.453305050370365 0.7222390979851446 1.2378832770245054 0.0 0.0 
r 0.32310553203447323 0.33324797958315316 1.455403860179371 0.7162930789297047 1.2397463284837476 0.0 0.0 
r 0.32720792156504613 0.3437095869320894 1.4499089913852332 0.7106396931428085 1.2372735843867875 0.0 0.0 
r 0.33275735895001585 0.3533549089126127 1.4440075145531324 0.7064648095224799 1.234366605060299 0.0 0.0 
r 0.3072302253052308 0.3533399963246644 1.4543088530230386 0.6920259762804751 1.2438870304130314 0.0 0.0 
r 0.4197954044446747 0.33330867228239064 1.4174789925539037 0.7477963902215379 1.2205450089436183 0.0 0.0 
r 0.4513075869364722 0.32384418028722967 1.4095246615263748 0.7652894974971026 1.215026189070848 0.0 0.0 
r 0.43068934778063017 0.3286260031037723 1.415389665795431 0.7544519688285443 1.219167981837943 0.0 0.0 
r 0.23333790415544028 0.2724515187503994 1.5044896882914875 0.7281544305617393 1.267998010706901 0.0 0.0 
r 0.09850511564308564 0.23527360717026383 1.5471111268580306 0.7308803238339403 1.2858859657701462 0.0 0.0 
r -0.07341975696276049 0.2292130527446535 -1.5536373503703027 0.6984742853268309 1.304742585332693 0.0 0.0 
r -0.21289353029018807 0.2307304118754521 -1.5200587251405342 0.6602043348308436 1.3225530893876902 0.0 0.0 
r -0.2559446206989687 0.25811395389103875 -1.501820597623475 0.631675815465239 1.3208348574872901 0.0 0.0 
r -0.40626046733549864 0.2507077577121341 -1.4610682928362169 0.6122037416033086 1.3312739391009514 0.0 0.0 
r -0.5076185205822575 0.250930945982775 -1.4291687693285127 0.5856443625923708 1.342763937064869 0.0 0.0 
r -0.5161600927775161 0.27167681049336084 -1.4140156250883182 0.5569132499218884 1.3476771907913236 0.0 0.0 
r -0.5545408813532859 0.28247127175248604 -1.3929348568422562 0.5296711050991385 1.3561807935252514 0.0 0.0 
r -0.6045224079311478 0.268439202147627 -1.3830119045044345 0.5286508626348492 1.3617009992519338 0.0 0.0 
r -0.6266426109145796 0.27569427005730424 -1.3687760962847835 0.500584581992871 1.3723936833588624 0.0 0.0 
r -0.6572201399610005 0.27496992286533545 -1.3564429935094116 0.4855148253077792 1.3794587906224915 0.0 0.0 
r -0.8087073648346637 0.4297115818765387 -1.1231545993798242 0.1615171273540318 1.4634285207625168 0.0 0.0 
r -0.8726456822621945 0.3884684855083117 -1.1170167177519028 0.08447710414515323 1.5099277991067077 0.0 0.0 
r -0.9031047435699211 0.36603082235246587 -1.1183178901936366 0.04522217422801584 1.5373533208450674 0.0 0.0 
r -0.9221089564545695 0.3624925877144684 -1.1069549556765375 0.05411486219406842 1.5291114694889003 0.0 0.0 
r -0.9879654974326301 0.32450997580962393 -1.0989412218386294 0.03803290077131033 1.5419732538387043 0.0 0.0 
r -1.0275242651936314 0.30201152474634485 -1.094514005885912 0.041381296080216984 1.5394373818704818 0.0 0.0 
r -1.072071498173144 0.2550885314310262 -1.1242641893132914 0.10490836551591427 1.48943423112956 0.0 0.0 
r -1.1639375818892614 0.2175702950358218 -1.0967715439800618 0.12329808327657946 1.481596367262221 0.0 0.0 
r -1.1954534261740692 0.19276700014508738 -1.1108520115764857 0.1276654207847396 1.488589580375928 0.0 0.0 
r -1.2248532697886312 0.1729537991333686 -1.1194746309312213 0.14310495620523528 1.487089674749283 0.0 0.0 
r -1.255242302557747 0.15364536863179407 -1.12785725070355 0.15774128868188825 1.4826987658357247 0.0 0.0 
r -1.2919349754677278 0.13148369450641537 -1.1381061807459398 0.20193443968057015 1.4695844136124618 0.0 0.0 
r -1.3168238019797638 0.1179302235475215 -1.142605204615947 0.2598587255396344 1.4482831296219656 0.0 0.0 
r -1.3550044250862896 0.09875932793070023 -1.1462766742776072 0.3010951798519439 1.435608883862051 0.0 0.0 
r -1.4000661510836108 0.07868701346935193 -1.1418530165143985 0.3224127641888453 1.4356177944818092 0.0 0.0 
r -1.4257821845670906 0.06826285953634764 -1.1329472822656483 0.3562851712828228 1.4458070964000276 0.0 0.0 
r -1.4455395694538107 0.06009854853395549 -1.1250118399579514 0.3124451393065928 1.467392260921321 0.0 0.0 
r -1.4560407997824012 0.05989574325980001 -1.0910635100623935 0.2733423329675701 1.489884688694538 0.0 0.0 
r -1.45588269911941 0.06342840111993171 -1.067744094980581 0.21984389914381292 1.5046109441679838 0.0 0.0 
r -1.4760386897402524 0.05561125873925441 -1.0409390873354973 0.12609374523965142 1.5321651769632871 0.0 0.0 
r -1.473857091632679 0.05647448147749871 -1.0441892804017474 0.07618402611333483 1.5466492558677174 0.0 0.0 
r -1.4530550812450338 0.07043429965571053 -1.0330042268059285 -0.06391910235316056 -1.5489177975316029 0.0 0.0 
r -1.4732876811544606 0.07621671123900621 -0.907951156472335 -0.11534593088007826 -1.5254065648420898 0.0 0.0 
r -1.4164562332761088 0.13724942868168488 -0.8447763438024278 -0.19573050297501438 -1.488079588454099 0.0 0.0 
r -1.3651131505393197 0.18938405309054693 -0.8277206592164266 -0.2677135535256776 -1.4477470966574801 0.0 0.0 
r -1.343779431030615 0.25849216747067716 -0.7180630817235518 -0.26741862676992695 -1.4308374222783862 0.0 0.0 
r -1.304408879190696 0.33382243799689093 -0.6666569473047905 -0.33047783665782504 -1.381499712803723 0.0 0.0 
r -1.233829488136356 0.3965404563090356 -0.6966991041102228 -0.35025090332165665 -1.3489321235850813 0.0 0.0 
r -1.1205806275770251 0.43378798498797366 -0.8066381121272721 -0.3507293931128647 -1.332706337319089 0.0 0.0 
r -1.0964473892474076 0.450883711029258 -0.8147640630974242 -0.3604581779841468 -1.2931667831803437 0.0 0.0 
r -1.066208444855384 0.5073944073682479 -0.7820881470514003 -0.3867933589764786 -1.249696596142046 0.0 0.0 
r -1.0630570267217914 0.5390734594573721 -0.7492302507410129 -0.4102100656124127 -1.2121450915104757 0.0 0.0 
r -1.0309432883460201 0.6189992163185443 -0.6993297930056454 -0.43645280525647895 -1.1783882659833818 0.0 0.0 
r -1.038581200734314 0.6278687445598714 -0.6816014991172878 -0.4591905554213746 -1.1443599338592734 0.0 0.0 
r -1.005147933788184 0.7026093187097014 -0.6433326369572587 -0.4807163294826973 -1.1281390997044396 0.0 0.0 
r -0.9947532418295578 0.6784573095762141 -0.6782387629537235 -0.4922854487287386 -1.1230561931987184 0.0 0.0 
r -1.0734664389033601 0.6354930233983223 -0.6344763776145292 -0.49037755505036296 -1.1003095589757834 0.0 0.0 
r -1.004701437199956 0.649471520670745 -0.696804913235152 -0.5105031427289213 -1.0894502927743484 0.0 0.0 
r -0.9515556260754258 0.7254643311528282 -0.677031608206951 -0.5027333339186794 -1.0761080899013997 0.0 0.0 
r -0.9201636959208815 0.7685704685410404 -0.6669258870135895 -0.5012453537032695 -1.0679788358907158 0.0 0.0 
r -0.8943521647479589 0.8068419695874419 -0.6556039118744921 -0.5039567393062805 -1.0549969617348862 0.0 0.0 
r -0.875318692417501 0.8357362449157371 -0.6463916910561558 -0.5054356043288601 -1.0458266540014753 0.0 0.0 
r -0.860131029529516 0.8673380041582699 -0.6306097536477469 -0.5123615564082971 -1.027133954782018 0.0 0.0 
r -0.8458498521450158 0.8877552099444904 -0.6245665381073908 -0.5165201803966862 -1.0158174573596535 0.0 0.0 
r -0.8399535515168514 0.9050444104733623 -0.613424117115034 -0.5279774028862274 -0.997308303798649 0.0 0.0 
r -0.8325928345211612 0.9214525127899816 -0.6044522290765278 -0.5366066851240916 -0.9808087512940804 0.0 0.0 
r -0.8281074228834435 0.937741156352725 -0.5928260023876611 -0.5469774277009154 -0.9613856993628239 0.0 0.0 
r -0.8258190959089056 0.9492172732668175 -0.5837973995435292 -0.5565934049017166 -0.9453490465856734 0.0 0.0 
r -0.8117695924941817 0.8376108346625377 -0.7070295343717518 -0.5515283678014179 -1.005518626263105 0.0 0.0 
r -0.7844759530833884 0.839266027841286 -0.7324472533315772 -0.538162377531913 -1.0173837269613397 0.0 0.0 
r -0.7673870108291956 0.8769576638138934 -0.7116070122642594 -0.5371182367276232 -0.9957273034030752 0.0 0.0 
r -0.755536501334144 0.9127412702577377 -0.6871730068464469 -0.5345492049100613 -0.9745460717328824 0.0 0.0 
r -0.7491068558414589 0.9400610016562839 -0.6656916655344912 -0.5295613510574904 -0.9620050426707072 0.0 0.0 
r -0.78351828110619 1.0766789008353477 -0.495688859048482 -0.5670306405008047 -0.8087980920793518 0.0 0.0 
r -0.7885610261878703 1.0848988462153368 -0.4832899223566732 -0.5777617197443813 -0.7931351059053233 0.0 0.0 
r -0.7846775229962478 1.0962468840609798 -0.4751354908446265 -0.5801499096924082 -0.7825892701720164 0.0 0.0 
r -0.787809282625223 1.1152633549831672 -0.4536306177284709 -0.5891363222733846 -0.7585757963078023 0.0 0.0 
r -0.7778768942756046 1.1502332059136178 -0.4261977305989226 -0.5846380871332257 -0.7338903123128472 0.0 0.0 
r -0.7698914863739715 1.1767874641110478 -0.40512442392069875 -0.583070142145887 -0.7112801386724734 0.0 0.0 
r -0.776810469663979 1.185021611755178 -0.39179962116790024 -0.5996259860057386 -0.6838786660777566 0.0 0.0 
r -0.7602227629005467 1.201378296563294 -0.3866953593484216 -0.5902533449116943 -0.6749131456650154 0.0 0.0 
r -0.7900707648322739 1.1682967232058785 -0.39914231312019455 -0.6258097514831038 -0.6692577248154276 0.0 0.0 
r -0.7542027658597746 1.212349480284925 -0.37944117828836066 -0.5980821842550981 -0.6500576397284784 0.0 0.0 
r -0.7972305748426542 1.1815387767898573 -0.38101777519440005 -0.6448687650834506 -0.6346803228066934 0.0 0.0 
r -0.801912756923542 1.1916287911003036 -0.3679442396045577 -0.6527689892968424 -0.6176750754723043 0.0 0.0 
r -0.8056756465922253 1.1980850908870713 -0.35915830011665756 -0.6584482516407415 -0.6068292247487947 0.0 0.0 
r -0.8079945895701286 1.2015507690357876 -0.35428286731428066 -0.6620221968627403 -0.6009193972191786 0.0 0.0 
r -0.8093394177204621 1.2032921936810148 -0.35172779758828515 -0.6642793235997863 -0.5978467384280396 0.0 0.0 
r -0.8101144088650182 1.2041374000147131 -0.35041188960033415 -0.6657777582213558 -0.596269279998016 0.0 0.0 
r -0.8105742715202033 1.2045302774426128 -0.3497368522997924 -0.6668395621875993 -0.595457617983193 0.0 0.0 
