r 2.2854449768192837 -3.974982986999423 2.4741380654733103 2.8888539854969997 1.4969088667103363 0.0 0.0 
r 2.2843950737927603 -3.975730104163846 2.4758984449747174 2.879502303906256 1.496168398122765 0.0 0.0 
r 2.2828529454523965 -3.97685842698157 2.478512321127049 2.864826869901104 1.4950333056907674 0.0 0.0 
r 2.280853452902012 -3.9783745993017177 2.481949546301567 2.8440264517215796 1.4934779280866715 0.0 0.0 
r 2.278433974092782 -3.9802815592084855 2.4861731280644443 2.815987418894262 1.4914704117840643 0.0 0.0 
r 2.275632881368383 -3.98257720073347 2.4911394680638432 2.7792974694948533 1.4889763452435347 0.0 0.0 
r 2.27248357871284 -3.985250884089664 2.4968008755224553 2.732277381764025 1.4859574388237209 0.0 0.0 
r 2.2690111320268738 -3.9882824857387877 2.503108019437589 2.6732081760114013 1.482377319048736 0.0 0.0 
r 2.2652326325634684 -3.991642369983465 2.5100096422976708 2.6006781606924374 1.4781923290433479 0.0 0.0 
r 2.2611543845726274 -3.9952905299201014 2.517454576837218 2.5143832485429742 1.473357957388667 0.0 0.0 
r 2.256775370388492 -3.999180604877427 2.52539236075954 2.4160985940834565 1.4678263098517692 0.0 0.0 
r 2.252091104368872 -4.003264682391982 2.5337742182159646 2.3104381968655434 1.461544304263354 0.0 0.0 
r 2.2470987649921823 -4.007496974663851 2.5425517359733103 2.2045857202004724 1.4544537372024784 0.0 0.0 
r 2.241801321504888 -4.011838870576368 2.5516778198114047 2.106632533084972 1.4464914982543158 0.0 0.0 
r 2.23621270620154 -4.01626559696511 2.5611081203839534 2.023032722036284 1.4376073476158064 0.0 0.0 
r 2.230362638026084 -4.020770221042686 2.5708002286762066 1.95726197917905 1.4277525373581756 0.0 0.0 
r 2.224299291217039 -4.025367403287368 2.580714620122659 1.9096689188036349 1.4169036623351323 0.0 0.0 
r 2.218088413960017 -4.0300933418985325 2.590815314812515 1.8784471962920615 1.4050712242029522 0.0 0.0 
r 2.211812248423113 -4.035005578426532 2.6010705307868354 1.860727532415092 1.3923170712750317 0.0 0.0 
r 2.20556575435836 -4.040180066995619 2.611453313226469 1.853449472455189 1.378770048128714 0.0 0.0 
r 2.199451063850903 -4.045705265717945 2.621941154641365 1.8538404401631352 1.3646390889305675 0.0 0.0 
r 2.1935743923350897 -4.051676548866352 2.6325138401622006 1.8596415742337395 1.350226642636594 0.0 0.0 
r 2.1880409231947455 -4.058190220262448 2.6431530409022197 1.8691540128758615 1.3359324209082042 0.0 0.0 
r 2.1829517426151956 -4.065337160628811 2.6538400199803056 1.8812884695766123 1.3222497023004331 0.0 0.0 
r 2.178401830478886 -4.0731956174266095 2.664552028860279 1.8953831374609054 1.3097576998898315 0.0 0.0 
r 2.174481233888013 -4.081827417740854 2.6752592541126026 1.9111772207760551 1.2990987552423134 0.0 0.0 
r 2.1712767777861206 -4.091274090398345 2.6859215902810085 1.9286379320406022 1.2909571175023966 0.0 0.0 
r 2.1688770733730545 -4.101555743399512 2.6964852700837008 1.9480305996709664 1.2860203571172246 0.0 0.0 
r 2.1673751997554063 -4.112671340802601 2.706882926473095 1.9698306241125831 1.2849505656737947 0.0 0.0 
r 2.166867666244777 -4.12458949805875 2.7170290094459952 1.9947397237523703 1.2883451132594692 0.0 0.0 
r 2.1674606085673456 -4.137255246776991 2.7268223006571675 2.0237415021859744 1.2967071847035692 0.0 0.0 
r 2.169262503279697 -4.150585356652507 2.7361494784651903 2.058190819266623 1.3104087306280598 0.0 0.0 
r 2.172381343160122 -4.164468388835944 2.74488775642378 2.1001321804773534 1.329650926705845 0.0 0.0 
r 2.176916424202612 -4.178765023969517 2.752910407079625 2.1526323913016885 1.354432756838313 0.0 0.0 
r 2.182948056278231 -4.1933101536182855 2.7600931524342918 2.2205182635134246 1.3845057873943991 0.0 0.0 
r 2.1905225433930076 -4.207915626065698 2.7663221974143544 2.311726353143542 1.41935028606872 0.0 0.0 
r 2.1996410916977442 -4.22237834060787 2.7715014157772453 2.439854472746658 1.4581502319072863 0.0 0.0 
r 2.2102475697535287 -4.236490277127919 2.775560697831729 2.627684396209097 1.499802086380165 0.0 0.0 
r 2.2222206947994225 -4.250049006162049 2.7784616084083087 2.906495142305674 1.5429547711020168 0.0 0.0 
r 2.235367581411695 -4.262867891191316 2.780203530504468 0.14452015521678474 -1.5555087713382236 0.0 0.0 
r 2.2494235908211975 -4.274786852791029 2.7808291149186832 0.5496341140791284 -1.5140006145317286 0.0 0.0 
r 2.264058754775835 -4.285678894401965 2.7804260055590593 0.8721775627895838 -1.4756685481004372 0.0 0.0 
r 2.2788870284859204 -4.295453059667366 2.7791279653974845 1.0890852230915984 -1.4419277667694255 0.0 0.0 
r 2.2934828365658086 -4.304054360921883 2.777111943421576 1.228089124816347 -1.4139809149995022 0.0 0.0 
r 2.307400884594493 -4.31146145106453 2.774592828899502 1.3153571943287956 -1.3927782533817044 0.0 0.0 
r 2.320196803656409 -4.3176803973824125 2.771813836156265 1.3659913655355886 -1.3790140411604335 0.0 0.0 
r 2.33144745102343 -4.322738369970184 2.769034705202569 1.3866137650962125 -1.3731375707080855 0.0 0.0 
r 2.3407708825258124 -4.326677508591127 2.766516679751061 1.3775772082392048 -1.3753773446908992 0.0 0.0 
r 2.3478437790322015 -4.329548948900387 2.764505331817349 1.3332081821727297 -1.3857608243708885 0.0 0.0 
r 2.352415346192637 -4.331408490624464 2.76321395660838 1.240085445668299 -1.404132241069758 0.0 0.0 
r 2.354314495936805 -4.332311222477958 2.7628085142103838 1.0750736435272723 -1.4301501263290706 0.0 0.0 
r 2.3534580019185682 -4.33231022030578 2.76339570183937 0.8126613366284423 -1.4632933993504205 0.0 0.0 
r 2.349852200552637 -4.331454909471164 2.7650165347590576 0.46698228429262595 -1.5028516767146445 0.0 0.0 
r 2.3435914015803316 -4.3297908045759 2.767645966746583 0.12985495099937278 -1.5479302210009633 0.0 0.0 
r 2.334854466875438 -4.327361339664089 2.771198388283867 3.022456631703352 1.544137634130174 0.0 0.0 
r 2.323895936681482 -4.324209706066682 2.775538668830665 2.8626347360717945 1.49139074648733 0.0 0.0 
r 2.3110334948086892 -4.320381684022319 2.7804971589898115 2.764077091956413 1.436761866918006 0.0 0.0 
r 2.2966358667087703 -4.315930424082542 2.785885315200927 2.7038387587316883 1.381655871460133 0.0 0.0 
r 2.281105896985631 -4.310921268897932 2.7915124096137363 2.6675893318057633 1.3274892180261246 0.0 0.0 
r 2.264863876570714 -4.305435365869682 2.797198271953363 2.6467491785162998 1.275644216356758 0.0 0.0 
r 2.2483280710780065 -4.299573330530779 2.802785457798491 2.636083801521788 1.2274272649956606 0.0 0.0 
r 2.231900575839156 -4.293458772254946 2.8081461106192758 2.632293963758541 1.184041400629927 0.0 0.0 
r 2.2159502515877962 -4.287236460989973 2.8131856647888114 2.6332364311369005 1.1465679086891716 0.0 0.0 
r 2.2008023965308805 -4.281069594896077 2.8178424525045798 2.6375010484051487 1.1159562023129161 0.0 0.0 
r 2.186731272983966 -4.275133217450996 2.8220842555587757 2.644154911144543 1.0930119358646038 0.0 0.0 
r 2.1739548229105976 -4.269605574791646 2.8259042660325724 2.6526162956553097 1.078388897301783 0.0 0.0 
r 2.1626340745653376 -4.2646564722159965 2.8293141302571856 2.66255710426767 1.0725711507874989 0.0 0.0 
r 2.152877999591825 -4.260435740879279 2.8323355413745737 2.6738590755652543 1.0758493222921355 0.0 0.0 
r 2.1447458941399073 -4.257060671117671 2.834993686771706 2.686593854548388 1.0882913798231544 0.0 0.0 
r 2.1382546577878037 -4.254609034436472 2.837311884133136 2.701013046108982 1.1097116447906683 0.0 0.0 
r 2.1333884910019427 -4.253113865310039 2.839305260820727 2.7175594423503884 1.1396450595772774 0.0 0.0 
r 2.1300977756476858 -4.252553897956259 2.8409770515359662 2.7368956209333506 1.177312074210478 0.0 0.0 
r 2.1283139766734394 -4.252864253720096 2.84231793089697 2.759954205999989 1.2216603699621569 0.0 0.0 
r 2.1279516210015434 -4.253938929013001 2.8433061743617727 2.788012982267297 1.2713745197485087 0.0 0.0 
r 2.128912054207838 -4.255639142507787 2.8439098047012514 2.8228160699413314 1.324961965484095 0.0 0.0 
r 2.1310886618851637 -4.257805427985397 2.844089760181665 2.8667326849569896 1.3808480615246148 0.0 0.0 
r 2.1343681966766033 -4.260269935946244 2.8438053944169766 2.922963640954503 1.4374829357570003 0.0 0.0 
r 2.1386322392764185 -4.262868330355905 2.8430197921360785 2.9957525877330378 1.4934368771589572 0.0 0.0 
r 2.1437606264140614 -4.265452079836784 2.841704733406598 3.0904348927432403 1.5474658142713216 0.0 0.0 
r 2.1496305293761218 -4.267896169034468 2.839845927496145 0.07126408223274372 -1.543053263610164 0.0 0.0 
r 2.1561176358643244 -4.270106101066476 2.8374473694600586 0.22566717260149094 -1.495753244589287 0.0 0.0 
r 2.1630990859462584 -4.272022675862929 2.8345339447438143 0.4102240952860397 -1.4528610274986824 0.0 0.0 
r 2.1704550807573417 -4.273622224680851 2.8311522674974223 0.6122700767806083 -1.4148614432925504 0.0 0.0 
r 2.1780685120232124 -4.27491342146431 2.8273705995852563 0.8098612056178501 -1.3821284241747218 0.0 0.0 
r 2.1858274147685366 -4.2759326492271645 2.823275958869681 0.9822910779361382 -1.354959520861219 0.0 0.0 
r 2.1936254791898966 -4.276736837875031 2.8189702044516007 1.119077188369299 -1.3335988893953825 0.0 0.0 
r 2.201363573306673 -4.277399441876168 2.8145674054636807 1.2195892728136262 -1.3182481942015036 0.0 0.0 
r 2.2089444697072502 -4.27799502034768 2.810185866248732 1.2877042746076452 -1.3090721820730553 0.0 0.0 
r 2.21627626546387 -4.278595952912362 2.805943346746622 1.3277805285117972 -1.3061971731475468 0.0 0.0 
r 2.22326678402729 -4.279264434554291 2.801953715706166 1.3427254276566802 -1.3097018644828742 0.0 0.0 
r 2.2298214700866623 -4.280046668879747 2.798322622063991 1.3332221961283313 -1.3196054511985673 0.0 0.0 
r 2.2358414979383903 -4.2809690555812345 2.795144310875973 1.2971812300068946 -1.335842999124846 0.0 0.0 
r 2.2412235311985844 -4.28203692791264 2.7924993187173577 1.2290510695121162 -1.3582551123004367 0.0 0.0 
r 2.2458583616040912 -4.283234884285772 2.7904542658535454 1.1188526861061439 -1.3865600690403217 0.0 0.0 
r 2.249633660929714 -4.284528901911784 2.789060600656491 0.9524013818034287 -1.420335569782083 0.0 0.0 
r 2.2524390258112668 -4.285870899413554 2.788354173177564 0.7179108005359401 -1.459003386189531 0.0 0.0 
r 2.254171737455363 -4.287203742877952 2.7883550770221497 0.42646117668376304 -1.5018223446928416 0.0 0.0 
r 2.2547431261954327 -4.288466376370611 2.789067604173917 0.1279777377258603 -1.5478956707519083 0.0 0.0 
r 2.254087336551616 -4.28960003278382 2.7904799691493425 3.018861799107905 1.5453963866648048 0.0 0.0 
r 2.2521682857351686 -4.290552883113071 2.792564289358883 2.833531699966721 1.4959902990006109 0.0 0.0 
r 2.2489852228661027 -4.291284628306117 2.7952777638306965 2.70336120914867 1.4466441618834023 0.0 0.0 
r 2.24457823191718 -4.291770431914322 2.7985635158096875 2.612769734361302 1.398513865567585 0.0 0.0 
r 2.239027613515892 -4.292001988277511 2.802353014215626 2.5494551812458432 1.3526954909014497 0.0 0.0 
r 2.232452439549907 -4.291988292720944 2.8065686221539967 2.5050687304364576 1.3101862898284158 0.0 0.0 
r 2.225006510646878 -4.29175492075036 2.811126275453731 2.474128628476099 1.2718627754717757 0.0 0.0 
r 2.2168708445465715 -4.291342341132033 2.815939200351952 2.4530048064387544 1.2384634489651891 0.0 0.0 
r 2.208244303080483 -4.290802217096537 2.820920769299674 2.4392349172090335 1.2105987306607693 0.0 0.0 
r 2.1993335286214353 -4.29019369859711 2.825987506573705 2.4311193780174034 1.1887459640439941 0.0 0.0 
r 2.190342853109794 -4.289578278148534 2.831060815329196 2.4274697921026127 1.1732635174342845 0.0 0.0 
r 2.1814670509809395 -4.289016063035504 2.8360680921493717 2.427463961226275 1.164391753265626 0.0 0.0 
r 2.1728843411914536 -4.288561007803894 2.8409430157207844 2.430557720657638 1.1622571425918982 0.0 0.0 
r 2.164752701261775 -4.2882570524985315 2.8456247396395997 2.4364454404485514 1.1668655525803708 0.0 0.0 
r 2.1572091165936507 -4.288135705719581 2.8500566220794945 2.4450420345404167 1.1780950519538997 0.0 0.0 
r 2.150369872037463 -4.28821433720487 2.8541850024681 2.456492929141464 1.1956875402364133 0.0 0.0 
r 2.1443336873650463 -4.288495804209921 2.85795731181698 2.4712014292645472 1.2192382954265568 0.0 0.0 
r 2.13918323270166 -4.288968502716404 2.8613214043829984 2.489890213918989 1.248192096586147 0.0 0.0 
r 2.1349879880623384 -4.289607611707579 2.8642247966907934 2.5136958250295236 1.2818447518477258 0.0 0.0 
r 2.13180471753142 -4.290377088672468 2.866615609210961 2.5443283684197437 1.3193548866506961 0.0 0.0 
r 2.1296777546862202 -4.291231351442345 2.8684431271029176 2.584313698928163 1.3597643059121354 0.0 0.0 
r 2.1286377707785413 -4.2921192362713745 2.8696605823033283 2.637389252299361 1.4020310106276994 0.0 0.0 
r 2.128699471567958 -4.292987261953866 2.870227867371405 2.7090609595514614 1.445066329546033 0.0 0.0 
r 2.129856630194051 -4.293783620547572 2.870116225687661 2.807280288519264 1.4877761271494037 0.0 0.0 
r 2.1320800592254505 -4.2944620201135395 2.8693112694029432 2.9426450176842844 1.5291004464038294 0.0 0.0 
r 2.135314897890468 -4.294985825718266 2.867816939269291 3.126014006513002 1.5680461134365993 0.0 0.0 
r 2.139477166047386 -4.29533094151931 2.8656595365396913 0.21767880701812556 -1.537877991832559 0.0 0.0 
r 2.1444566475352307 -4.295489044390564 2.862889006039393 0.4789054320261982 -1.50627251165697 0.0 0.0 
r 2.150117789813643 -4.295468686125528 2.8595804963892277 0.7245185427374763 -1.479397494368846 0.0 0.0 
r 2.156300620353415 -4.295293491288042 2.855834319499163 0.9196755509573941 -1.457794643697112 0.0 0.0 
r 2.1628319126301356 -4.295004303136139 2.8517729875598716 1.0557149132248353 -1.4418796076818885 0.0 0.0 
r 2.1695221822523143 -4.294649660695475 2.847537883404779 1.139159189306747 -1.4319472568929734 0.0 0.0 
r 2.1761756071127603 -4.294284498044561 2.8432837813302783 1.1783214305856626 -1.4281663853829603 0.0 0.0 
r 2.182596536143161 -4.293965889832775 2.8391724358625146 1.1776675278050828 -1.430581093968382 0.0 0.0 
r 2.188592544002802 -4.2937458931483485 2.835365104873152 1.1362955439910205 -1.439104145894674 0.0 0.0 
r 2.193982101116871 -4.293668657355473 2.832014620147778 1.0472541629858088 -1.4535118125641187 0.0 0.0 
r 2.198598681674024 -4.293766368116562 2.8292580199617623 0.8978056543228674 -1.4734348108644955 0.0 0.0 
r 2.2022950568483823 -4.294056610307189 2.827209760113992 0.6752631690916531 -1.4983570300607458 0.0 0.0 
r 2.2049505126006146 -4.294542894297195 2.825955567542853 0.3875624012021806 -1.5276117391013442 0.0 0.0 
r 2.206474396851524 -4.295214690089759 2.8255484883541246 0.08426786764931724 -1.5603958703229193 0.0 0.0 
r 2.2068103946445463 -4.296049369198743 2.8260066163413 2.967303003592169 1.5458065558069356 0.0 0.0 
r 2.2059406786726696 -4.297015029808339 2.8273124115315413 2.7754092417536924 1.5088186746733934 0.0 0.0 
r 2.203890514860908 -4.2980750736525595 2.82941400519752 2.640412132576053 1.4712895483171833 0.0 0.0 
r 2.2007275579717276 -4.299190937499767 2.832229078245778 2.54598064127811 1.4342779629279632 0.0 0.0 
r 2.1965632175499823 -4.3003261821748415 2.8356490855532535 2.4791909039505686 1.3987996008708095 0.0 0.0 
r 2.19154945693374 -4.301449797735719 2.8395458729927503 2.431417200212395 1.3657875743969117 0.0 0.0 
r 2.185873497198398 -4.302538070957234 2.8437782860701497 2.3970917100951086 1.3360636121755671 0.0 0.0 
r 2.1797507365970645 -4.303576275045298 2.8481992568490275 2.3726554003340645 1.3103204687296142 0.0 0.0 
r 2.1734148583773436 -4.304558362416256 2.8526623545470486 2.3557961344569764 1.2891091212763894 0.0 0.0 
r 2.167106832302945 -4.305486306478686 2.8570279734815345 2.3449969964384016 1.272839688131425 0.0 0.0 
r 2.161063226843706 -4.306368191634281 2.8611682860182897 2.339265123920921 1.2617837359706021 0.0 0.0 
r 2.155504581682959 -4.307214811590962 2.8649705440890103 2.3379755424694446 1.2560804307232478 0.0 0.0 
r 2.1506253537057893 -4.308036639058216 2.8683394632994013 2.340760272641049 1.2557423820407054 0.0 0.0 
r 2.14658549373273 -4.308841317885795 2.871198943315007 2.3474679220377865 1.2606598203910995 0.0 0.0 
r 2.143504628869165 -4.309630481805985 2.8734918676149417 2.358133154126338 1.2706057196941358 0.0 0.0 
r 2.1414593988782853 -4.31039847747082 2.8751796343905096 2.3729688303745506 1.2852397721493185 0.0 0.0 
r 2.140484637975142 -4.311133466686606 2.876241390698298 2.3923887548297658 1.304112777322403 0.0 0.0 
r 2.1405730436662833 -4.311814394126901 2.8766714033637864 2.417048991571095 1.326674293245719 0.0 0.0 
r 2.141682311208165 -4.312418021350668 2.8764795818002336 2.447903218789912 1.352283305569714 0.0 0.0 
r 2.1437398921260677 -4.312918744774288 2.8756885044019507 2.48629931128518 1.3802230675033553 0.0 0.0 
r 2.1466489977892933 -4.313292600126413 2.8743329857866593 2.5340861333091294 1.4097221615404885 0.0 0.0 
r 2.1502959481512636 -4.31351981126887 2.872458160396838 2.593733028037999 1.4399761808584988 0.0 0.0 
r 2.154555944708336 -4.313586181117577 2.8701178657925936 2.6684084543532394 1.4701737129587187 0.0 0.0 
r 2.1592978046971276 -4.313484299749846 2.86737364477627 2.761815201461055 1.4995188717447703 0.0 0.0 
r 2.164388994407088 -4.313213638847666 2.8642928528840734 2.8774637074048406 1.5272580907590618 0.0 0.0 
r 2.1696992438918006 -4.3127805536235915 2.860947461738914 3.0167626221887884 1.5526947002347218 0.0 0.0 
r 2.175103377820091 -4.3121976446934145 2.857412723088629 0.0342204051495505 -1.5663860162093592 0.0 0.0 
r 2.180483814752033 -4.3114831181612026 2.853765833556269 0.20102429710308525 -1.547338525007561 0.0 0.0 
r 2.1857316420973745 -4.31065974178916 2.8500848910382097 0.35697188361908155 -1.5322066203807696 0.0 0.0 
r 2.190749320254943 -4.309755311953933 2.846447820659582 0.483431364867566 -1.521344781237222 0.0 0.0 
r 2.19545159838257 -4.308802498437032 2.8429316550902746 0.5674851208141828 -1.5150105567650518 0.0 0.0 
r 2.199767736394411 -4.30783973979428 2.8396116659853554 0.6020884884469629 -1.5133599195408234 0.0 0.0 
r 2.2036422417622576 -4.306911797098064 2.836560951794499 0.5828690633875107 -1.5164405537357728 0.0 0.0 
r 2.2070345774848708 -4.3060676949653125 2.8338484547158 0.5060962296511428 -1.5241861282192055 0.0 0.0 
r 2.20992108595226 -4.3053609541945415 2.83153733808364 0.3709310964526009 -1.536410788716644 0.0 0.0 
r 2.2122908847919613 -4.304846823476796 2.8296845886214634 0.1868533538073853 -1.5528020194641077 0.0 0.0 
r 2.21414711045988 -4.304577971797135 2.828336154950291 3.1212038335783054 1.5686733309312362 0.0 0.0 
r 2.2155027541976016 -4.30460072360507 2.8275258596021624 2.9239278290484316 1.5453966243360475 0.0 0.0 
r 2.2163798879937504 -4.304948844151923 2.8272704152053616 2.7585376592430433 1.51964206297416 0.0 0.0 
r 2.216804587286741 -4.305640533877161 2.827569844577158 2.629817384658613 1.4921850952369824 0.0 0.0 
r 2.216808910449097 -4.306674003628881 2.828402669869029 2.5327964364028714 1.4638689889758167 0.0 0.0 
r 2.216427905840104 -4.30802705821663 2.8297276230635644 2.4602073837617042 1.4355674756007586 0.0 0.0 
r 2.215699116020469 -4.309658468451909 2.831485487270091 2.405731455674347 1.4081499104464508 0.0 0.0 
r 2.2146645966730105 -4.31151043279373 2.833600449487363 2.3646452288867756 1.3824439778239772 0.0 0.0 
r 2.213372205535658 -4.313514087772178 2.8359844529398774 2.3336181070324544 1.3592046157813087 0.0 0.0 
r 2.2118771507477475 -4.315595271375962 2.8385415882481135 2.3103569593136735 1.3390949467632096 0.0 0.0 
r 2.2102447135875165 -4.3176830254370016 2.8411738740570724 2.293290551380717 1.3226697823755416 0.0 0.0 
r 2.2085520093185487 -4.319715043074896 2.8437849803430626 2.2813511807232163 1.3103728667624144 0.0 0.0 
r 2.2068867517469912 -4.321642634371542 2.8462850886865168 2.2738494373422715 1.3025385286739721 0.0 0.0 
r 2.2053479206094404 -4.3234342174147775 2.8485931819524124 2.270364936133765 1.2993929152324388 0.0 0.0 
r 2.2040421872667353 -4.325076003741877 2.8506393580200147 2.270703948019856 1.3010616574625724 0.0 0.0 
r 2.203081177793597 -4.3265716535415875 2.852365663734365 2.2748894098051498 1.3075711369461032 0.0 0.0 
r 2.2025740486608045 -4.327936569533572 2.8537253400423723 2.2831810575514466 1.3188496313896598 0.0 0.0 
r 2.2026224790848516 -4.329195151189254 2.8546830030078114 2.296143504827272 1.334724964663951 0.0 0.0 
r 2.2033126518345028 -4.330375005664219 2.855214228345515 2.31477375480703 1.3549163192939158 0.0 0.0 
r 2.2047077196840306 -4.331501153889413 2.8553049416214757 2.3407471692156703 1.3790276514342859 0.0 0.0 
r 2.2068430890575694 -4.332591923638002 2.854950615657951 2.3768784941888432 1.4065396136032384 0.0 0.0 
r 2.209720110591523 -4.333654028266576 2.8541557939133426 2.4280239846873704 1.4368041310057647 0.0 0.0 
r 2.2133066995217585 -4.3346850124903185 2.8529355407062407 2.502895088470213 1.469052435780474 0.0 0.0 
r 2.2175330300529867 -4.335669230799438 2.8513146731921717 2.617898811222902 1.5024056585765184 0.0 0.0 
r 2.222299436653166 -4.3365816764284775 2.849326365320927 2.804381807076208 1.5359018280408536 0.0 0.0 
r 2.227477088833071 -4.337391115251002 2.8470145102429796 3.113686444548689 1.568537190404043 0.0 0.0 
r 2.2329173603746786 -4.338059869544876 2.844428573938138 0.42325785867893245 -1.54228896735602 0.0 0.0 
r 2.23845761593945 -4.33855063263313 2.8416263480733344 0.8742804616716693 -1.5143507083376502 0.0 0.0 
r 2.2439319181274175 -4.338829175098838 2.8386706976520335 1.1791615930460038 -1.4901092747157119 0.0 0.0 
r 2.2491781188028095 -4.338865815366921 2.8356273430943193 1.3537064590424805 -1.4703070666708826 0.0 0.0 
r 2.254043953928419 -4.338637636404242 2.83256373765989 1.4482219080371392 -1.4555358827912057 0.0 0.0 
r 2.258392606454052 -4.338128967011263 2.829546608168338 1.4923478317843035 -1.4462222769044282 0.0 0.0 
r 2.262105178401309 -4.337333243490091 2.826642255449479 1.4990745747988687 -1.442621793901115 0.0 0.0 
r 2.26508127125142 -4.3362520940333535 2.8239153795346623 1.4709834533773014 -1.4448203971629168 0.0 0.0 
r 2.2672386512540905 -4.3348949217828565 2.8214286413837644 1.4023617563808575 -1.452735008328942 0.0 0.0 
r 2.2685130693983444 -4.333279534059399 2.8192428546798536 1.2777478366688304 -1.4661256593437575 0.0 0.0 
r 2.268845599744072 -4.331426973468085 2.817419611315343 1.0710467577624245 -1.4845994242799976 0.0 0.0 
r 2.268189578554288 -4.3293642809348345 2.8160188462454396 0.7605907046115228 -1.5076305914576908 0.0 0.0 
r 2.2665034166188347 -4.327125287380948 2.815103215704422 0.3849427823219335 -1.5345813376496578 0.0 0.0 
r 2.2637506690674885 -4.324746226639788 2.8147334683835368 0.05244026797258788 -1.56471410181687 0.0 0.0 
r 2.2599033372605613 -4.322269056567816 2.814968491924079 2.9620180533633143 1.544351748261996 0.0 0.0 
r 2.2549438692825685 -4.319742580486006 2.8158641601135117 2.814722215986646 1.5102454086840338 0.0 0.0 
r 2.248873161020848 -4.317223625947897 2.817468465874438 2.72294178029563 1.4753645585273514 0.0 0.0 
r 2.2417181664997017 -4.314779199941462 2.8198177418171624 2.666140628190613 1.4404761632448522 0.0 0.0 
r 2.2335397379896764 -4.312486244851843 2.822930831177487 2.6319575527593866 1.406289749089149 0.0 0.0 
r 2.2244401469031265 -4.3104314015380565 2.826803817620619 2.612981150300941 1.3734464307742869 0.0 0.0 
r 2.2145694457344045 -4.308709388437489 2.8314048649161307 2.6045851652399747 1.342523385291864 0.0 0.0 
r 2.204127055090549 -4.307418120640545 2.8366701079311327 2.6037335502117096 1.3140441479739826 0.0 0.0 
r 2.1933603910581394 -4.3066523795707425 2.8425012100843485 2.6083281535499196 1.2884961184662505 0.0 0.0 
r 2.182558023288588 -4.30649567614603 2.8487658852831994 2.6168625967532835 1.2663484239770235 0.0 0.0 
r 2.1720364074671754 -4.307008169003925 2.855300214210267 2.62822985887944 1.2480646757953164 0.0 0.0 
r 2.16212489073555 -4.308216249687911 2.861913984865825 2.6416232487614795 1.234113450576084 0.0 0.0 
r 2.153147138688225 -4.3101018190867135 2.8683979092088716 2.656475231575283 1.224965832980987 0.0 0.0 
r 2.1454014901362246 -4.312594887659602 2.87453301635277 2.6724244130984953 1.2210739497428993 0.0 0.0 
r 2.1391435265824903 -4.315572267871855 2.88010122225508 2.6893007428661337 1.2228458223690715 0.0 0.0 
r 2.1345697296402286 -4.3188606530788345 2.884895593122502 2.707121338990697 1.2306019103314512 0.0 0.0 
r 2.1318111168370084 -4.322249801145433 2.8887291239294175 2.7260931424110963 1.244527643039955 0.0 0.0 
r 2.1309241777630485 -4.325509835937418 2.891445234976329 2.7466323878548153 1.2646242485053734 0.0 0.0 
r 2.1318933203900676 -4.328412003659064 2.892923085642159 2.7693979950736076 1.2906656961606424 0.0 0.0 
r 2.134634905061459 -4.330750634783268 2.89308338925096 2.7953531885955303 1.3221744267458875 0.0 0.0 
r 2.139007160460989 -4.332358848742373 2.8918890300190685 2.8258639070512945 1.3584247947010568 0.0 0.0 
r 2.144818281451186 -4.333121101013299 2.889347842374011 2.862847653834583 1.398471186441135 0.0 0.0 
r 2.1518418820121097 -4.332977662118614 2.885509590668023 2.9090185634036243 1.4412107777224015 0.0 0.0 
r 2.1598298174791157 -4.33192262540137 2.8804628330213906 2.9682337272062997 1.485455871955026 0.0 0.0 
r 2.168522032928622 -4.329997540472648 2.8743320796948457 3.0459594152882468 1.5300113591398445 0.0 0.0 
r 2.177659542163698 -4.327282250440827 2.8672716460556735 0.00813103411766438 -1.5678461263261831 0.0 0.0 
r 2.1869936432049673 -4.323884180738257 2.859459417027349 0.1473049593397741 -1.5259487578758064 0.0 0.0 
r 2.1962932385860174 -4.319927705708331 2.851089783534598 0.33032301984932755 -1.4867682014584918 0.0 0.0 
r 2.2053493377866373 -4.31554593592537 2.842367655373448 0.5564898588710205 -1.4510379835602623 0.0 0.0 
r 2.2139803579705397 -4.310873499451301 2.8335004277079827 0.805370215471995 -1.4193564556777665 0.0 0.0 
r 2.2220319562093067 -4.306039844461932 2.824691445633932 1.0408446490919785 -1.3921996809534964 0.0 0.0 
r 2.2293789652956617 -4.3011658993483195 2.816133369335124 1.2345204728807941 -1.369939726455752 0.0 0.0 
r 2.2359245482560324 -4.296360238305468 2.8080018412067735 1.378803470999386 -1.3528558545008478 0.0 0.0 
r 2.2415999047727193 -4.291717995210966 2.8004506649451795 1.479425049127999 -1.3411390521716273 0.0 0.0 
r 2.24636278098143 -4.287317722214425 2.793606085878192 1.5451224491825157 -1.334893399476104 0.0 0.0 
r 2.2501967539418843 -4.283220622858245 2.787562966890481 -1.5585862187191555 -1.3341246025276705 0.0 0.0 
r 2.253111499879464 -4.2794713164662275 2.7823823036636868 -1.5440704793973268 -1.3387267318408789 0.0 0.0 
r 2.255140934372364 -4.276097139548897 2.778089723317868 -1.5510854183420304 -1.348463259361484 0.0 0.0 
r 2.2563417131390797 -4.273109884351745 2.7746767415750737 1.5612712876777493 -1.3629465161374141 0.0 0.0 
r 2.2567914737156807 -4.270505282011733 2.772101072961232 1.5064083313868197 -1.3816210383078393 0.0 0.0 
r 2.256589570073116 -4.268268996129565 2.770291577933696 1.4193338650959473 -1.4037546774378213 0.0 0.0 
r 2.255849534177985 -4.266376712713628 2.7691542729675698 1.2902180355938517 -1.4284399858159553 0.0 0.0 
r 2.2547008891709606 -4.264798643472167 2.768576051200536 1.1086381390397793 -1.4546211593465213 0.0 0.0 
r 2.2532808115840637 -4.263503905098367 2.7684353643195 0.8734668681231893 -1.4811269400587488 0.0 0.0 
r 2.251729829930151 -4.262460527427638 2.7686062226777444 0.6089724618493597 -1.5067373966012945 0.0 0.0 
r 2.250185417178166 -4.261637757458003 2.7689654319040984 0.36144472065201905 -1.5302543254482877 0.0 0.0 
r 2.2487755204106774 -4.261010069163614 2.769401057897058 0.16641568430024706 -1.550556715000678 0.0 0.0 
r 2.247611343764957 -4.260557188127242 2.7698176711783167 0.031380828399599985 -1.5666839507769372 0.0 0.0 
r 2.2467844031049484 -4.260264880493837 2.7701390813815743 3.0904443344217074 1.5637174704051287 0.0 0.0 
