l -2.361832953003479 -0.2843135873086803 -1.289504580431504 2.86675143280186 -1.3736494366648582 0.0 0.0 
l -2.3656077960229798 -0.28513352913620743 -1.2907047899983906 2.8708685782037824 -1.376160546453875 0.0 0.0 
l -2.371390088723537 -0.28647697224712343 -1.2924537184939575 2.876970476190598 -1.3798298476504764 0.0 0.0 
l -2.3792694000447714 -0.2884556348947092 -1.2946893438948797 2.8849646022878597 -1.3845505587929787 0.0 0.0 
l -2.389284247614171 -0.2911767396611746 -1.297333679104609 2.8947170674649754 -1.390190701319918 0.0 0.0 
l -2.401377184268563 -0.29472221595160153 -1.300293091665576 2.9060689333926204 -1.396610612505263 0.0 0.0 
l -2.415365226554795 -0.2991295464097327 -1.3034632569922049 2.9188126250756086 -1.403663916779438 0.0 0.0 
l -2.430926207723921 -0.3043792055739954 -1.3067327095133727 2.9327091433786676 -1.4112110788122858 0.0 0.0 
l -2.447616207538668 -0.3103924417969544 -1.309988778011609 2.9474953893304114 -1.4191259753151335 0.0 0.0 
l -2.4649072777520176 -0.3170363123952 -1.3131239989115944 2.9628840094578095 -1.42729999052281 0.0 0.0 
l -2.4822381240995703 -0.3241369263876805 -1.3160406938505633 2.978590513363494 -1.4356441402484026 0.0 0.0 
l -2.4990723184261245 -0.3314968944344138 -1.3186573570871518 2.9943062739701265 -1.4440740309730724 0.0 0.0 
l -2.514943651355753 -0.33891321540104385 -1.320911990887658 3.00973241588629 -1.4525169619295974 0.0 0.0 
l -2.5294824428173723 -0.3461846139673563 -1.3227685171533743 3.0245389268434666 -1.4608682617900426 0.0 0.0 
l -2.5424258184971897 -0.353124032119168 -1.3242148284150674 3.038416600015635 -1.4690078235060355 0.0 0.0 
l -2.5536207641009723 -0.35957168015747243 -1.3252599933181675 3.051046779706433 -1.4767577238076566 0.0 0.0 
l -2.562997961399202 -0.36538162420075 -1.3259369907792857 3.0621108154137984 -1.4838627858121627 0.0 0.0 
l -2.57055846974228 -0.3704253733049716 -1.3262988341023552 3.0713166471253057 -1.4899952640702097 0.0 0.0 
l -2.5763332330702333 -0.3745792621940697 -1.3264112721257573 3.0784179040736444 -1.4947735607545578 0.0 0.0 
l -2.58038178701722 -0.37772964481847776 -1.3263519023246928 3.0832444911677745 -1.4978189997187674 0.0 0.0 
l -2.58277822645672 -0.3797725021068559 -1.326205923379272 3.0857386621515155 -1.498856495509801 0.0 0.0 
l -2.583587233401951 -0.38060981289610196 -1.32605799495659 3.085980305627704 -1.4978117760631962 0.0 0.0 
l -2.582877351169686 -0.38016480186175255 -1.3259900472379065 3.084204201462953 -1.4948768570095727 0.0 0.0 
l -2.5807197331646057 -0.3783928592399055 -1.3260739339773617 3.0807910600893806 -1.4904879160271234 0.0 0.0 
l -2.5771990356016303 -0.3752960405925445 -1.3263670254574529 3.076241024901922 -1.48523126476788 0.0 0.0 
l -2.572411135014706 -0.3709291105526638 -1.3269054186966511 3.0711204150261278 -1.4797076571314896 0.0 0.0 
l -2.56647996954027 -0.36541478393475113 -1.3276992066269901 3.0660109258790893 -1.4744377840407688 0.0 0.0 
l -2.5595752716839533 -0.3589467554102885 -1.3287345776950026 3.061434155034656 -1.4697904102977029 0.0 0.0 
l -2.5519002470419174 -0.35177733903597164 -1.3299698235114992 3.0578135757840976 -1.4659958872383985 0.0 0.0 
l -2.543705782756922 -0.3442107106581466 -1.331340543765977 3.055430960743572 -1.4631603363622165 0.0 0.0 
l -2.535295448848453 -0.3365864253629904 -1.3327672770174923 3.0544008925771453 -1.4612884710722582 0.0 0.0 
l -2.5270004916814877 -0.32924951720301227 -1.3341602289174987 3.054679253257035 -1.4603196492793098 0.0 0.0 
l -2.519179810890136 -0.3225297291751698 -1.3354335126628158 3.056062617025842 -1.4601251456412705 0.0 0.0 
l -2.5122061327136986 -0.3167251452663393 -1.3365131044426704 3.058214633376886 -1.4605104806044389 0.0 0.0 
l -2.5064189762751576 -0.31207127714517874 -1.3373440427241257 3.060699362871794 -1.461212729684623 0.0 0.0 
l -2.502113322318239 -0.30873674370044535 -1.337897487224871 3.063022650202949 -1.4619014270248427 0.0 0.0 
l -2.4995093758898084 -0.30681460448482734 -1.3381722606733402 3.0646769963133793 -1.4621964289758633 0.0 0.0 
l -2.4987445583464347 -0.3063231122703777 -1.3381978108862347 3.0651928602928376 -1.4617194927381476 0.0 0.0 
l -2.499845467222072 -0.3072017848627361 -1.338027941166339 3.0641849536124637 -1.4601659646063703 0.0 0.0 
l -2.502745070546536 -0.3093253452316262 -1.3377375366841477 3.06139822050387 -1.4573930245441482 0.0 0.0 
l -2.507307012871662 -0.3125205998683555 -1.3374167539323063 3.0567271001674747 -1.453449970281846 0.0 0.0 
l -2.5133235264399767 -0.3165719586971841 -1.3371595915510779 3.0502241357344273 -1.4485651189991633 0.0 0.0 
l -2.520554965403611 -0.32124823239247063 -1.3370552851819433 3.0420985245728644 -1.4430854947253378 0.0 0.0 
l -2.5287383357016644 -0.3263067422560051 -1.3371837697824787 3.032680783141578 -1.4373775451554602 0.0 0.0 
l -2.5376185954190063 -0.331524852033922 -1.3376034339042886 3.022390171226151 -1.4317637244121393 0.0 0.0 
l -2.5469610959664832 -0.33671118303840386 -1.3383482195711722 3.011688461798567 -1.4264831988202258 0.0 0.0 
l -2.556561053027765 -0.34171868535562905 -1.3394241814746368 3.0010361116637676 -1.4216872350456113 0.0 0.0 
l -2.5662592919897 -0.34645883632289487 -1.3408101933222647 2.990856337392229 -1.4174557351814399 0.0 0.0 
l -2.5759369470450917 -0.35089781410827536 -1.3424622147354754 2.9815105467304854 -1.4138256429077696 0.0 0.0 
l -2.585520521119794 -0.35505936422011924 -1.3443177468901724 2.9732847334605346 -1.4108023106418892 0.0 0.0 
l -2.5949739755294545 -0.3590142501484908 -1.34630273935822 2.9663781792986037 -1.408380964495962 0.0 0.0 
l -2.604293522092614 -0.36286916072378 -1.3483390629464749 2.9609084653075306 -1.4065549813187312 0.0 0.0 
l -2.613491507650593 -0.3667487049365151 -1.350350023841825 2.9569255784749 -1.4053257382417825 0.0 0.0 
l -2.6225835813885445 -0.3707769510584541 -1.3522664006430896 2.954402408717184 -1.4046923774629927 0.0 0.0 
l -2.6315744127750507 -0.3750638372171227 -1.3540274840747601 2.9532656949920972 -1.404661059602887 0.0 0.0 
l -2.640443588698722 -0.3796849764318236 -1.3555852279431693 2.9534013949112383 -1.405235711771786 0.0 0.0 
l -2.6491388335075614 -0.38467499684490386 -1.3569025173242655 2.9546647480922457 -1.4064138129470758 0.0 0.0 
l -2.6575652249579718 -0.3900126232305198 -1.357953691661062 2.956891130340883 -1.4081812674975178 0.0 0.0 
l -2.6655980899438703 -0.39562910191960515 -1.358722449148782 2.9599064509238175 -1.410509353304201 0.0 0.0 
l -2.6730817254048 -0.401404031982228 -1.3592006265736671 2.963531571691006 -1.4133481158271521 0.0 0.0 
l -2.67984209376395 -0.40717223119279583 -1.3593882118975982 2.9675931412799406 -1.4166299992044644 0.0 0.0 
l -2.6857008715079167 -0.4127387550427837 -1.3592910042174284 2.9719249998980604 -1.420267154953732 0.0 0.0 
l -2.690485262159687 -0.41788826308851973 -1.3589211863736865 2.976375188541348 -1.4241586378162339 0.0 0.0 
l -2.6940411435774454 -0.4224038365773976 -1.3582960564818352 2.9808090260908275 -1.428194647681327 0.0 0.0 
l -2.696239198624685 -0.42607669701563544 -1.3574395522415807 2.985109338111407 -1.432261112992307 0.0 0.0 
l -2.696981302897967 -0.4287215139804556 -1.3563814284231033 2.9891757282892253 -1.4362448163322419 0.0 0.0 
l -2.696204818902557 -0.43018920957070284 -1.355156627238509 2.992927135179814 -1.4400408929332482 0.0 0.0 
l -2.6938840175567784 -0.43037463682545096 -1.353805057817663 2.996293748520162 -1.4435529142869188 0.0 0.0 
l -2.6900294709047192 -0.4292217580200983 -1.3523702137874323 2.9992339890817714 -1.4467026710875242 0.0 0.0 
l -2.6846921075401817 -0.42672646894267297 -1.3508998618660204 3.0017067396260377 -1.449418428046199 0.0 0.0 
l -2.6779550901115794 -0.4229384453859687 -1.349438893996102 3.0036967509668164 -1.4516522472777205 0.0 0.0 
l -2.6699362964670135 -0.41794890124963546 -1.348034362511111 3.0051742513214594 -1.4533519804400068 0.0 0.0 
l -2.660784313454883 -0.41188718496000726 -1.346731125808636 3.0061293078195277 -1.454484251135391 0.0 0.0 
l -2.6506761985143257 -0.4049142823974175 -1.3455696713677539 3.0065563658945718 -1.455023714353309 0.0 0.0 
l -2.639812559041516 -0.39721176059976526 -1.3445853120225477 3.0064555972642566 -1.4549534458746372 0.0 0.0 
l -2.6284125123961286 -0.3889733074834122 -1.3438065177945606 3.005831193960882 -1.4542632290040727 0.0 0.0 
l -2.616716584946481 -0.3804006792257873 -1.3432555171116753 3.0046912629782048 -1.4529501351228389 0.0 0.0 
l -2.6049766222459025 -0.37169818340854993 -1.342944053461909 3.0030539834819376 -1.4510216842018042 0.0 0.0 
l -2.5934546103346925 -0.3630658936652621 -1.3428758407924963 3.0009470894716275 -1.4484976308414492 0.0 0.0 
l -2.5824196499624805 -0.3546997520963292 -1.3430447999287423 2.998406947687211 -1.4454091303182541 0.0 0.0 
l -2.5721429440648764 -0.34678954940108003 -1.3434347173025427 2.9954836430429497 -1.4418041298774535 0.0 0.0 
l -2.5628927597761186 -0.33951856474232645 -1.344018895911889 2.9922428040080344 -1.4377498398107635 0.0 0.0 
l -2.5549245673047754 -0.3330595785671501 -1.344761116246229 2.9887647184578237 -1.4333341407213984 0.0 0.0 
l -2.548467193766549 -0.32757045099513094 -1.3456163062680029 2.9851398941760294 -1.4286628243487633 0.0 0.0 
l -2.5437051809301847 -0.32318926614955296 -1.346530806856414 2.9814729595761253 -1.4238646840975113 0.0 0.0 
l -2.540761467629724 -0.3200283453572574 -1.3474441807142332 2.9778737156344315 -1.4190827771677772 0.0 0.0 
l -2.5396708351290913 -0.31816368908407505 -1.3482898521200395 2.9744528427123074 -1.4144723206898933 0.0 0.0 
l -2.540364050391919 -0.31762702806751286 -1.348997614508684 2.971318581305164 -1.4101945275646635 0.0 0.0 
l -2.542657620884161 -0.31839834944458056 -1.3494958718768992 2.9685658919886455 -1.406404376455073 0.0 0.0 
l -2.5462556348510152 -0.3204018598451232 -1.3497136714056936 2.966271432112136 -1.4032415763874884 0.0 0.0 
l -2.550762170167687 -0.32350223088910773 -1.349584076674511 2.964490182166595 -1.40082314308361 0.0 0.0 
l -2.5557153279603764 -0.3275125573897517 -1.3490468206149198 2.963250240001224 -1.3992305054722816 0.0 0.0 
l -2.5606108813856907 -0.332190407837254 -1.3480541229852934 2.962548893665507 -1.398503712853831 0.0 0.0 
l -2.5649473118209514 -0.33725422491945056 -1.3465735343557066 2.9623588280082864 -1.398640574402857 0.0 0.0 
l -2.568261763141131 -0.3423967686941396 -1.3445923387946073 2.962627240104926 -1.3995934024668888 0.0 0.0 
l -2.5701556438559114 -0.3472985389635018 -1.3421214991242598 2.9632853825300955 -1.401278465985703 0.0 0.0 
l -2.5703104411214968 -0.3516420574669523 -1.3391984218683373 2.9642460736417475 -1.4035733968980353 0.0 0.0 
l -2.568501110210677 -0.35512995687581606 -1.33588888841595 2.965418752479498 -1.4063389604431815 0.0 0.0 
l -2.5645952099650837 -0.35749979416609573 -1.3322854442805547 2.9667142138734017 -1.4094263656832937 0.0 0.0 
l -2.558545097922845 -0.35853108231938496 -1.3285068899063543 2.9680476305439725 -1.4126844672916916 0.0 0.0 
l -2.550381874885347 -0.3580620992798743 -1.3246894424939515 2.9693501307426247 -1.4159785307384212 0.0 0.0 
l -2.5402005075686627 -0.35598973814045926 -1.320982026179342 2.9705684802393835 -1.4191906584305172 0.0 0.0 
l -2.5281507088611277 -0.352276549393308 -1.3175358720450614 2.9716712488192147 -1.4222297544936744 0.0 0.0 
l -2.5144267778602796 -0.34695344192639266 -1.3144932471624224 2.972651472933807 -1.4250329679821054 0.0 0.0 
l -2.4992534374234685 -0.3401129561437349 -1.3119784927842755 2.9735266696190132 -1.4275672142208058 0.0 0.0 
l -2.4828924359375897 -0.33191625563762156 -1.3100872761403184 2.9743380859955444 -1.4298247552959977 0.0 0.0 
l -2.465630169215253 -0.3225810746473782 -1.3088791965316562 2.975149843507711 -1.4318248043216277 0.0 0.0 
l -2.4477823184001624 -0.312375436111657 -1.3083744285667294 2.9760423715088358 -1.4336041666659798 0.0 0.0 
l -2.4296954071219266 -0.3016060026170534 -1.3085534488943131 2.977105187473437 -1.4352139204833554 0.0 0.0 
l -2.4117360125119114 -0.2905971993311901 -1.3093603065532962 2.9784308470748098 -1.4367119575462186 0.0 0.0 
l -2.3942978388251737 -0.2796798974336173 -1.310709833319113 2.9801049303489475 -1.4381575279355423 0.0 0.0 
l -2.377781165201184 -0.26916631892105186 -1.3124974477242195 2.9821940862162277 -1.4396027569927539 0.0 0.0 
l -2.3625786703888965 -0.2593343779640018 -1.3146093244331685 2.9847380775302557 -1.4410869117917442 0.0 0.0 
l -2.349045163337623 -0.25040917253376394 -1.3169327422166142 2.987743231982659 -1.4426309536756103 0.0 0.0 
l -2.3374694502882534 -0.24255181492048036 -1.3193651327905713 2.991176175888005 -1.4442323350299355 0.0 0.0 
l -2.3280406710008794 -0.23585088486882055 -1.3218203642450497 2.9949657424596112 -1.4458640931433995 0.0 0.0 
l -2.3208249578038456 -0.23032105364275476 -1.3242326863495493 2.9990116266245175 -1.447480456337788 0.0 0.0 
l -2.3157543726277723 -0.22590809668461503 -1.3265571247505128 3.003186526373012 -1.4490123610206935 0.0 0.0 
l -2.3126285456774056 -0.22249602654403136 -1.3287693134827165 3.0073581168191037 -1.4503831888435716 0.0 0.0 
l -2.311134852506662 -0.21992232887394958 -1.3308607111829998 3.011392910861139 -1.4515081673902275 0.0 0.0 
l -2.3108820538600288 -0.21799419056389036 -1.3328351586327927 3.0151781777963143 -1.4523105070615556 0.0 0.0 
l -2.3114435791674306 -0.21650935111070368 -1.334702723406215 3.0186261737470903 -1.4527256924937648 0.0 0.0 
l -2.3123986829135 -0.21527389720191004 -1.3364754130815988 3.021682649823017 -1.452709619318999 0.0 0.0 
l -2.313373412383916 -0.21412142335762657 -1.3381620279565258 3.024324932845525 -1.452240308630834 0.0 0.0 
l -2.3140628436671045 -0.21292307463203766 -1.3397654374915864 3.026558980526036 -1.4513203783602933 0.0 0.0 
l -2.314267858946134 -0.21160382413452852 -1.3412803763050418 3.0284161557998583 -1.4499795175774266 0.0 0.0 
l -2.313897935252281 -0.21014367629421354 -1.342692285640347 3.029942076321997 -1.4482674625649188 0.0 0.0 
l -2.312982631404644 -0.20857951109672482 -1.3439789748564852 3.03119109875121 -1.4462535700167256 0.0 0.0 
l -2.311655004223483 -0.20699363927739586 -1.3451137496249523 3.0322130418419855 -1.444017874707514 0.0 0.0 
l -2.310131512070117 -0.20550490872288216 -1.346064407750134 3.033050245409071 -1.4416500939281571 0.0 0.0 
l -2.3086800328660875 -0.20424858400125667 -1.346800039891578 3.0337346010233412 -1.4392469459866526 0.0 0.0 
l -2.3075832002704577 -0.20336036313251493 -1.3472927766936118 3.034278085629415 -1.4369005090053109 0.0 0.0 
l -2.307101241377999 -0.20296180268078126 -1.3475192428766296 3.0346782832886188 -1.4347021771789434 0.0 0.0 
l -2.307424092066178 -0.20314240700068736 -1.347461891633051 3.0349173227287727 -1.432734054058907 0.0 0.0 
l -2.3086568015603683 -0.2039530139107214 -1.3471122508875601 3.0349628893016645 -1.431064230545223 0.0 0.0 
l -2.310801179648916 -0.2054030744949834 -1.3464670189561518 3.034779298031377 -1.4297516596859243 0.0 0.0 
l -2.31375608626811 -0.2074586649713826 -1.3455296324752593 3.0343312586946527 -1.4288417309671066 0.0 0.0 
l -2.3173285577671314 -0.21004615472009133 -1.3443085995636324 3.033588760051991 -1.4283623708814819 0.0 0.0 
l -2.321257562295294 -0.21305892575835528 -1.342816948229237 3.032531672456809 -1.4283266360046747 0.0 0.0 
l -2.325235658002441 -0.2163642782512992 -1.3410704537220897 3.031155564531433 -1.4287332275426512 0.0 0.0 
l -2.328928261874563 -0.21980875698397268 -1.3390872175269637 3.0294691661359043 -1.4295620576601575 0.0 0.0 
l -2.332009690767962 -0.22322961555356574 -1.3368897355251572 3.027492140024687 -1.4307745959555132 0.0 0.0 
l -2.334155962266496 -0.22645242789869363 -1.334504019030259 3.025254384395225 -1.4323201883412553 0.0 0.0 
l -2.335066441513101 -0.2292994011014437 -1.3319619293816278 3.0227899808844025 -1.434133249418984 0.0 0.0 
l -2.334462157986369 -0.23159007510094468 -1.3293025500328701 3.020122175099976 -1.436127268252088 0.0 0.0 
l -2.332086318384942 -0.2331439433680718 -1.3265737103009514 3.0172665065600235 -1.4382112991407954 0.0 0.0 
l -2.3277068037387894 -0.2337851953821782 -1.3238332610310692 3.014220603851424 -1.44028543412834 0.0 0.0 
l -2.321116606453884 -0.2333486636468791 -1.3211488719472386 3.010958296443828 -1.4422432732926387 0.0 0.0 
l -2.3121384482970817 -0.2316884731756461 -1.3185972193757514 3.0074296884951353 -1.4439787973530556 0.0 0.0 
l -2.300640760391443 -0.22869630360462923 -1.3162577361683998 3.0035680279083605 -1.445392805084336 0.0 0.0 
l -2.286544371624188 -0.2243101203250286 -1.31421006363262 2.999289897738062 -1.4463947155193084 0.0 0.0 
l -2.2698445525848108 -0.21853077025980325 -1.312526994813403 2.9945075913279164 -1.4469094907320617 0.0 0.0 
l -2.2506331735710647 -0.21143373974532514 -1.3112674964180155 2.9891385791914264 -1.4468790378523446 0.0 0.0 
l -2.22912319712649 -0.2031753819857218 -1.3104707279260501 2.983124485148554 -1.446272573092039 0.0 0.0 
l -2.2056720049313427 -0.19399144221036638 -1.31015207169995 2.9764418324445545 -1.4450842375092579 0.0 0.0 
l -2.180796825111546 -0.18418676860845073 -1.3103012075937817 2.96911302829764 -1.4433357367486246 0.0 0.0 
l -2.155180564424546 -0.17411855722862787 -1.3108823200639304 2.961223198210693 -1.4410813656342985 0.0 0.0 
l -2.1296550599924813 -0.1641695269850586 -1.3118404469889775 2.9529156994286887 -1.4383970467856146 0.0 0.0 
l -2.1051628321679674 -0.15472243817053874 -1.3131047528779543 2.944395244574395 -1.4353830286099563 0.0 0.0 
l -2.082689630324678 -0.14613028834009098 -1.3145966525657298 2.935912430889061 -1.4321529790909757 0.0 0.0 
l -2.0631928003996345 -0.13869483411492872 -1.3162383859628335 2.92774602052225 -1.4288262264689817 0.0 0.0 
l -2.0475068582476403 -0.13264736849380504 -1.3179573669206768 2.9201776405481867 -1.425519372937675 0.0 0.0 
l -2.03627636420524 -0.12814054380556988 -1.3196936033287456 2.9134614707813555 -1.422334542717732 0.0 0.0 
l -2.029906679822 -0.12524842505388853 -1.3214013652735965 2.907806113366045 -1.4193550138512239 0.0 0.0 
l -2.028547837593625 -0.12397322516945235 -1.3230505698468393 2.9033549720721004 -1.4166396927110156 0.0 0.0 
l -2.0321109668399244 -0.12425846726157987 -1.3246248661588391 2.9001834025991693 -1.41422190928142 0.0 0.0 
l -2.0403309368321136 -0.12601165978993994 -1.326118636196137 2.8982994433517826 -1.4121103858790762 0.0 0.0 
l -2.052798512548126 -0.12911493789112616 -1.327531711198203 2.8976596915914787 -1.4102959576434135 0.0 0.0 
l -2.069037782081185 -0.1334478616550535 -1.3288641771548368 2.898187419532974 -1.4087574810167423 0.0 0.0 
l -2.088545455734321 -0.13889882170800144 -1.3301105892818743 2.8997907091447432 -1.4074714059856421 0.0 0.0 
l -2.110855051858625 -0.14538360117056018 -1.3312580410071138 2.9023744896839263 -1.4064162104349034 0.0 0.0 
l -2.1355116692331615 -0.15283860441484726 -1.3322822106764451 2.905852455532668 -1.4055795168537755 0.0 0.0 
l -2.1620881550784863 -0.16122563942787543 -1.3331477933759013 2.9101496214940084 -1.4049611918154272 0.0 0.0 
l -2.1901642970792112 -0.17052368639618248 -1.3338106131434309 2.9151971097786813 -1.4045697321451889 0.0 0.0 
l -2.2193080158903933 -0.1807180368932802 -1.3342218360122702 2.920931940129108 -1.4044276830031956 0.0 0.0 
l -2.24906131199811 -0.19178733549808696 -1.3343328432282995 2.927280912531704 -1.404558227293296 0.0 0.0 
l -2.278945214109908 -0.20369159885313784 -1.3341026359724413 2.934160101041061 -1.4049835161362176 0.0 0.0 
l -2.308459365659794 -0.21635629883267724 -1.3335027149066077 2.9414632340369886 -1.4057151879676617 0.0 0.0 
l -2.337114014132857 -0.2296666532147345 -1.3325222871096738 2.949063901278341 -1.4067511502663663 0.0 0.0 
l -2.3644498962106786 -0.24345960520821575 -1.3311715598438976 2.9568210104895507 -1.408071213153414 0.0 0.0 
l -2.39006830862166 -0.2575267936211525 -1.329481958379705 2.964582683808141 -1.4096370185145448 0.0 0.0 
l -2.4136515041229814 -0.27162342648714577 -1.3275032735243226 2.9721993670732476 -1.4113962057498466 0.0 0.0 
l -2.4349555422819273 -0.28547120657450165 -1.3253004745120198 2.9795329714123358 -1.4132892365192644 0.0 0.0 
l -2.4538194689896144 -0.29878061527971284 -1.3229461858950475 2.986467781237849 -1.4152594119574522 0.0 0.0 
l -2.4701452128251016 -0.31126203328881374 -1.3205141461668048 2.992920185031366 -1.4172641735502016 0.0 0.0 
l -2.4838880505691012 -0.3226469732301334 -1.3180705896390308 2.9988420665539914 -1.4192854150659098 0.0 0.0 
l -2.495045271920524 -0.3327008424577159 -1.3156720136638373 3.0042206972843033 -1.421331411445925 0.0 0.0 
l -2.50364431519394 -0.3412418887463793 -1.3133559777267898 3.0090773719906507 -1.4234436627113902 0.0 0.0 
l -2.5097418524425024 -0.3481522878346914 -1.3111413049373775 3.0134662817344346 -1.4256964188191081 0.0 0.0 
l -2.5134231099054056 -0.3533841491679905 -1.3090292436174455 3.017463236184556 -1.4281841283489711 0.0 0.0 
l -2.5148066811523107 -0.3569624934243322 -1.3070064608736889 3.021157882920898 -1.4310105721057091 0.0 0.0 
l -2.5140575895075843 -0.3589903267068796 -1.305047621618014 3.024646834676728 -1.434273215768403 0.0 0.0 
l -2.511399391432701 -0.3596415938319923 -1.3031239179918717 3.0280209563719853 -1.438041324915764 0.0 0.0 
l -2.507119321947999 -0.35915131483515533 -1.3012076927337268 3.0313586482698582 -1.4423437882672094 0.0 0.0 
l -2.501578631011862 -0.3578042286164136 -1.299279683066401 3.0347150497189745 -1.4471561257059946 0.0 0.0 
l -2.495212164514501 -0.35591982942078393 -1.2973333605668158 3.0381156876779905 -1.4523934632606215 0.0 0.0 
l -2.488507716723893 -0.3538266823185094 -1.2953784455112989 3.041549338711185 -1.4579178603326366 0.0 0.0 
l -2.4819917266970806 -0.35184647819838694 -1.2934431356595955 3.04496882726814 -1.4635492257273213 0.0 0.0 
l -2.476180634409698 -0.35026499922982746 -1.2915717355506768 3.0482905710394403 -1.4690808989411903 0.0 0.0 
l -2.4715564119335904 -0.3493184066629716 -1.2898261276880367 3.0513957714438864 -1.4742932328415506 0.0 0.0 
l -2.4685157626565966 -0.3491707380301955 -1.2882816394947585 3.054138232748316 -1.4789705127246 0.0 0.0 
l -2.4673409326055182 -0.3499073286368662 -1.2870211615706824 3.056360784629293 -1.482921587301307 0.0 0.0 
l -2.4681799822416615 -0.3515274733471095 -1.2861328029692034 3.0578963060793565 -1.485976635602333 0.0 0.0 
l -2.4710310274167187 -0.35394023367762495 -1.2857038651677333 3.0585817492084475 -1.4879958109776066 0.0 0.0 
l -2.4757691983751116 -0.35698228939729715 -1.2858169163982585 3.0582666400642835 -1.488870042560716 0.0 0.0 
l -2.482167923680921 -0.3604321813485757 -1.2865440793959688 3.056820727690125 -1.4885210936414852 0.0 0.0 
l -2.489933828449378 -0.3640297200684608 -1.287944583742083 3.054134977833675 -1.4868968369710986 0.0 0.0 
l -2.4987413263581457 -0.36750248243433725 -1.290058033320002 3.050130137026265 -1.4839737958149708 0.0 0.0 
l -2.5082653388511753 -0.37059007632840996 -1.292901271967829 3.044757120064391 -1.4797563462759826 0.0 0.0 
l -2.5182062597591472 -0.3730676731316888 -1.296464560680232 3.0380034103378937 -1.474280497733557 0.0 0.0 
l -2.528308667169103 -0.3747672511158222 -1.3007087622289077 3.0298967594114674 -1.4676136217288502 0.0 0.0 
l -2.5383673544711245 -0.3755929280518257 -1.305561970886569 3.0205122099826682 -1.4598592174478837 0.0 0.0 
l -2.548233182155878 -0.375533067180176 -1.3109194258739847 3.0099795509819347 -1.4511568740012926 0.0 0.0 
l -2.557807174330362 -0.3746642183413799 -1.3166432124882994 2.99848882862845 -1.441682630151928 0.0 0.0 
l -2.5670293596335005 -0.37314438896633056 -1.3225662906469333 2.9862961817104563 -1.4316484241945355 0.0 0.0 
l -2.5758695161854224 -0.3712043667684761 -1.3284977717940112 2.973721584652652 -1.4212951627971036 0.0 0.0 
l -2.5843140724164844 -0.36912805823975214 -1.334232494693163 2.9611421400894584 -1.4108868945101698 0.0 0.0 
l -2.5923505763542622 -0.3672262729768146 -1.339562088855609 2.9489709374491078 -1.400697949799872 0.0 0.0 
l -2.599960569882409 -0.3658068088450965 -1.3442907859577282 2.937630437387982 -1.3910003276553011 0.0 0.0 
l -2.6071135762352737 -0.36514439203079985 -1.3482496581460632 2.9275144997302402 -1.3820468929191123 0.0 0.0 
l -2.6137546036390003 -0.36544877069647935 -1.351306902180677 2.9189594298667436 -1.3740625845690573 0.0 0.0 
l -2.6198154526526913 -0.3668433464237545 -1.3533814872986403 2.9122002291947418 -1.3672255451820818 0.0 0.0 
l -2.6252372258471173 -0.3693645420505795 -1.3544486342243327 2.90735273887308 -1.3616576533777838 0.0 0.0 
l -2.62996055303657 -0.37294907658633436 -1.3545381883111147 2.904407487056868 -1.3574196541170838 0.0 0.0 
l -2.6339460378261426 -0.37744915155198 -1.3537320880927988 2.903235888459453 -1.354507032210255 0.0 0.0 
l -2.6371843453964656 -0.38265477036016676 -1.3521551673000778 2.9036121140782223 -1.352852281175681 0.0 0.0 
l -2.6396975255417336 -0.38831866094967366 -1.3499625558939508 2.905245884235347 -1.3523324175226592 0.0 0.0 
l -2.6415267390947212 -0.3941767091614123 -1.347324399956608 2.9078216761729476 -1.3527863237925997 0.0 0.0 
l -2.642745153856196 -0.39998370043152276 -1.3444143272486975 2.9110314225179135 -1.3540271750535955 0.0 0.0 
l -2.643443392373373 -0.40552434976509144 -1.3413986189529203 2.9145985409716757 -1.35585762072428 0.0 0.0 
l -2.6437253399994205 -0.41062787412612495 -1.3384271773919099 2.9182980326488313 -1.3580879784944873 0.0 0.0 
l -2.643701271446327 -0.41517000599966836 -1.3356294450579362 2.921958774131263 -1.360541203635162 0.0 0.0 
l -2.643488669664168 -0.4190759976206336 -1.333112748436262 2.9254673837210556 -1.363064308893858 0.0 0.0 
l -2.6432003635590533 -0.4223053584677495 -1.3309643239756475 2.928752775467748 -1.3655253564897465 0.0 0.0 
l -2.642941955939182 -0.4248411850358708 -1.329255168827073 2.9317746848502777 -1.367809639605939 0.0 0.0 
l -2.6428007424403415 -0.4266722929868984 -1.3280436390060946 2.9345094042938475 -1.3698148580371095 0.0 0.0 
l -2.6428393046547383 -0.42777818818911506 -1.3273799699555486 2.936930546614253 -1.3714426897788925 0.0 0.0 
l -2.6430837890672465 -0.4281121941840219 -1.3273092039470271 2.9390021917072042 -1.372593885249843 0.0 0.0 
l -2.6435192614033713 -0.4275963570761352 -1.3278710175102835 2.9406709927006385 -1.3731653348458428 0.0 0.0 
l -2.6440845830393367 -0.4261195577340955 -1.3290976994914017 2.9418670768652366 -1.3730501681053933 0.0 0.0 
l -2.644665976586927 -0.4235372316718726 -1.3310110560117094 2.9425083025502907 -1.3721434829969927 0.0 0.0 
l -2.64510577924936 -0.4196937687044097 -1.3336147540116094 2.9425108270271836 -1.3703495847136975 0.0 0.0 
l -2.6451946879172836 -0.4144290109228088 -1.3368888164053714 2.9418017621768655 -1.3675943150258012 0.0 0.0 
l -2.644684131737308 -0.4076059654964629 -1.340783907218848 2.9403304234104253 -1.3638378113789937 0.0 0.0 
l -2.643293918083951 -0.39913189371274277 -1.3452186924031726 2.9380810058980735 -1.3590864705740533 0.0 0.0 
l -2.64071935322682 -0.38897816716293115 -1.3500787305594766 2.9350798062309504 -1.3534058157387854 0.0 0.0 
l -2.636643816194461 -0.3771937875503978 -1.355221884523206 2.931399211113983 -1.346930160639916 0.0 0.0 
l -2.6307555241151297 -0.3639156592673402 -1.36048561376447 2.9271560789540176 -1.3398647713559584 0.0 0.0 
l -2.6227635832891765 -0.3493597910533832 -1.3657012156572488 2.922502938525418 -1.3324816130551282 0.0 0.0 
l -2.6124167876274704 -0.3338127714558469 -1.370703426281469 2.9176226891702104 -1.325110560651107 0.0 0.0 
l -2.599535701672353 -0.31761483068304586 -1.3753443623791899 2.91271226471876 -1.3181132902383836 0.0 0.0 
l -2.584056506189153 -0.3011420485857629 -1.3795056126678904 2.907967530280069 -1.3118530768512113 0.0 0.0 
l -2.5660399557311955 -0.28476578881393394 -1.3831052851601398 2.903562293201268 -1.306652709553045 0.0 0.0 
l -2.545714263777554 -0.26884360929834566 -1.3860989844673464 2.8996469501410607 -1.302757124510649 0.0 0.0 
l -2.5234931390379067 -0.25369317214948334 -1.388484262126601 2.896319050241801 -1.3002936597092125 0.0 0.0 
l -2.499970259357844 -0.23958256042533946 -1.390292898498991 2.8936272445744233 -1.299260033864328 0.0 0.0 
l -2.475894518063087 -0.22672467587224818 -1.3915837270489997 2.8915711090254135 -1.299522581577951 0.0 0.0 
l -2.452131520378538 -0.2152795218603459 -1.3924354304375837 2.890103673590425 -1.3008357734241534 0.0 0.0 
l -2.4295991732629525 -0.20535697591150334 -1.3929385234646767 2.8891410319453428 -1.3028736499041973 0.0 0.0 
l -2.409201076504722 -0.19702725964049167 -1.3931854796236054 2.888577552479398 -1.305275708730083 0.0 0.0 
l -2.3917869876871216 -0.19033807884193785 -1.3932641015526157 2.88829980615197 -1.3076878041026445 0.0 0.0 
l -2.378071983715953 -0.18531211664598787 -1.393250881869162 2.888200147744182 -1.309794196707581 0.0 0.0 
l -2.3686116273449906 -0.18195885194987674 -1.3932067030929165 2.8881878258630436 -1.31134377537298 0.0 0.0 
