l 0.7061084978253239 0.3242321108320863 -1.8499284158972609 -1.0436015692429974 -1.7721115022966676 0.0 0.0 
l 0.7025902991673071 0.3250165270067681 -1.8487295961847958 -1.0391818907121213 -1.769561315974346 0.0 0.0 
l 0.6972278895631167 0.32630159344046333 -1.846981568156044 -1.0326247020561523 -1.7658360904630828 0.0 0.0 
l 0.6899658464881697 0.32819389521083325 -1.8447451442227452 -1.0240227518497025 -1.7610454585784954 0.0 0.0 
l 0.6807978237769664 0.33079549362573446 -1.8420970816868927 -1.0135134456549217 -1.7553247569490218 0.0 0.0 
l 0.6698038217884091 0.33418397722374094 -1.8391299206936649 -1.0012626187240006 -1.7488171452988335 0.0 0.0 
l 0.6571725951581291 0.3383941425607237 -1.8359471906434128 -0.9874918923666135 -1.7416722973716976 0.0 0.0 
l 0.6432105421792206 0.34340606851373684 -1.8326599415353984 -0.9724607427857159 -1.7340325975415543 0.0 0.0 
l 0.6283238503460662 0.3491431707014015 -1.829380820631755 -0.9564587421881919 -1.7260263953521813 0.0 0.0 
l 0.6129841260186519 0.3554772504332128 -1.8262176256965517 -0.939805541605137 -1.717763619350198 0.0 0.0 
l 0.5976845995266898 0.3622413868954259 -1.823268633976719 -0.9228194871922798 -1.7093338797434503 0.0 0.0 
l 0.5828905373667632 0.3692467829762169 -1.8206161281813684 -0.905845575167807 -1.7008214316574404 0.0 0.0 
l 0.569001821242275 0.37629991952463776 -1.818322972568217 -0.8892166282596395 -1.6922980496004139 0.0 0.0 
l 0.556330975721399 0.38320956134899914 -1.816426240918527 -0.8732948432532336 -1.683867591331112 0.0 0.0 
l 0.5450963044621222 0.38979857596376843 -1.8149391038524962 -0.8584145495058222 -1.6756494170029783 0.0 0.0 
l 0.5354206861077815 0.3959161937663243 -1.813853545770303 -0.8449135134340847 -1.6678220586289418 0.0 0.0 
l 0.527353359814679 0.40142511754761545 -1.8131377994811166 -0.8331225075072873 -1.6606440210616984 0.0 0.0 
l 0.5208819394917046 0.4062047850278609 -1.8127401870523536 -0.8233381078738795 -1.6544500657341188 0.0 0.0 
l 0.5159678148384387 0.4101392783153341 -1.8125964594080626 -0.8158046691425184 -1.6496328631985513 0.0 0.0 
l 0.5125469449053341 0.413122129756989 -1.8126306306824411 -0.8106850175119141 -1.6465847658356862 0.0 0.0 
l 0.5105420081461739 0.4150558308677494 -1.8127591710068112 -0.8080259587844669 -1.645592606882863 0.0 0.0 
l 0.5098836740652452 0.4158482836310881 -1.81289906690053 -0.8077343475347144 -1.6467351038533957 0.0 0.0 
l 0.5104991014451443 0.4154271221062859 -1.812969834715421 -0.8095602029656108 -1.649813477106206 0.0 0.0 
l 0.5123137707619116 0.41374995139613624 -1.8129006721587564 -0.813105275689011 -1.6543749280774493 0.0 0.0 
l 0.5152426017675088 0.41081802578433124 -1.8126346789242727 -0.817848387297034 -1.6598125760794247 0.0 0.0 
l 0.5191930106859747 0.40668200777365976 -1.8121355213356574 -0.8231982004595004 -1.6655084766304928 0.0 0.0 
l 0.5240518334626889 0.4014565494372297 -1.8113920138207076 -0.8285443553576646 -1.6709318645052915 0.0 0.0 
l 0.5296707680174344 0.39532344287127336 -1.810416060679239 -0.8333359854643102 -1.6757119027613931 0.0 0.0 
l 0.535879025782523 0.38852027472662215 -1.8092467718840053 -0.8371230337929504 -1.679621062940266 0.0 0.0 
l 0.542472093328536 0.38133441161498427 -1.8079454327199538 -0.8396042063458994 -1.6825583186584536 0.0 0.0 
l 0.5492078095696508 0.37408770707639344 -1.8065881303643865 -0.8406559262692366 -1.6845241966259599 0.0 0.0 
l 0.5558278424478701 0.367108296853412 -1.805261326228687 -0.8403247272804049 -1.6855828914913238 0.0 0.0 
l 0.5620550334699732 0.3607108342055 -1.8040478883495932 -0.8388275791545189 -1.6858649772823477 0.0 0.0 
l 0.5676025175490453 0.3551807017213825 -1.8030192813205521 -0.8365226860448843 -1.6855652907962906 0.0 0.0 
l 0.5722095430754124 0.35074418876810537 -1.8022285857072669 -0.8338725026562063 -1.684946219453334 0.0 0.0 
l 0.5756467225578794 0.34756390891389105 -1.801703454364651 -0.8313985927343319 -1.684337769813838 0.0 0.0 
l 0.577738429830492 0.34573012097133793 -1.80144458528242 -0.8296339333171568 -1.6841203687071489 0.0 0.0 
l 0.5783670085903456 0.34526115359001086 -1.8014227429790781 -0.8290699393292668 -1.6846727707623688 0.0 0.0 
l 0.5774971795494614 0.3460995379446793 -1.80158500277253 -0.8301098040096864 -1.6862989982992227 0.0 0.0 
l 0.5751632682710766 0.34812537245112607 -1.801857923166174 -0.8330226773129973 -1.6891377403331544 0.0 0.0 
l 0.5714519865600635 0.35117263119090236 -1.8021532314846587 -0.8379248127823525 -1.6931325544107485 0.0 0.0 
l 0.5665088145139112 0.35503470782040325 -1.8023791681724863 -0.8447705789543907 -1.6980469662922124 0.0 0.0 
l 0.5605086411918149 0.359490247373795 -1.80244886596585 -0.8533522051151676 -1.7035281026607583 0.0 0.0 
l 0.5536504781969529 0.36430728102505505 -1.8022848388500459 -0.8633336711510469 -1.7092088674913977 0.0 0.0 
l 0.5461343427906059 0.3692733825310423 -1.8018308948657817 -0.8742816208220667 -1.7147711434647495 0.0 0.0 
l 0.5381508640487912 0.3742063359616465 -1.801054905836993 -0.8857113780759888 -1.7199834044285829 0.0 0.0 
l 0.5298732115294265 0.3789664763407402 -1.7999520893289336 -0.8971321350941558 -1.7247029901879352 0.0 0.0 
l 0.5214427713592386 0.3834700321668825 -1.7985441703292904 -0.9080856881410551 -1.7288576910603328 0.0 0.0 
l 0.5129718383060589 0.38768531515216864 -1.7968751542851151 -0.9181748768934328 -1.7324160599731686 0.0 0.0 
l 0.5045379288940688 0.3916352943088673 -1.7950068787248692 -0.9270803612843794 -1.7353764167384738 0.0 0.0 
l 0.49618869900641904 0.3953874646052399 -1.793012246223211 -0.9345759473029199 -1.737744998577066 0.0 0.0 
l 0.4879446920833268 0.3990432475518208 -1.7909679092437392 -0.9405252854061256 -1.7395282204725748 0.0 0.0 
l 0.47981174324256126 0.40272087244965893 -1.788948946547762 -0.9448681177570466 -1.7407230962300024 0.0 0.0 
l 0.471790535731703 0.4065378599473521 -1.7870230208745392 -0.9476308859419462 -1.7413279299177729 0.0 0.0 
l 0.4638884109305798 0.41059814824272206 -1.78524944510294 -0.94889313790587 -1.7413332783157152 0.0 0.0 
l 0.4561304083170324 0.4149729903341481 -1.7836752089252965 -0.9487807397345833 -1.740731643247803 0.0 0.0 
l 0.4485654714537266 0.4196947101011359 -1.7823367339612886 -0.9474540329669456 -1.7395219424223114 0.0 0.0 
l 0.44127569889163637 0.4247426822626844 -1.7812594567632722 -0.9450950471994017 -1.7377149798773774 0.0 0.0 
l 0.43436636597013617 0.4300514365775141 -1.7804598482389196 -0.941895459701309 -1.735336773936486 0.0 0.0 
l 0.4279677450874574 0.43550685907945186 -1.7799466619882711 -0.9380511074953441 -1.7324355473719608 0.0 0.0 
l 0.42222493263381283 0.44095282513525486 -1.7797208944019203 -0.9337501665265672 -1.729078153082969 0.0 0.0 
l 0.41728681680270974 0.44620548581066466 -1.779778020079775 -0.929171470500313 -1.7253529666733094 0.0 0.0 
l 0.4132978573254632 0.4510621439480489 -1.780107385749052 -0.9244772681402443 -1.721362518171078 0.0 0.0 
l 0.410387123830359 0.4553189665201954 -1.780693354218125 -0.9198101324286917 -1.7172191323763621 0.0 0.0 
l 0.40866256169950577 0.45878003445081905 -1.7815137420819858 -0.9152930179850796 -1.7130401220845803 0.0 0.0 
l 0.40820529077126805 0.4612716076532208 -1.7825405265606102 -0.9110303777570216 -1.7089423661050305 0.0 0.0 
l 0.4090655489414573 0.4626540003921815 -1.7837403652538821 -0.9071057525148337 -1.7050344517329494 0.0 0.0 
l 0.4112610066995561 0.46282863726604284 -1.7850747363035828 -0.9035907134547341 -1.7014163647626201 0.0 0.0 
l 0.4147770672826703 0.4617427983983377 -1.786501236953092 -0.9005265322837503 -1.6981695665984053 0.0 0.0 
l 0.4195629742021219 0.45939221446200845 -1.7879728492956461 -0.8979543011970793 -1.6953686807519104 0.0 0.0 
l 0.4255397201356139 0.4558228214623495 -1.789444960932396 -0.8958877688539244 -1.6930638478947222 0.0 0.0 
l 0.4325971074634108 0.45111931946123207 -1.7908704563252096 -0.8943565069853583 -1.6913092668793734 0.0 0.0 
l 0.44059800743408917 0.44540211347228703 -1.7922040335487275 -0.8933691759047321 -1.6901398159019612 0.0 0.0 
l 0.4493809090122629 0.4388213798990789 -1.7934044038821944 -0.8929300840531875 -1.689582010363529 0.0 0.0 
l 0.4587646259484235 0.4315468431566577 -1.7944351781524 -0.8930377571958359 -1.6896536390871058 0.0 0.0 
l 0.46855332083760304 0.42375998091246675 -1.7952665969166595 -0.8936867663694203 -1.6903655410790623 0.0 0.0 
l 0.47853444108378224 0.41565036048396775 -1.7958749877264553 -0.894867916616817 -1.6917210018124953 0.0 0.0 
l 0.488488595494287 0.40741055130512116 -1.796247030562757 -0.8965616002798692 -1.6937125734374396 0.0 0.0 
l 0.4981906206463046 0.39922977768108997 -1.7963774032230346 -0.8987384976216495 -1.6963201838244577 0.0 0.0 
l 0.507412985441154 0.39129403521004247 -1.7962705492072064 -0.9013605247080938 -1.6995119873544642 0.0 0.0 
l 0.5159305505898513 0.3837841503784643 -1.7959410504350954 -0.9043754924435301 -1.7032387991159101 0.0 0.0 
l 0.5235252520527819 0.3768753654706869 -1.7954139908542435 -0.9077151933281313 -1.707431524000922 0.0 0.0 
l 0.5299943462548411 0.37073343053801106 -1.794724041315041 -0.9112964293305721 -1.7119996385307932 0.0 0.0 
l 0.5351617453789443 0.36551022948179623 -1.7939148267261027 -0.9150257153599888 -1.7168339725381938 0.0 0.0 
l 0.5388922538482255 0.3613389531195132 -1.793038688153844 -0.9187952177985909 -1.7218014231619865 0.0 0.0 
l 0.5411047726086101 0.35832817465720784 -1.7921549133700696 -0.9224920957844285 -1.7267539282324522 0.0 0.0 
l 0.5417931061825646 0.35655157419878614 -1.791329149640446 -0.9260031001804931 -1.7315305615022525 0.0 0.0 
l 0.5410372208201907 0.35604018526616255 -1.7906309398370859 -0.929217860316337 -1.7359639433350702 0.0 0.0 
l 0.5390100039133442 0.3567751741092439 -1.7901315174919354 -0.9320401638315696 -1.7398928636269222 0.0 0.0 
l 0.5359744789546887 0.35868400446263177 -1.7899017897871463 -0.9343930173231592 -1.7431716973531808 0.0 0.0 
l 0.5322726017921039 0.3616369926677927 -1.7900090003086326 -0.9362220076740806 -1.7456781747259598 0.0 0.0 
l 0.5282970952111705 0.36545512324167967 -1.7905140428739392 -0.9375004004512607 -1.7473268942903806 0.0 0.0 
l 0.5244717459282919 0.3699065840284044 -1.7914657410682706 -0.938233238912911 -1.7480753709216708 0.0 0.0 
l 0.5212150617900848 0.3747226812846137 -1.7928979589489789 -0.9384505325626833 -1.747925158208553 0.0 0.0 
l 0.5189109540741347 0.3796108594295995 -1.7948252035255035 -0.9382081047477164 -1.7469252912945883 0.0 0.0 
l 0.5178876922212289 0.38426757698708264 -1.7972386890223297 -0.9375776020809055 -1.7451625668201989 0.0 0.0 
l 0.5184046479804015 0.38839185306412766 -1.8001035599863267 -0.9366490406676984 -1.7427641905362223 0.0 0.0 
l 0.5206405330458651 0.39170228266269447 -1.8033568922950893 -0.9355153213186753 -1.7398751416177136 0.0 0.0 
l 0.5246936990959794 0.3939508244111716 -1.80690919128679 -0.9342672797981179 -1.7366505164642063 0.0 0.0 
l 0.5305875802239547 0.39492914837121135 -1.8106448140138032 -0.9329906054293646 -1.7332479350416625 0.0 0.0 
l 0.5382761440580296 0.3944842645268084 -1.814430527961676 -0.9317540107877238 -1.7298079845641818 0.0 0.0 
l 0.5476557932626155 0.3925181243150745 -1.8181200765245082 -0.930609504928424 -1.7264537266864746 0.0 0.0 
l 0.5585736885372696 0.3889941545498485 -1.821564316543844 -0.9295861256206858 -1.7232803377576829 0.0 0.0 
l 0.5708373752777554 0.3839398146946169 -1.824622263849844 -0.9286870774224598 -1.7203536681684106 0.0 0.0 
l 0.5842277600082196 0.3774403569750428 -1.8271699606134362 -0.9278898776299288 -1.7177086736754839 0.0 0.0 
l 0.5984954926362632 0.3696457648131042 -1.8291110541009643 -0.9271469848108604 -1.7153540908764628 0.0 0.0 
l 0.6133734935867172 0.36075973546457113 -1.8303842597987803 -0.9263869992028716 -1.713270779024504 0.0 0.0 
l 0.6285750390037701 0.3510342157414415 -1.8309668256706688 -0.925521472796575 -1.7114214588007337 0.0 0.0 
l 0.6437945599229062 0.3407588407823198 -1.8308750131216098 -0.9244528957577647 -1.709754087066624 0.0 0.0 
l 0.6587186254228947 0.33024147746865345 -1.8301611440110002 -0.9230810498583027 -1.7082095993111945 0.0 0.0 
l 0.6730210932430958 0.31979770807213576 -1.8289066436993189 -0.9213139349975535 -1.7067274559461019 0.0 0.0 
l 0.6863805657845944 0.3097269160254379 -1.827212579994224 -0.9190806125581144 -1.7052543187705036 0.0 0.0 
l 0.6984914949089643 0.3002971164050376 -1.8251897149399947 -0.9163397276690328 -1.7037499146022186 0.0 0.0 
l 0.7090874928148093 0.2917268307572708 -1.8229483528646402 -0.913086428399287 -1.7021926162859997 0.0 0.0 
l 0.7179617632925885 0.2841738447421776 -1.820589383296165 -0.9093589420083122 -1.7005847613959104 0.0 0.0 
l 0.7249916936324975 0.27772644408057456 -1.8181980293071598 -0.9052362725240506 -1.6989536221348058 0.0 0.0 
l 0.730154662818612 0.2724016045583695 -1.815839860514928 -0.9008287977906809 -1.6973456709081787 0.0 0.0 
l 0.7335344665371158 0.2681494728557953 -1.813560298483786 -0.8962754192539811 -1.6958313052430276 0.0 0.0 
l 0.7353175424910794 0.264860060330512 -1.8113846826227955 -0.8917200134207568 -1.6944887636824564 0.0 0.0 
l 0.7357760185427201 0.262377902066077 -1.8093228883335033 -0.8873070044683906 -1.6934048233015992 0.0 0.0 
l 0.7352399275566077 0.2605177882157791 -1.8073726233853133 -0.8831579906295548 -1.6926583201787317 0.0 0.0 
l 0.7340632335851758 0.25908500935857554 -1.8055254037774093 -0.8793673237988707 -1.6923157331557577 0.0 0.0 
l 0.7325915676140371 0.257892656724219 -1.8037707018283502 -0.8759932077795571 -1.6924228303334528 0.0 0.0 
l 0.7311309053349836 0.2567802124780769 -1.8021009454894306 -0.8730599779957804 -1.6930028236771566 0.0 0.0 
l 0.7299310017846238 0.255623305555499 -1.8005141721795257 -0.8705615279174633 -1.694053676048204 0.0 0.0 
l 0.729156873466802 0.25434946398950714 -1.7990161245755463 -0.8684649964163543 -1.6955453655459782 0.0 0.0 
l 0.7288878825896332 0.2529393129598842 -1.7976214104588484 -0.8667226478603807 -1.6974269490579768 0.0 0.0 
l 0.7291085613849286 0.25142840047737636 -1.7963518521580037 -0.8652778460135364 -1.6996267594964487 0.0 0.0 
l 0.7297216387093017 0.24989619691312534 -1.7952334630917295 -0.8640790842935584 -1.7020613427358564 0.0 0.0 
l 0.7305653028157261 0.24845755027588823 -1.7942975125135403 -0.8630830491740871 -1.7046362589315462 0.0 0.0 
l 0.7314364752061547 0.2472432667630902 -1.793573892924942 -0.8622576584755116 -1.7072486730074174 0.0 0.0 
l 0.7321194645287683 0.24638464504716548 -1.7930894795897883 -0.8615918501630913 -1.7097992845314536 0.0 0.0 
l 0.7324147956330144 0.2459993328520936 -1.7928667673518681 -0.8610897425556395 -1.7121882479432988 0.0 0.0 
l 0.7321766793526567 0.246173936401096 -1.7929226466600827 -0.8607715742761624 -1.7143244169585872 0.0 0.0 
l 0.7313227435371886 0.2469575576833029 -1.7932652057205831 -0.8606726203982327 -1.7161306705119448 0.0 0.0 
l 0.7298503037818084 0.24835913143738278 -1.7938976275115337 -0.8608316353177039 -1.7175395695216789 0.0 0.0 
l 0.7278356505116084 0.2503455192340005 -1.7948166445416458 -0.8612869329720609 -1.7184987913716379 0.0 0.0 
l 0.7254263876207131 0.25284512080221194 -1.796014182022793 -0.8620712806900873 -1.7189760695496408 0.0 0.0 
l 0.7228233404041932 0.2557544679130611 -1.7974778767497843 -0.8632072293055679 -1.7189569649999896 0.0 0.0 
l 0.7202647785563786 0.25894500780552276 -1.7991928123287964 -0.8647009752737059 -1.7184446993315134 0.0 0.0 
l 0.7180119435430734 0.26226835014864025 -1.801141921003835 -0.8665449204869805 -1.7174645638185493 0.0 0.0 
l 0.716319634954586 0.2655674030254693 -1.8033038669459627 -0.868719895248758 -1.7160629152819205 0.0 0.0 
l 0.7154430843288357 0.26867409971126055 -1.8056539522674078 -0.8711958024683214 -1.7142996867768008 0.0 0.0 
l 0.7156196655795356 0.2714174038524244 -1.8081617507871552 -0.8739376667140346 -1.712250488757251 0.0 0.0 
l 0.717069854886579 0.2736239229362711 -1.8107897463191962 -0.8769212563884565 -1.7100118841253011 0.0 0.0 
l 0.719996106242213 0.27512032912986256 -1.8134918007608039 -0.8801299499636932 -1.707683639249296 0.0 0.0 
l 0.7245799239693377 0.2757377792176822 -1.816211845003101 -0.8835654190178392 -1.7053731815406104 0.0 0.0 
l 0.7309808751299841 0.2753174562314714 -1.818884019603145 -0.8872540533931136 -1.7031929457781079 0.0 0.0 
l 0.7393320456971464 0.2737186912525403 -1.8214333892090877 -0.8912472621655991 -1.701253381844513 0.0 0.0 
l 0.7497275950098402 0.27083635293855735 -1.8237819807558624 -0.8956144197628075 -1.6996566724637718 0.0 0.0 
l 0.7622165950527027 0.26660912491014727 -1.8258512045660722 -0.9004430046219022 -1.6984951304402929 0.0 0.0 
l 0.7767856556011763 0.2610354852008246 -1.8275687041382147 -0.9058255819918003 -1.697844457119688 0.0 0.0 
l 0.7933417074388154 0.25418521761229207 -1.8288751797363916 -0.9118495717448466 -1.6977626465539661 0.0 0.0 
l 0.8116930328658959 0.2462058152981296 -1.829730289335791 -0.9185769083639584 -1.6982795922545273 0.0 0.0 
l 0.8315311976182317 0.23732165316793905 -1.830116639990353 -0.926031807568162 -1.699399830000029 0.0 0.0 
l 0.8524193855937786 0.22782475470879698 -1.8300418407808707 -0.9341885041438914 -1.7010999556072384 0.0 0.0 
l 0.8737882213470397 0.21805926856080132 -1.8295384997832627 -0.9429525159113125 -1.7033236313053182 0.0 0.0 
l 0.8949479429555922 0.20839597846935656 -1.8286581803551079 -0.9521645331123093 -1.7059929070546271 0.0 0.0 
l 0.9151195739529977 0.19920775877836772 -1.827468389743863 -0.9615970514739972 -1.709005416513617 0.0 0.0 
l 0.9334887556815383 0.19084041864338977 -1.8260447383149758 -0.9709710017611342 -1.71224549878289 0.0 0.0 
l 0.9492633562465379 0.18359126890676375 -1.824462550445084 -0.97997545493793 -1.7155920334276464 0.0 0.0 
l 0.9617535392516577 0.17768965375094248 -1.8227926401056929 -0.9882961299495017 -1.7189268492502057 0.0 0.0 
l 0.9704283760164889 0.17328819400609763 -1.8210939262989252 -0.9956493403582382 -1.7221465815778991 0.0 0.0 
l 0.9749603230023333 0.1704621866473147 -1.8194117173103326 -1.001802737387305 -1.7251670190314397 0.0 0.0 
l 0.97524071918642 0.16921576248887485 -1.817776236667977 -1.0065974810532077 -1.7279286204957853 0.0 0.0 
l 0.9713671923523537 0.16949458781408178 -1.816204406970301 -1.0099513916972547 -1.7303977418921792 0.0 0.0 
l 0.9635900379143468 0.17120808885069908 -1.8147026634461665 -1.0118580721813748 -1.732565630528998 0.0 0.0 
l 0.9522840671510983 0.1742400493102126 -1.8132721426645093 -1.012369169502071 -1.7344416286587367 0.0 0.0 
l 0.9378813260749568 0.17847113442010823 -1.8119137039221416 -1.0115739282679341 -1.7360472445683377 0.0 0.0 
l 0.9208368020507017 0.18379024783880415 -1.8106336208296183 -1.0095792052472863 -1.7374064214899498 0.0 0.0 
l 0.9015721154572722 0.19011278700180392 -1.809445377836453 -1.0064959019837025 -1.7385410665790832 0.0 0.0 
l 0.8804963537555436 0.1973740847151213 -1.8083736521201494 -1.002425885738533 -1.7394637954982342 0.0 0.0 
l 0.8579903487968188 0.2055340662157219 -1.8074538379524108 -0.9974591708435736 -1.740174718604901 0.0 0.0 
l 0.8344216584756808 0.21456918828986285 -1.8067299819255958 -0.9916792266862444 -1.7406650914384947 0.0 0.0 
l 0.8101574926165024 0.22446185039287883 -1.8062506422082403 -0.9851634805480702 -1.7409116112596748 0.0 0.0 
l 0.7855745151599035 0.23518784308685908 -1.806064108806765 -0.9779999657461597 -1.7408900601443156 0.0 0.0 
l 0.761053501043618 0.2467048546531448 -1.806211107788327 -0.9702874743313608 -1.7405769473527077 0.0 0.0 
l 0.7369814440167807 0.258937307244799 -1.806720065055405 -0.9621476262025284 -1.7399590994094878 0.0 0.0 
l 0.7137283152739277 0.27177120835943996 -1.8076019966870607 -0.9537219937668996 -1.7390369517113096 0.0 0.0 
l 0.6916352172844068 0.28504685943652697 -1.8088473440368826 -0.9451656876114184 -1.7378291445883391 0.0 0.0 
l 0.6709946605389452 0.29856219568767167 -1.8104258117233478 -0.9366431896067644 -1.7363726224921572 0.0 0.0 
l 0.6520380480350386 0.31208171495254944 -1.8122892231814771 -0.9283143209775231 -1.7347185377485328 0.0 0.0 
l 0.6349437930449721 0.32533955110347634 -1.8143747460276267 -0.9203248861321015 -1.7329253158119862 0.0 0.0 
l 0.6198310464600588 0.33806090197930067 -1.8166122627605044 -0.9127955485740996 -1.7310484327762563 0.0 0.0 
l 0.6067757234311508 0.34997249420435556 -1.8189308097390045 -0.9058120488540823 -1.7291288340480249 0.0 0.0 
l 0.5958174080330025 0.36082249663571303 -1.8212669595444035 -0.8994222714647746 -1.7271822153080172 0.0 0.0 
l 0.5869659698546816 0.3703921728974824 -1.8235668915212884 -0.8936366629153136 -1.725197093880165 0.0 0.0 
l 0.5802107072945366 0.37851334710837053 -1.8257952973838283 -0.8884302029434769 -1.723127618925278 0.0 0.0 
l 0.575518660486806 0.3850783873225758 -1.8279350053215024 -0.883743731426581 -1.7208941845054926 0.0 0.0 
l 0.5728334157954393 0.3900454613632897 -1.8299856995280952 -0.8794958316754847 -1.7183965735666666 0.0 0.0 
l 0.5720696772381917 0.39344107486786417 -1.8319608667050153 -0.8755909658594698 -1.715525452150061 0.0 0.0 
l 0.5731015402515605 0.3953647722196596 -1.8338851592736485 -0.87192642513428 -1.712179011276806 0.0 0.0 
l 0.5757508192125621 0.39598250550275177 -1.835785984678515 -0.8684053576373243 -1.708286004436325 0.0 0.0 
l 0.5797823663964418 0.3955174750708538 -1.837689007763622 -0.8649435846177768 -1.7038185459567219 0.0 0.0 
l 0.5848944749745876 0.3942396352412216 -1.83961107694416 -0.8614807209447952 -1.6988054824886598 0.0 0.0 
l 0.590718875296575 0.3924517911572713 -1.8415560579010068 -0.8579866006235511 -1.6933394436775906 0.0 0.0 
l 0.5968379140815967 0.3904654676654396 -1.8435115722274598 -0.8544690426793802 -1.687568422397942 0.0 0.0 
l 0.6027963262236244 0.388585907223704 -1.84544692372964 -0.8509731451309688 -1.6816838726091528 0.0 0.0 
l 0.6081431495492031 0.38708451524951465 -1.847315696769931 -0.8475822017228334 -1.6759038600201563 0.0 0.0 
l 0.612452290765102 0.38618573445013005 -1.849054422447665 -0.8444168877350907 -1.6704585608759173 0.0 0.0 
l 0.6153669960258561 0.386045516060378 -1.8505868874980262 -0.8416275041178104 -1.6655725817087188 0.0 0.0 
l 0.6166265476957 0.3867449213105641 -1.8518300524449571 -0.8393771010771917 -1.6614437176013865 0.0 0.0 
l 0.6160844073803867 0.38828307783436566 -1.852696478473604 -0.8378404262418118 -1.6582466060684509 0.0 0.0 
l 0.6137237653556966 0.39057323551328776 -1.8531003781093531 -0.8371891535066864 -1.6561241463539385 0.0 0.0 
l 0.6096358378251872 0.39345985628644153 -1.852961380070082 -0.8375827329537259 -1.6551870174645502 0.0 0.0 
l 0.6040029495217933 0.39673232745825854 -1.852210076962322 -0.8391600582454537 -1.6555138997119678 0.0 0.0 
l 0.5970688083079163 0.40014356227957665 -1.8507902661122202 -0.8420381451332243 -1.6571565226721838 0.0 0.0 
l 0.5891094359372394 0.4034352421605678 -1.8486653485551734 -0.8463027895583695 -1.660137207030477 0.0 0.0 
l 0.5804047341426424 0.40636082159412584 -1.8458211615959552 -0.8520080464450407 -1.664449693363612 0.0 0.0 
l 0.5712168001751866 0.4087077248489817 -1.8422694938270348 -0.859169312124924 -1.670055297139688 0.0 0.0 
l 0.5617736149788352 0.4103172978023802 -1.838050633195123 -0.8677591596944433 -1.6768832762270294 0.0 0.0 
l 0.5522641055143106 0.4110991460969115 -1.8332365450782848 -0.8776998003624519 -1.6848259692301868 0.0 0.0 
l 0.5428332893509086 0.41104246502565994 -1.8279308679210744 -0.8888547965285936 -1.6937390278713313 0.0 0.0 
l 0.533588101368981 0.4102197294978096 -1.822269236043496 -0.9010229840471161 -1.7034411818860338 0.0 0.0 
l 0.5246073447077629 0.4087803841845232 -1.8164154419357295 -0.91393202704412 -1.7137149819948772 0.0 0.0 
l 0.5159499863433608 0.4069427650413513 -1.8105563929797504 -0.9272406179237229 -1.7243140769527172 0.0 0.0 
l 0.5076657259296409 0.4049756383695682 -1.8048928845936487 -0.9405457577264403 -1.7349692265006 0.0 0.0 
l 0.49980669398129085 0.4031734796629355 -1.7996289041203122 -0.9534056731454523 -1.7454013857245487 0.0 0.0 
l 0.4924301188408151 0.4018281388290803 -1.7949561929672144 -0.9653688190065154 -1.7553344049315214 0.0 0.0 
l 0.48559935438550295 0.40120024353227973 -1.7910402991848542 -0.9760151248081919 -1.764511857149962 0.0 0.0 
l 0.47939046331467483 0.40148876514593607 -1.7880105104676343 -0.9849875541079686 -1.772705620323142 0.0 0.0 
l 0.4738780839781348 0.4028105691737773 -1.785946368234306 -0.9920391909443066 -1.7797346477452276 0.0 0.0 
l 0.4691143956407394 0.40519970848327863 -1.7848721580415468 -0.9970519583691305 -1.7854743894421408 0.0 0.0 
l 0.46513777206760554 0.40859539817871465 -1.7847585805594266 -1.0000425676814721 -1.7898615962094397 0.0 0.0 
l 0.46195742626844677 0.41285659217338755 -1.7855251905582252 -1.0011548853702545 -1.7928986173471553 0.0 0.0 
l 0.4595487244881024 0.41778339751176896 -1.7870494404871315 -1.00063555849409 -1.7946513860260214 0.0 0.0 
l 0.4578564281583941 0.42314094170857036 -1.7891790923929645 -0.9987981606717765 -1.7952422429326795 0.0 0.0 
l 0.4568092607844522 0.4286789065048353 -1.7917473003340474 -0.995981101674469 -1.7948326828773316 0.0 0.0 
l 0.4563116343885882 0.4341653991117224 -1.7945838334681428 -0.9925125748349453 -1.7936112115856913 0.0 0.0 
l 0.45625756750309443 0.4393973139932942 -1.7975257247590941 -0.9886852736293875 -1.7917781266746218 0.0 0.0 
l 0.45653503864119643 0.4442139573026922 -1.8004260715758162 -0.9847355475730906 -1.7895270178867992 0.0 0.0 
l 0.457031536556706 0.44849877019365186 -1.8031580008239216 -0.9808413125750771 -1.7870396979349457 0.0 0.0 
l 0.4576327217576732 0.45218199494774813 -1.805616217059082 -0.9771184890160418 -1.7844743159993817 0.0 0.0 
l 0.458231500394235 0.4552261506994695 -1.8077150558326651 -0.9736378199474205 -1.7819681117207002 0.0 0.0 
l 0.4587291776075315 0.4576158997212413 -1.8093847148808915 -0.9704372406923147 -1.7796411095884908 0.0 0.0 
l 0.4590441592189256 0.45934117421477033 -1.8105678097017188 -0.967537272462876 -1.777600787749932 0.0 0.0 
l 0.45911665854063655 0.46038300929801146 -1.8112150084907155 -0.9649617136230737 -1.7759504147417888 0.0 0.0 
l 0.4589182492741726 0.46069764666299884 -1.8112822628237215 -0.9627449183907542 -1.7747940311129247 0.0 0.0 
l 0.4584557699310347 0.460211718275558 -1.8107310041939677 -0.9609403402867581 -1.7742393179984037 0.0 0.0 
l 0.457775761924883 0.45882041664332723 -1.8095301323498074 -0.9596195545825487 -1.7743975141371195 0.0 0.0 
l 0.4569699766661265 0.45638713204940873 -1.8076590389671863 -0.9588678661662005 -1.7753774629411612 0.0 0.0 
l 0.4561683739212923 0.4527644083199896 -1.8051149514230425 -0.9587730250912623 -1.7772782356360464 0.0 0.0 
l 0.45554575225043975 0.44779988100740514 -1.8019182837544534 -0.9594118865773266 -1.780176414596931 0.0 0.0 
l 0.4553111436955522 0.4413622054323932 -1.7981180520428746 -0.9608386098739746 -1.7841128643275492 0.0 0.0 
l 0.4557009254865121 0.4333608032517752 -1.793794351054826 -0.9630712458478086 -1.7890803903296837 0.0 0.0 
l 0.4569725156512929 0.4237645761123139 -1.7890593924843095 -0.9660843553108914 -1.7950102731656083 0.0 0.0 
l 0.4593929076853577 0.41261483726289244 -1.784052206142246 -0.969805019872827 -1.8017621070657288 0.0 0.0 
l 0.46322415623381874 0.4000354284072683 -1.7789315507778416 -0.9741146594352242 -1.8091214442019197 0.0 0.0 
l 0.4687089906654451 0.38622503048993545 -1.7738620862392664 -0.9788584382760079 -1.8168040416975788 0.0 0.0 
l 0.4760559095449969 0.37144988116077643 -1.7690050917895235 -0.9838507104028459 -1.8244651030055024 0.0 0.0 
l 0.4854131879259094 0.35602856190350474 -1.7645048625339959 -0.9888918092347182 -1.831726587637015 0.0 0.0 
l 0.49683435047013647 0.3403158772019281 -1.7604768396532993 -0.9937833881548224 -1.8382089432479392 0.0 0.0 
l 0.5102735409470347 0.3246647294776953 -1.7570007738994367 -0.9983496871776888 -1.8435752400696548 0.0 0.0 
l 0.525554346844588 0.30941758983559026 -1.7541196456884312 -1.0024376495616334 -1.8475709632067456 0.0 0.0 
l 0.5423564030779683 0.2948813686428332 -1.7518352089109483 -1.0059473101317373 -1.8500651334956029 0.0 0.0 
l 0.5602222608270748 0.28131762187558607 -1.7501155216711886 -1.0088268974786057 -1.8510630643326147 0.0 0.0 
l 0.5785766712446999 0.2689364784423008 -1.7489019616938961 -1.011072641457804 -1.8507079444040808 0.0 0.0 
l 0.5967540502314664 0.25789808559928873 -1.7481162803312351 -1.0127263947029022 -1.8492598567395246 0.0 0.0 
l 0.6140449957142322 0.24831457849803007 -1.7476685150740876 -1.0138660643250315 -1.8470624676778906 0.0 0.0 
l 0.6297456950515538 0.2402596004851098 -1.7474667528231786 -1.014590739067162 -1.8444947130816651 0.0 0.0 
l 0.6431870531238955 0.23378445879394216 -1.7474236647726828 -1.0150072776727268 -1.8419279203807677 0.0 0.0 
l 0.6537989399912524 0.22891542504150028 -1.7474631701605647 -1.0152171805682806 -1.8396924622459223 0.0 0.0 
l 0.6611327204341138 0.2256649939064581 -1.7475247009266566 -1.0153061315347753 -1.8380505987025222 0.0 0.0 
