l -0.913190132086542 2.982240784653052 1.365619840290994 -1.667553597298561 -0.2421843422007807 0.0 0.0 
l -0.912693366160409 2.9821716629399346 1.3657366264707398 -1.6675747805435417 -0.23479888230300308 0.0 0.0 
l -0.911979095696401 2.98207991963768 1.3659141163483632 -1.667665110749442 -0.2240214561465764 0.0 0.0 
l -0.9110813558532453 2.9819785958000455 1.3661546623614287 -1.6678898852778699 -0.21021139481107076 0.0 0.0 
l -0.9100407748965654 2.981882999233609 1.366460684912966 -1.668330828779309 -0.19383510359453904 0.0 0.0 
l -0.908901728021766 2.981809428263528 1.3668342273167984 -1.6690808789940108 -0.17545988474267818 0.0 0.0 
l -0.9077084620694162 2.9817735236761944 1.3672764850135923 -1.6702415991100796 -0.15572084022131655 0.0 0.0 
l -0.9065016350856965 2.9817888582328242 1.3677874855209882 -1.6719153514720908 -0.13530302078790585 0.0 0.0 
l -0.9053159308594595 2.9818658373880442 1.3683657323356873 -1.6742094157168925 -0.11488696099469596 0.0 0.0 
l -0.9041777639575824 2.9820107975447234 1.3690080579650947 -1.677227857443832 -0.09512602473216722 0.0 0.0 
l -0.9031039020954794 2.98222556693843 1.3697096672762203 -1.6810706648296787 -0.07660416087449108 0.0 0.0 
l -0.9021011329230086 2.9825075228356135 1.370464352188551 -1.6858334665751415 -0.05980758683160492 0.0 0.0 
l -0.9011670890473776 2.982850011258684 1.3712646647307747 -1.6916062249618458 -0.04510709702838426 0.0 0.0 
l -0.900291700903975 2.983243056799893 1.3721021803093216 -1.6984735405752007 -0.03276190588400197 0.0 0.0 
l -0.8994586960242343 2.9836743227585676 1.3729680438012075 -1.7064939469877352 -0.02288697258816933 0.0 0.0 
l -0.8986477336225869 2.9841301887399387 1.3738534094653896 -1.7157163388979333 -0.015510076844638076 0.0 0.0 
l -0.8978367783501288 2.9845967356336627 1.374749685931003 -1.7261550877903429 -0.010561781512377345 0.0 0.0 
l -0.8970039555088432 2.9850606617708766 1.3756489216842571 -1.7377838759620867 -0.007903088518793087 0.0 0.0 
l -0.8961290254927587 2.985509920790066 1.3765440152102808 -1.7505197032981163 -0.00734153043439411 0.0 0.0 
l -0.8951943422388287 2.9859342448630466 1.377429000515385 -1.7642095365935355 -0.008655626224499531 0.0 0.0 
l -0.894185648216241 2.986325302967888 1.3782989557290644 -1.7786186640345356 -0.011607994019077448 0.0 0.0 
l -0.8930922861034879 2.986676907128665 1.379150200969241 -1.7934186054905201 -0.015955450207048517 0.0 0.0 
l -0.8919074936456977 2.9869849216146926 1.3799800970202871 -1.808184307405897 -0.021452668080355314 0.0 0.0 
l -0.890628304899355 2.9872471990454077 1.3807870246921738 -1.8224006516712212 -0.0278777032338 0.0 0.0 
l -0.8892556447722767 2.9874633566887736 1.3815700890647415 -1.8354686487986707 -0.03500659753778764 0.0 0.0 
l -0.8877947201544836 2.9876347681515294 1.3823289709613849 -1.8467299679420388 -0.042627680143971745 0.0 0.0 
l -0.88625522367839 2.987764433749068 1.38306369792828 -1.855485634392053 -0.0505069843398786 0.0 0.0 
l -0.8846525371166312 2.987857174397524 1.383774430706407 -1.8610372214876623 -0.05842336278666118 0.0 0.0 
l -0.8830074202184739 2.987919401797165 1.3844613027516317 -1.8627130581979205 -0.0661459282794924 0.0 0.0 
l -0.881347380761966 2.9879592157417174 1.3851240280288986 -1.8599062559091568 -0.07343610565372787 0.0 0.0 
l -0.8797060445405692 2.9879862287008145 1.38576192642687 -1.852102288217635 -0.08004751600864364 0.0 0.0 
l -0.8781221476089945 2.9880112221289856 1.3863738850663694 -1.838913413344127 -0.08572102547335567 0.0 0.0 
l -0.876638603939052 2.988045842884093 1.3869583415138833 -1.820119384523379 -0.09022682558936072 0.0 0.0 
l -0.8753001593961595 2.9881019806372127 1.3875134077635165 -1.795695893274056 -0.09334678532476867 0.0 0.0 
l -0.8741513482734479 2.9881911532872385 1.3880368947274833 -1.7658606026909076 -0.09489064950218756 0.0 0.0 
l -0.8732321893893263 2.9883233769935487 1.388526548611882 -1.7310987405355263 -0.09470161598887017 0.0 0.0 
l -0.8725751306935408 2.9885063741968683 1.3889802259599866 -1.6921952406046312 -0.09270116297858386 0.0 0.0 
l -0.872201921235921 2.9887446623165834 1.3893959423850488 -1.6502314159297522 -0.0888921270083627 0.0 0.0 
l -0.8721204817425344 2.989038830171714 1.3897721241324357 -1.6065519977613125 -0.0833743771714276 0.0 0.0 
l -0.8723226752884062 2.989384856222994 1.3901075593512595 1.5788963036829102 -0.07635711688097095 0.0 0.0 
l -0.8727828151738002 2.989773862641491 1.3904015731696968 1.6212922754250354 -0.06816899185814145 0.0 0.0 
l -0.8734578639879228 2.990192097500486 1.3906538465815246 1.6606134175342275 -0.059260531311155426 0.0 0.0 
l -0.8742882893815332 2.9906213803566812 1.390864543918794 1.695368762900247 -0.05019611500427153 0.0 0.0 
l -0.875201016572809 2.9910398774713944 1.3910340967046126 1.7242709113084411 -0.04164145269954986 0.0 0.0 
l -0.876112443752446 2.991423206142461 1.3911633950471274 1.7462824797031455 -0.034337122858836146 0.0 0.0 
l -0.8769331482177126 2.99174578117324 1.3912537196297345 1.7606238974377468 -0.029069583339793113 0.0 0.0 
l -0.8775728940135322 2.9919822429530627 1.3913067290562855 1.7667642103490753 -0.026641158863910313 0.0 0.0 
l -0.8779459482238294 2.99210903404983 1.3913245729008763 1.7643981705676473 -0.027832975969007155 0.0 0.0 
l -0.8779762563280006 2.9921058899656283 1.39130999059992 1.7534278706165676 -0.03337129612232074 0.0 0.0 
l -0.8776019955142853 2.9919571100857794 1.3912663732030348 1.7339458984430285 -0.04391772538110235 0.0 0.0 
l -0.8767791466642186 2.9916524974971015 1.3911977436092924 1.706244063100272 -0.06003386304892549 0.0 0.0 
l -0.875484418480457 2.991188131329942 1.3911086954696688 1.670814695682746 -0.08216090379639424 0.0 0.0 
l -0.8737160440902628 2.9905665593559023 1.3910043055635721 1.628369821998324 -0.110592013253706 0.0 0.0 
l -0.8714941464634623 2.9897967872114055 1.3908898578203328 1.5798455440272736 -0.1454333492803958 0.0 0.0 
l -0.8688588082615954 2.988893682344318 1.3907706097659251 -1.6151900875277954 -0.18655728109745245 0.0 0.0 
l -0.8658675096427427 2.987877195336751 1.3906515200561917 -1.6721963008760374 -0.23354360171897529 0.0 0.0 
l -0.8625913054067901 2.986771177720128 1.3905369469820805 -1.7312602515716748 -0.2856342409407496 0.0 0.0 
l -0.8591110917915823 2.9856022312561654 1.3904303909949836 -1.7907955000433646 -0.34170000859618155 0.0 0.0 
l -0.855512037779947 2.9843981656453593 1.3903345144030128 -1.849211541796085 -0.40025829737333685 0.0 0.0 
l -0.8518798719454939 2.983186840946344 1.3902510426536974 -1.9049824960708401 -0.4595435652743917 0.0 0.0 
l -0.8482964249013281 2.981994824984682 1.3901808208126656 -1.956706646333711 -0.5176402638920077 0.0 0.0 
l -0.8448358793045164 2.9808463948864854 1.3901241045536914 -2.003141857091214 -0.5726428847895758 0.0 0.0 
l -0.841562223508031 2.9797627451153454 1.3900807246744908 -2.043221499461875 -0.6228105663054562 0.0 0.0 
l -0.8385276261998111 2.978761546349093 1.3900503575945375 -2.0760540593605197 -0.6666902597661027 0.0 0.0 
l -0.835771828295513 2.977856783188134 1.3900327543547646 -2.100916104514269 -0.703162078373821 0.0 0.0 
l -0.8333221207089884 2.977058716573111 1.3900278870898564 -2.1172409808842625 -0.7314529804308334 0.0 0.0 
l -0.8311945492956866 2.9763742126065185 1.3900360342650515 -2.1246134026254793 -0.7510809582939414 0.0 0.0 
l -0.8293959919783782 2.975807220887296 1.3900576800477502 -2.1227740979802086 -0.7618047957742433 0.0 0.0 
l -0.8279260387866326 2.9753591959915373 1.3900933825934452 -2.111634845268134 -0.7635781027679373 0.0 0.0 
l -0.8267790167310081 2.975029593900627 1.3901436385940753 -2.09130177464618 -0.7565082112447982 0.0 0.0 
l -0.8259460183568924 2.9748163255273385 1.390208672194504 -2.0621044929673893 -0.7408400233623957 0.0 0.0 
l -0.8254165956486733 2.9747159023620746 1.3902879904667955 -2.02464910906526 -0.7169893332210623 0.0 0.0 
l -0.8251795496885816 2.9747238352714986 1.3903805196321097 -1.9798039182139482 -0.6855217123292381 0.0 0.0 
l -0.8252234939527908 2.9748346438150852 1.3904843914391027 -1.9287296347984992 -0.6472142036891255 0.0 0.0 
l -0.8255365853808898 2.9750418226539734 1.3905969714744313 -1.8728319818001504 -0.6030658621200488 0.0 0.0 
l -0.8261061162005439 2.9753378975403906 1.3907150267227824 -1.8136936124969156 -0.554295980441887 0.0 0.0 
l -0.826917481820497 2.975714270714567 1.3908348802871806 -1.7529737559888297 -0.5023090381954229 0.0 0.0 
l -0.8279529151197854 2.9761612884212907 1.3909528818453085 -1.6922964148901556 -0.44862519502788933 0.0 0.0 
l -0.8291913037684908 2.97666829395848 1.3910654758098062 -1.6331517980719472 -0.3947875199980346 0.0 0.0 
l -0.8306077845980709 2.9772238440554433 1.391169525341381 -1.576828554004476 -0.34225284914330933 0.0 0.0 
l -0.8321735292700537 2.977815843574315 1.3912624846391601 1.6172106213450843 -0.29230510259069226 0.0 0.0 
l -0.8338561347057155 2.9784319165465973 1.3913426239681312 1.6649523976816443 -0.2459916720124618 0.0 0.0 
l -0.8356207694732675 2.97905974777262 1.3914089708769055 1.7073626686426224 -0.20410329054234383 0.0 0.0 
l -0.8374312703081328 2.9796874142231564 1.39146127482053 1.7439750634182356 -0.167191782858063 0.0 0.0 
l -0.8392511367811133 2.980303550672842 1.391499841464118 1.7744442227863548 -0.13557157221277938 0.0 0.0 
l -0.8410456702916758 2.980897880068512 1.3915253806357597 1.7985100867493407 -0.10938324084491852 0.0 0.0 
l -0.8427822217806916 2.981461113189151 1.391538837292317 1.81597868557881 -0.08861418779296269 0.0 0.0 
l -0.844431997413485 2.981985138192231 1.3915409981168387 1.8267049580964643 -0.07316286535483696 0.0 0.0 
l -0.8459707616555843 2.9824631812930877 1.391532460050814 1.8305901715268944 -0.0628406280029213 0.0 0.0 
l -0.8473787394701067 2.9828896043270854 1.3915134754985912 1.827586592107691 -0.05739453589849449 0.0 0.0 
l -0.8486405771606531 2.9832598438848277 1.3914839300773107 1.8177071700270393 -0.05652343350660806 0.0 0.0 
l -0.8497447766821347 2.9835702823624164 1.391443425380728 1.8010491469289984 -0.05989921281667507 0.0 0.0 
l -0.8506836535970632 2.9838182259945967 1.3913912919410054 1.777807478833346 -0.06715884223317552 0.0 0.0 
l -0.8514519990204019 2.9840016938480503 1.3913268425014258 1.7483043773090285 -0.07792236151880029 0.0 0.0 
l -0.8520461256787281 2.9841192928373763 1.3912495815982786 1.7130106098838949 -0.09179890922248558 0.0 0.0 
l -0.8524632672821043 2.9841702384245443 1.391159451569576 1.6725630412582067 -0.10839448849596289 0.0 0.0 
l -0.8527010465551448 2.9841543531734724 1.3910570263029847 1.6277718253382907 -0.12732190787678627 0.0 0.0 
l -0.8527568782199154 2.9840720020376854 1.39094365313442 1.5796113047609548 -0.14820258287489596 0.0 0.0 
l -0.8526281216662441 2.9839243139884704 1.3908216505352287 -1.6124020797211869 -0.17066159791277138 0.0 0.0 
l -0.852312406133781 2.9837131730420117 1.3906941780227624 -1.66388194200871 -0.19432730542139878 0.0 0.0 
l -0.85180785657705 2.983441342478456 1.3905652870871974 -1.7151856999656787 -0.21881596420143817 0.0 0.0 
l -0.8511146106320044 2.9831126248488844 1.3904395466683015 -1.7651036804423321 -0.24372106258892562 0.0 0.0 
l -0.8502350302109537 2.98273189720072 1.3903219838095973 -1.8125060161753468 -0.2686027826937335 0.0 0.0 
l -0.8491749380874868 2.982305155102576 1.3902176631599572 -1.8563818484375887 -0.2929744296942962 0.0 0.0 
l -0.8479443662190298 2.981839475728096 1.3901313438882874 -1.895858787763856 -0.31629858949324774 0.0 0.0 
l -0.8465580013610171 2.9813429146304378 1.39006716844269 -1.9302158503411126 -0.33799790385224265 0.0 0.0 
l -0.8450354215194489 2.980824351941651 1.3900283718840716 -1.958866570607026 -0.35745312304721427 0.0 0.0 
l -0.8434009263446238 2.980293235924098 1.3900170280940984 -1.9813595304881755 -0.3740480399700531 0.0 0.0 
l -0.8416828560588726 2.9797592659564565 1.3900339221925626 -1.9973583025241903 -0.387193062224017 0.0 0.0 
l -0.8399129044328216 2.979232245042422 1.3900786270951868 -2.006636385849447 -0.39636793208312787 0.0 0.0 
l -0.8381247039982276 2.978721601152838 1.3901494835283355 -2.009069351894916 -0.4011512571887402 0.0 0.0 
l -0.8363531483282931 2.978236341860876 1.390243811009311 -2.0046400415994086 -0.40125879318068125 0.0 0.0 
l -0.8346330654182025 2.977784758141837 1.3903580789636834 -1.9934453793539375 -0.39656538346764275 0.0 0.0 
l -0.8329980415296236 2.9773742752365226 1.3904881922106138 -1.9757067475452847 -0.38712077910223935 0.0 0.0 
l -0.8314796623049173 2.9770113851515356 1.3906297187619143 -1.9517845485894594 -0.3731531489628495 0.0 0.0 
l -0.8301069036416502 2.9767016935366812 1.39077818699183 -1.9221887350586562 -0.355063403348712 0.0 0.0 
l -0.8289056451021808 2.9764497805717918 1.3909291323862678 -1.8875852476490003 -0.33340451234242263 0.0 0.0 
l -0.8278983943500731 2.976259240106227 1.3910782597609492 -1.8487929430668684 -0.30885377067378245 0.0 0.0 
l -0.82710419760674 2.9761326606842884 1.391221470818726 -1.8067702311763472 -0.28217211002843995 0.0 0.0 
l -0.8265382021288592 2.9760715461944063 1.3913549436590908 -1.7625868094786465 -0.2541670211944629 0.0 0.0 
l -0.826211704887913 2.9760763047030303 1.3914751085844144 -1.7173862039925047 -0.2256472487803388 0.0 0.0 
l -0.8261313863340702 2.976146048822303 1.3915787010905576 -1.6723404549747551 -0.19738988483789333 0.0 0.0 
l -0.8262992275497495 2.976278569132761 1.391662753998215 -1.628602198717214 -0.17010875931472078 0.0 0.0 
l -0.8267119682404351 2.976470215344583 1.3917246443195856 -1.5872623300394872 -0.1444352436657546 0.0 0.0 
l -0.8273604191527101 2.9767158214879257 1.3917622316055944 1.5922796394355914 -0.12091092830856288 0.0 0.0 
l -0.8282292598267892 2.977008736909635 1.3917739339881658 1.62597054599116 -0.09997966406036647 0.0 0.0 
l -0.8292966752009009 2.9773408935146346 1.3917588969283627 1.654669906601349 -0.08198904115562487 0.0 0.0 
l -0.8305341407156533 2.9777028504443788 1.3917170850945852 1.6777876307443078 -0.0671970439288595 0.0 0.0 
l -0.8319069311655605 2.9780841599268655 1.391649472726527 1.6948765382427096 -0.055773549293936006 0.0 0.0 
l -0.8333745807622619 2.978473461002582 1.3915579638874012 1.7056251035342016 -0.04780320218879938 0.0 0.0 
l -0.8348918113948176 2.9788588669355005 1.391445478681382 1.709860430039714 -0.04328831081981187 0.0 0.0 
l -0.8364098748889386 2.9792283495366974 1.3913159046468349 1.7075446310356108 -0.04215439581214483 0.0 0.0 
l -0.8378781799028351 2.9795700848854985 1.3911739189389207 1.6987804663736195 -0.04425210101966917 0.0 0.0 
l -0.8392461153115002 2.979872907370541 1.3910248718311633 1.6838159177266547 -0.04936459640182276 0.0 0.0 
l -0.8404651524832041 2.980126630666188 1.3908744328210825 1.6630537472904179 -0.05721182044206426 0.0 0.0 
l -0.8414903942630855 2.9803224520399585 1.3907285274256418 1.6370527043825596 -0.06746274091771803 0.0 0.0 
l -0.842282575985921 2.9804532441125535 1.3905929876111898 1.6065308271338152 -0.07974766006013251 0.0 0.0 
l -0.8428099485084913 2.9805139158500427 1.3904733136129812 1.5723496243502695 -0.09366940210907719 0.0 0.0 
l -0.8430496116193291 2.9805015789688185 1.3903744032623357 -1.606097310816806 -0.10881064769408426 0.0 0.0 
l -0.8429885293191512 2.980415740201837 1.390300409457619 -1.6445539543130594 -0.12475194331156583 0.0 0.0 
l -0.8426245751213357 2.9802584210835117 1.3902544918438053 -1.6834987505446524 -0.14106754119435327 0.0 0.0 
l -0.8419661102713529 2.9800340953306472 1.3902388733693047 -1.7218268291595942 -0.15735995413484036 0.0 0.0 
l -0.8410324569890752 2.9797496462097235 1.3902545904790957 -1.7584886004736022 -0.17323532932585542 0.0 0.0 
l -0.8398530013293495 2.979414165160351 1.390301547535587 -1.7925322692019385 -0.18832814796635436 0.0 0.0 
l -0.838466034692557 2.979038667660606 1.390378571323913 -1.8231296964357762 -0.20228314145573786 0.0 0.0 
l -0.8369173588543101 2.9786357007886144 1.3904834343624415 -1.8495934048435339 -0.21478413838036542 0.0 0.0 
l -0.8352582165679638 2.9782188337349007 1.390612998901657 -1.8713848084546607 -0.22555151594007908 0.0 0.0 
l -0.8335432566801192 2.977802121973801 1.390763334546315 -1.8881089467837868 -0.2343446040374079 0.0 0.0 
l -0.8318281189888314 2.977399500053963 1.3909299093415295 -1.89950852596067 -0.24096854916253985 0.0 0.0 
l -0.8301672527941921 2.977024199674109 1.3911077428887721 -1.9054551205050465 -0.2452832507968972 0.0 0.0 
l -0.8286117655738239 2.9766881658736146 1.391291561226465 -1.905940765110553 -0.24719976781765324 0.0 0.0 
l -0.8272075981103156 2.9764016134900775 1.3914759984993954 -1.9010736452374832 -0.24669186940591573 0.0 0.0 
l -0.8259940586518729 2.9761726273894213 1.3916557222352268 -1.8910729536711317 -0.24379287496394486 0.0 0.0 
l -0.8250028145371506 2.9760069066780117 1.3918255501137835 -1.8762659785755544 -0.23859113552032463 0.0 0.0 
l -0.8242572448082576 2.975907724692261 1.3919806632631484 -1.85708622570759 -0.23123024260312683 0.0 0.0 
l -0.8237727213006464 2.975875988548836 1.392116587332283 -1.8340688374675969 -0.2219054685762034 0.0 0.0 
l -0.8235560613910272 2.975910326997654 1.3922294810204163 -1.8078429827471134 -0.2108546854308464 0.0 0.0 
l -0.823606769691101 2.9760075071077883 1.392316137190863 -1.7791207060782885 -0.19835716184507324 0.0 0.0 
l -0.8239165525390086 2.9761625807956498 1.3923742897034517 -1.7486781059052152 -0.18472207872596205 0.0 0.0 
l -0.8244709399272554 2.9763693251799377 1.3924024916616378 -1.7173352428637703 -0.1702827641344763 0.0 0.0 
l -0.8252497432498265 2.976620580758575 1.3924002912630238 -1.685930612124656 -0.15539344521131884 0.0 0.0 
l -0.8262277043737678 2.9769085546042025 1.3923683060122107 -1.6552971375298549 -0.1404205839976749 0.0 0.0 
l -0.8273752281506674 2.9772250424179245 1.3923081861166586 -1.626232892215565 -0.12573563182659403 0.0 0.0 
l -0.8286590030551549 2.9775616314684816 1.39222260361165 -1.5994834251883423 -0.11170885339448551 0.0 0.0 
l -0.8300426749086834 2.977909901601304 1.392115228685219 -1.5757202121265432 -0.0986962550818037 0.0 0.0 
l -0.8314877239425453 2.9782615767641927 1.3919905884828132 1.5860624828009817 -0.0870338011436157 0.0 0.0 
l -0.8329542725901636 2.9786085907002597 1.3918538623170038 1.6021863047853562 -0.07702288504098839 0.0 0.0 
l -0.8344014884077322 2.978943194631389 1.391710868633665 1.6138542500140916 -0.06892384249143015 0.0 0.0 
l -0.8357887895908633 2.979258124059468 1.3915678371677949 1.6207821597949998 -0.06293938270784363 0.0 0.0 
l -0.8370765568486856 2.979546681698113 1.3914312636777957 1.6227967176090121 -0.05920618261472945 0.0 0.0 
l -0.8382269375264211 2.9798028627906117 1.3913077777371592 1.6198425450448284 -0.057788616324095 0.0 0.0 
l -0.8392054942436902 2.9800215428635424 1.3912037789535485 1.611988354741266 -0.058672837552034056 0.0 0.0 
l -0.8399817575412067 2.98019854550014 1.391125324152198 1.5994327731109341 -0.06176354816916193 0.0 0.0 
l -0.8405300031022185 2.9803308027815363 1.391078034056282 1.582511062230331 -0.06688916162522206 0.0 0.0 
l -0.840831017405645 2.9804165429373004 1.3910666767392526 -1.5798969803333875 -0.07380903053842876 0.0 0.0 
l -0.8408728421058139 2.980455364629484 1.3910949830739296 -1.6040000340215679 -0.0822274352724741 0.0 0.0 
l -0.8406518787073319 2.9804482950522195 1.391165314531281 -1.6306643312974238 -0.09180146620112296 0.0 0.0 
l -0.8401731905092585 2.9803978225916183 1.3912785865196133 -1.65906776360716 -0.1021619563423598 0.0 0.0 
l -0.8394513058328916 2.9803079371768124 1.3914340244380532 -1.688322165419627 -0.11292813575455746 0.0 0.0 
l -0.8385096403277887 2.9801840581578274 1.3916292860824049 -1.7175142307933817 -0.12372293717965292 0.0 0.0 
l -0.8373795534230966 2.980032807712308 1.3918605451841504 -1.7457431956031366 -0.1341869859302119 0.0 0.0 
l -0.8360996143662999 2.9798618703318125 1.3921225998213362 -1.7721593529533812 -0.14398618907756833 0.0 0.0 
l -0.834713684176434 2.979679712674907 1.3924092464035436 -1.795995292112835 -0.15282121814135463 0.0 0.0 
l -0.833268990313564 2.979495234214147 1.3927135810067837 -1.8165835174933345 -0.16043082906812853 0.0 0.0 
l -0.8318139694779862 2.979317493267743 1.3930284648063649 -1.83337046046117 -0.16659204266513608 0.0 0.0 
l -0.8303964366531952 2.9791553792682897 1.3933468147131713 -1.8459162424548796 -0.1711168566815288 0.0 0.0 
l -0.8290617382980711 2.9790172902163685 1.393661904292212 -1.8538909904015344 -0.1738588393775206 0.0 0.0 
l -0.8278516485567071 2.97891095636927 1.3939675631779394 -1.857070798529843 -0.1747055867568905 0.0 0.0 
l -0.8268033641979282 2.978843220999261 1.3942582941941393 -1.8553285257716958 -0.17357803851716055 0.0 0.0 
l -0.8259491256499848 2.978819904689822 1.394529262479283 -1.8486319904633297 -0.17043395312085094 0.0 0.0 
l -0.8253166631906468 2.978845825003621 1.3947761656225373 -1.8370428423853777 -0.16526842519919285 0.0 0.0 
l -0.824929032398113 2.97892470243023 1.394995191374631 -1.8207200048330976 -0.15811765931887517 0.0 0.0 
l -0.8248047612783573 2.9790591467342766 1.3951829515009575 -1.7999298055424582 -0.1490632357223054 0.0 0.0 
l -0.8249578347689018 2.979250538188882 1.3953363549842903 -1.7750553762273518 -0.1382367071731161 0.0 0.0 
l -0.825397593169486 2.979499014046108 1.3954526194211385 -1.746608319693778 -0.1258257737641533 0.0 0.0 
l -0.8261284248958558 2.9798034008913112 1.3955292891277953 -1.7152382212643997 -0.11208223924971733 0.0 0.0 
l -0.8271484845883439 2.9801610572271726 1.3955644855482812 -1.6817272727158032 -0.09731597583356205 0.0 0.0 
l -0.8284488345290583 2.980567700553966 1.395556987813896 -1.6469827625541609 -0.08190431529925107 0.0 0.0 
l -0.8300135471497181 2.981017476563316 1.395506238978802 -1.6120092958441292 -0.06627501456748808 0.0 0.0 
l -0.8318174823586316 2.98150271085367 1.395412806781687 -1.5778673886065797 -0.0509165603743457 0.0 0.0 
l -0.8338278757416803 2.982014274610913 1.3952781993109886 1.59596358012758 -0.036331889599519836 0.0 0.0 
l -0.8360034949026824 2.982541412298221 1.3951049392913661 1.6252711094371004 -0.023039726108978375 0.0 0.0 
l -0.8382956700521641 2.9830721694947826 1.3948966567130763 1.6507133656817528 -0.011548456404943072 0.0 0.0 
l -0.8406506742035951 2.983593893113964 1.394657812037743 1.6714888441053286 -0.0023295015200917083 0.0 0.0 
l -0.8430109987748423 2.984093537378179 1.3943936046648717 1.6869565257560006 -3.1373876089770905 0.0 0.0 
l -0.8453178326956206 2.9845582344927686 1.394109773948732 1.6966515347384685 -3.1338767011178494 0.0 0.0 
l -0.8475132953241767 2.984975786163207 1.3938124132106438 1.7002915878392422 -3.1336386630679485 0.0 0.0 
l -0.8495420771484545 2.9853350915344747 1.3935079294012742 1.6977742239998308 -3.1368367509751356 0.0 0.0 
l -0.8513537473887565 2.98562655140602 1.3932027471531456 1.6891774241196738 -0.0019398803700077267 0.0 0.0 
l -0.8529039259948763 2.9858424043557155 1.392903329837669 1.6747439893364666 -0.012133628063758655 0.0 0.0 
l -0.8541545323269796 2.985976682227295 1.392616084418699 1.6548788212557657 -0.025764022662276807 0.0 0.0 
l -0.8550749398339009 2.9860255186472244 1.3923473344091906 1.6301285253895579 -0.04272495818375156 0.0 0.0 
l -0.8556404063040389 2.985986798573257 1.3921034861587027 1.6011582971183136 -0.06290219291843901 0.0 0.0 
l -0.8558331590539988 2.9858602878263634 1.3918907894515606 -1.57285050528065 -0.08614823963149258 0.0 0.0 
l -0.8556411753015281 2.9856473124496987 1.3917153811679914 -1.6078859022024408 -0.11234090860344079 0.0 0.0 
l -0.8550578030600342 2.9853506717564704 1.3915832864415454 -1.644684712560455 -0.14135340253358344 0.0 0.0 
l -0.8540817466601557 2.984974423768637 1.3915001348005065 -1.6824010628411978 -0.1730493511383238 0.0 0.0 
l -0.8527172430769796 2.9845238839997923 1.3914710455285224 -1.7202291941033265 -0.20725568087754365 0.0 0.0 
l -0.8509749841407335 2.984005568238823 1.3915001814039136 -1.757423847665801 -0.24372959485882256 0.0 0.0 
l -0.8488730761061142 2.9834273005082217 1.3915904774365082 -1.79331157185256 -0.28212483497057506 0.0 0.0 
l -0.8464385287325505 2.9827982592026676 1.3917431162204594 -1.8272850236095195 -0.3219517284136495 0.0 0.0 
l -0.8437085986397787 2.982129143826963 1.3919572000958067 -1.858792047612756 -0.3625594310088384 0.0 0.0 
l -0.8407318803285269 2.9814321850077503 1.3922293490495496 -1.887316490479799 -0.4031253197334684 0.0 0.0 
l -0.8375687869555499 2.9807211881714575 1.3925535688103854 -1.9123595616550333 -0.4426757589374597 0.0 0.0 
l -0.8342916803423017 2.9800114075450783 1.392921072246724 -1.9334262834773648 -0.48012897216622097 0.0 0.0 
l -0.8309831045296598 2.979319168867486 1.3933205102705353 -1.9500143557384475 -0.5143559840679951 0.0 0.0 
l -0.8277338412905492 2.9786615440971773 1.3937383398574081 -1.9616148677813423 -0.544243226132537 0.0 0.0 
l -0.8246394406132918 2.978055738408662 1.394159422649492 -1.9677316679673362 -0.5687607857810512 0.0 0.0 
l -0.8217956496075807 2.9775183504772844 1.3945678770092722 -1.9679028061768638 -0.587007388568742 0.0 0.0 
l -0.8192941436831883 2.9770646432590913 1.3949478365261707 -1.9617405246062436 -0.5982492594670965 0.0 0.0 
l -0.8172177195587625 2.976707855509965 1.3952844314789448 -1.9489756280155983 -0.6019366616351635 0.0 0.0 
l -0.8156351743650769 2.9764583878018147 1.395564730559243 -1.929507560114488 -0.5977202657616454 0.0 0.0 
l -0.8145981620652534 2.9763233666137663 1.3957783854041927 -1.9034538891879849 -0.585466254500303 0.0 0.0 
l -0.8141385457784837 2.976306306454963 1.3959181883310237 -1.8711884604433413 -0.5652786467668103 0.0 0.0 
l -0.8142674868009818 2.976406972818286 1.395980226411528 -1.8333575031023415 -0.5375216644214769 0.0 0.0 
l -0.8149754080902716 2.976621484906276 1.3959639720365886 -1.790872877671809 -0.5028411277296988 0.0 0.0 
l -0.8162336923131086 2.9769426263125 1.3958719855419823 -1.7448671357458638 -0.46217788435985996 0.0 0.0 
l -0.8179974594091186 2.977360386734616 1.3957094855198175 -1.6966277011926911 -0.4167530457950931 0.0 0.0 
l -0.8202080623446238 2.9778623768028547 1.3954838811349728 -1.647512460141819 -0.3680209348580277 0.0 0.0 
l -0.8227969103752169 2.978434543423063 1.3952041721335393 -1.5988583848270645 -0.31758330752661634 0.0 0.0 
l -0.8256889329329439 2.9790617717228174 1.3948803618747256 1.5896863865178479 -0.267078045795158 0.0 0.0 
l -0.8288056563310163 2.9797284109734568 1.3945229340895158 1.6338433793466154 -0.21806065765123547 0.0 0.0 
l -0.8320677023361839 2.980418743995719 1.3941424811935539 1.6742863385418048 -0.1719074576571125 0.0 0.0 
l -0.8353973533950976 2.9811174649528493 1.3937493319493084 1.7102722339017082 -0.12974167357585226 0.0 0.0 
l -0.8387203513268825 2.981809949615821 1.3933532299721358 1.7412229055586737 -0.09241462923671927 0.0 0.0 
l -0.8419674571227431 2.9824825501831826 1.392963129929966 1.7667045500133551 -0.060498798222383895 0.0 0.0 
l -0.8450757666430522 2.9831228626484565 1.3925870558827729 1.7864088038093382 -0.034323239754485445 0.0 0.0 
l -0.8479897094905084 2.98371986440553 1.3922319304085553 1.8001416547574476 -0.013995759257072964 0.0 0.0 
l -0.8506625278832174 2.984264186993514 1.3919033871450917 1.8078142215982413 -3.1410375273567994 0.0 0.0 
l -0.853057466060186 2.9847483321976434 1.3916056220127693 1.8094493535942182 -3.13203565064718 0.0 0.0 
l -0.8551483995664664 2.9851669128571814 1.3913414696416821 1.8051916065783957 -3.1282199988224026 0.0 0.0 
l -0.8569207589603549 2.9855167841041124 1.3911122491132355 1.795324707116557 -3.1291098520779492 0.0 0.0 
l -0.8583715134067262 2.98579715707812 1.3909179176210462 1.7802919100483139 -3.1341228046161773 0.0 0.0 
l -0.8595095755624756 2.986009672813147 1.3907570233632207 1.7607135562460265 -0.0009944479177565213 0.0 0.0 
l -0.8603546913904532 2.986158425562464 1.3906271325923811 1.7373960329793916 -0.012169635089233617 0.0 0.0 
l -0.8609360481480143 2.9862496907193394 1.3905250106584335 1.7113295887335687 -0.025267212584805125 0.0 0.0 
l -0.861291205837494 2.9862918178137927 1.3904468705432158 1.683659222049931 -0.03946923611027569 0.0 0.0 
l -0.8614626153128889 2.9862945147333524 1.3903887754116389 1.6556448014139118 -0.053980259121715286 0.0 0.0 
l -0.8614960989245011 2.986268628994993 1.3903469127630648 1.6285910359506353 -0.06802912016433181 0.0 0.0 
l -0.8614381195619044 2.9862253572492246 1.3903176425383814 1.6037692945467166 -0.08091921053994301 0.0 0.0 
l -0.8613318918434234 2.9861754166978742 1.3902979198661516 1.5823621544588085 -0.09201196530878211 0.0 0.0 
l -0.8612154271766649 2.986128447783414 1.3902853008626717 -1.5762189497048547 -0.10079813101787805 0.0 0.0 
l -0.8611197112321408 2.9860924451499353 1.3902779397602085 -1.5879981057299297 -0.10687708347358843 0.0 0.0 
