r 1.87123484692823 0.9269817315951696 0.22845513245218627 1.7024575445319883 2.485851043986302 0.0 0.0 
r 1.8701314568920933 0.9230529436500131 0.22939766721467214 1.6996731907146874 2.484750695796744 0.0 0.0 
r 1.8685362991456285 0.9170126621624894 0.2309208923148473 1.6955755731400404 2.482934099166059 0.0 0.0 
r 1.866519685205452 0.9087441434335194 0.2331313712092426 1.6902503421805206 2.48021818859766 0.0 0.0 
r 1.8641673875211693 0.898182096747042 0.23612958591206376 1.683802793515014 2.476381780957319 0.0 0.0 
r 1.8615785915929197 0.8853631604243517 0.23998904491972678 1.676338781196669 2.4711670961999985 0.0 0.0 
r 1.8588593906739572 0.8704610527502481 0.24473749715850987 1.6679682708882844 2.464319722126196 0.0 0.0 
r 1.8561181229310648 0.8538042666434587 0.25034465163502356 1.6587905731380126 2.4555924354005203 0.0 0.0 
r 1.8534591952142283 0.835859714532306 0.256720530385675 1.6488880687581968 2.4447580403954623 0.0 0.0 
r 1.85097703683183 0.8171932414040571 0.26372114387565376 1.6383262843555875 2.4316467216872875 0.0 0.0 
r 1.848752573264723 0.7984142729297176 0.2711622406962346 1.6271466338793483 2.416120519099027 0.0 0.0 
r 1.8468483746322857 0.7801113231315804 0.2788374458942443 1.6153925162852072 2.3981457322228086 0.0 0.0 
r 1.8453069207166366 0.7628004905181514 0.28653654471291984 1.6031025687769955 2.377794176182301 0.0 0.0 
r 1.8441450481118007 0.7468955607511997 0.2940533888157551 1.590369588639543 2.355308029467108 0.0 0.0 
r 1.8433570635910068 0.7326946661300233 0.30119825279012286 1.5773301158268678 2.3311039047998876 0.0 0.0 
r 1.8429187870319732 0.7203754284838271 0.3078107157063632 -1.5773607704394168 2.305838502360867 0.0 0.0 
r 1.8427838758519086 0.7100242300567592 0.3137463162488581 -1.5901176908531223 2.2804207579334475 0.0 0.0 
r 1.8428880702827568 0.701650354646948 0.3188798141623147 -1.6019688513335826 2.2559798359890846 0.0 0.0 
r 1.8431552710338874 0.6952302045556172 0.3230917931749667 -1.612199634062794 2.2337871891879786 0.0 0.0 
r 1.843498961620837 0.6907090239079612 0.32627387735302615 -1.620034396030965 2.2150864322671575 0.0 0.0 
r 1.8438263643169732 0.688016381948011 0.3283280284293504 -1.6248037752353435 2.200902422931914 0.0 0.0 
r 1.8440460412316209 0.6870921768266082 0.32916224807558764 -1.6261429407924297 2.1918242298778723 0.0 0.0 
r 1.8440714128351534 0.6878721180244989 0.328705923617957 -1.62414759745456 2.1878637213795797 0.0 0.0 
r 1.843828855322935 0.6902885542242435 0.3269203366395905 -1.6193896918433468 2.1884257161037195 0.0 0.0 
r 1.8432632375714253 0.6942581033961325 0.3238130204336338 -1.612789250192405 2.192399446815849 0.0 0.0 
r 1.8423449683615287 0.6996833151654442 0.3194432835279391 -1.605389239895827 2.1983492409882732 0.0 0.0 
r 1.8410758636496514 0.7064329268849412 0.3139371263680099 -1.5981615873901884 2.204747649673185 0.0 0.0 
r 1.8394872691067357 0.7143216897748055 0.30749030831193863 -1.5918606688937071 2.2101911081266694 0.0 0.0 
r 1.8376427283984773 0.723122220031674 0.30035523928592994 -1.587003953969299 2.2135537271600016 0.0 0.0 
r 1.8356322751480552 0.7325484055688244 0.29283434304671074 -1.5838823159463182 2.2140715296497047 0.0 0.0 
r 1.833563530389009 0.7422494741952138 0.2852638603768394 -1.5825907972738322 2.211379715097711 0.0 0.0 
r 1.8315544690403938 0.7518375503011749 0.27798395804968656 -1.5830743982932833 2.205514122630506 0.0 0.0 
r 1.8297177728025114 0.760889893405018 0.2713190792474848 -1.5851231627589955 2.19690716166832 0.0 0.0 
r 1.8281516818489127 0.7689665349720942 0.26556230571065903 -1.5883675929711836 2.186358721385578 0.0 0.0 
r 1.8269302896004223 0.7756661807795657 0.26094507222093727 -1.592262105202451 2.1749993789427906 0.0 0.0 
r 1.826096318285296 0.7806426076482025 0.25763373138655765 -1.5960834621472317 2.1642062917780414 0.0 0.0 
r 1.825658878636478 0.7836411416034499 0.25572118586814685 -1.5989705913044505 2.1554755921997946 0.0 0.0 
r 1.8255906756468347 0.7845097581148099 0.255228065603594 -1.6000397305148588 2.150245847658873 0.0 0.0 
r 1.8258338155815221 0.7832297032004957 0.25609823225930267 -1.5985614362512475 2.1496880254075936 0.0 0.0 
r 1.8263042606349094 0.7798947217857631 0.2582124702486819 -1.594160265696431 2.154526258482222 0.0 0.0 
r 1.8268990053335108 0.774681041409934 0.26140483346716265 -1.5869202649807523 2.1649008899236866 0.0 0.0 
r 1.8275077089636638 0.7678457633513902 0.26546699312813016 -1.577358313936061 2.1803594261352472 0.0 0.0 
r 1.828023411228717 0.7596793416663836 0.2701743149954351 1.5753138023586397 2.199934967430797 0.0 0.0 
r 1.8283472460336714 0.7504945108886143 0.27528948087789684 1.5870423766657018 2.222326303765159 0.0 0.0 
r 1.8284030783984728 0.7405886181848942 0.2805931393627055 1.5986530989718057 2.2461094619748425 0.0 0.0 
r 1.8281412401795718 0.7302297166812604 0.2858950010148786 1.6095745801990602 2.269931524013701 0.0 0.0 
r 1.8275429881566714 0.7196461038188601 0.2910468124341002 1.6194451211681002 2.292650274725556 0.0 0.0 
r 1.8266210777387513 0.7090096123052615 0.29595687361140244 1.628078025778159 2.313406229633732 0.0 0.0 
r 1.8254153084355556 0.6984430165450045 0.30058667258662625 1.6354074531449367 2.331648086045248 0.0 0.0 
r 1.8239885249579184 0.6880155246030911 0.3049542592455882 1.6414441413053213 2.347068462610504 0.0 0.0 
r 1.82241904142232 0.6777530490684808 0.30912425398750565 1.646240586941793 2.359593965860364 0.0 0.0 
r 1.820792456791373 0.6676453690977681 0.31319732208450934 1.6498659622129217 2.3693181830204484 0.0 0.0 
r 1.8191947170448375 0.6576651341580924 0.31729247372864366 1.6523871389353804 2.37645214194901 0.0 0.0 
r 1.8177045849141025 0.6477832870595019 0.3215289442859773 1.6538782575923114 2.3813055850456593 0.0 0.0 
r 1.8163913749226912 0.6379852650946838 0.3260125558757684 1.65440513802444 2.384236771958026 0.0 0.0 
r 1.815309015797963 0.6282875313929231 0.3308156830010477 1.6540339159754207 2.3856289497073995 0.0 0.0 
r 1.8144970483293918 0.618744778772336 0.33597036461990987 1.6528352524903478 2.3858742987673445 0.0 0.0 
r 1.8139786351768141 0.6094618799192146 0.34145325706267327 1.6508882693795472 2.3853536353297136 0.0 0.0 
r 1.8137632810452453 0.6005786785907308 0.3471939165747718 1.6482824743179632 2.38442063864232 0.0 0.0 
r 1.8138475241178504 0.5922707648730087 0.35307041953441226 1.6451227333322507 2.383385522182778 0.0 0.0 
r 1.8142154806818453 0.5847347646722814 0.3589162215617997 1.641524209042574 2.382506227149878 0.0 0.0 
r 1.8148424877953784 0.5781718828198337 0.36453505687068677 1.6376133463400127 2.381978402613065 0.0 0.0 
r 1.8156954441404858 0.5727768357508339 0.3697103918041281 1.6335198906908015 2.3819351346425264 0.0 0.0 
r 1.8167359093948898 0.5687230118297656 0.3742243051485045 1.6293714538223534 2.3824436065510586 0.0 0.0 
r 1.8179196946604745 0.5661560773968735 0.3778674432697794 1.6252890022020599 2.383508705351514 0.0 0.0 
r 1.819199310516168 0.5651871026586218 0.38045446671604094 1.6213828117253957 2.385081593511466 0.0 0.0 
r 1.820526002317231 0.5658881403232238 0.3818370195959476 1.6177462414716046 2.387068890796751 0.0 0.0 
r 1.8218508645126874 0.5682910650386187 0.3819115726395174 1.6144593395239812 2.389353150670243 0.0 0.0 
r 1.8231267668451834 0.5723884568338501 0.3806246482323922 1.6115751297414576 2.391770718074333 0.0 0.0 
r 1.8243079544035947 0.5781294746610703 0.3779758298726145 1.6091405127259077 2.3941608986074607 0.0 0.0 
r 1.8253570276363087 0.5854281036538954 0.37401910083151213 1.6071761016880872 2.3963527956887267 0.0 0.0 
r 1.8262387047239226 0.5941610867974318 0.3688509097775195 1.6057113894713246 2.398200023710793 0.0 0.0 
r 1.8269234761742055 0.6041717018884779 0.362606354574329 1.6047574818707202 2.3995616031061835 0.0 0.0 
r 1.8273888548764607 0.6152717353180776 0.35545237662434875 1.604321299056498 2.4003203294404343 0.0 0.0 
r 1.8276189057218364 0.6272465397951074 0.34757642637925934 1.6044056268237898 2.4003863880387355 0.0 0.0 
r 1.827604932304692 0.6398600450906315 0.3391776639585518 1.6050114102134942 2.399701200471021 0.0 0.0 
r 1.8273444541927266 0.6528512062061863 0.33046280804618683 1.606137962144961 2.3982428423042554 0.0 0.0 
r 1.8268448163203883 0.665944166108076 0.32164008628748536 1.6077781209485802 2.3960169395497 0.0 0.0 
r 1.8261202522835291 0.6788495100421387 0.3129125037986543 1.609917488501293 2.3930630454893134 0.0 0.0 
r 1.8251937188347387 0.6912669307211882 0.3044777319104683 1.6125343955811147 2.3894486698499326 0.0 0.0 
r 1.824097177521938 0.7028903664366245 0.29652600136860363 1.615593777993698 2.3852656384013757 0.0 0.0 
r 1.8228720437410153 0.7134132292868928 0.28923970129371074 1.619043712248325 2.380624256503621 0.0 0.0 
r 1.821568028228998 0.7225394341882779 0.2827894665189329 1.6228137699056724 2.3756518536757545 0.0 0.0 
r 1.82024220970913 0.7299990979134515 0.27732983704329245 1.6268171042435688 2.370487872120548 0.0 0.0 
r 1.8189584408191786 0.7355687309603623 0.2729944729569423 1.6309447866759652 2.3652820651719306 0.0 0.0 
r 1.8177851180973055 0.7390917235495673 0.2698903896032629 1.6350735544785742 2.3601867312489757 0.0 0.0 
r 1.816793646363711 0.7405093659699047 0.2680874887201167 1.6390687530716335 2.3553612988558 0.0 0.0 
r 1.8160552742124227 0.7398804213992128 0.2676108856159091 1.6427891812949742 2.350963479771168 0.0 0.0 
r 1.815638186785489 0.7373943030622925 0.26843366579916456 1.646099632939833 2.34714772244741 0.0 0.0 
r 1.8156050695487533 0.7333702366992279 0.27047304373010783 1.6488795047419447 2.3440602566288535 0.0 0.0 
r 1.816009360466643 0.728244182801184 0.2735868718426582 1.6510301252247306 2.341836447405244 0.0 0.0 
r 1.8168932441914345 0.7225304142520006 0.2775818315148466 1.6524859084020038 2.3405875137083445 0.0 0.0 
r 1.8182815092198443 0.7167948530034134 0.28220985057148634 1.6532210178058033 2.340403970701778 0.0 0.0 
r 1.820180176204629 0.7116031670346462 0.2871847271842617 1.6532476289647546 2.341341872177635 0.0 0.0 
r 1.8225734185129987 0.7074794900356415 0.29219590431428066 1.6526182699074767 2.343417600924795 0.0 0.0 
r 1.8254210186327253 0.7048770955583176 0.29692220092905597 1.6514154021420213 2.3466061167460452 0.0 0.0 
r 1.8286571411593966 0.7041604558921648 0.3010463555202348 1.6497526596468974 2.3508325894686464 0.0 0.0 
r 1.8321903274863764 0.7055905512547439 0.3042734225739977 1.6477542275370747 2.355984584847614 0.0 0.0 
r 1.8359066560418849 0.7093261712082618 0.30634565444866924 1.645547073187203 2.3619098707145714 0.0 0.0 
r 1.839671081740808 0.7154336355870652 0.30704972893324184 1.643254454522727 2.3684198648338546 0.0 0.0 
r 1.8433376421161038 0.7238933673120669 0.30623320404133186 1.6409800529634373 2.375308892414508 0.0 0.0 
r 1.846753966324277 0.7346171797957897 0.30380425528918553 1.6388080944299577 2.3823549141109157 0.0 0.0 
r 1.8497717990853015 0.7474580766210837 0.29973816164645123 1.636796111618514 2.389336607444896 0.0 0.0 
r 1.8522578440905715 0.7622208691505601 0.29407924657020723 1.6349741429103244 2.39603699391012 0.0 0.0 
r 1.8541014650219716 0.7786772810777329 0.2869333536717188 1.6333453251613577 2.4022570382420385 0.0 0.0 
r 1.8552253554404674 0.7965570975194929 0.2784738542847795 1.6318895177055202 2.407811131110772 0.0 0.0 
r 1.8555913737566807 0.8155603934137501 0.26892851874613527 1.630563735131009 2.4125421453559173 0.0 0.0 
r 1.8552031350176108 0.8353508208109939 0.2585724546615144 1.6293099715026975 2.416311996723235 0.0 0.0 
r 1.8541053217122085 0.8555522346572904 0.2477158451624578 1.6280598703978917 2.419011719717777 0.0 0.0 
r 1.8523789227283498 0.8757592607493632 0.2366827414553374 1.6267402772915676 2.4205500374720543 0.0 0.0 
r 1.8501335594398098 0.8955285544639451 0.22580001351080026 1.6252794314940577 2.420858606379573 0.0 0.0 
r 1.847496126641033 0.9144016560260833 0.21537283344843725 1.6236154081743597 2.419891237650936 0.0 0.0 
r 1.844599833255225 0.9319214724155115 0.20566992600045214 1.6217016272109106 2.4176222509575944 0.0 0.0 
r 1.84157272446618 0.9476677227395062 0.19690613117068592 1.6195120746383453 2.4140443788756105 0.0 0.0 
r 1.838527974074341 0.9612907683990976 0.18923234012150972 1.6170470680956925 2.409171081704084 0.0 0.0 
r 1.8355569965588012 0.9725518977041638 0.18272782863219733 1.6143339562798766 2.4030346224569827 0.0 0.0 
r 1.8327253778914914 0.9813521298692514 0.17739953958550939 1.611422383970297 2.395691766075397 0.0 0.0 
r 1.8300727883581636 0.9877465980959957 0.17318736347632346 1.608387624192322 2.3872137846605908 0.0 0.0 
r 1.8276136208838563 0.9919445360613945 0.1699714000596069 1.6053149644333258 2.377689245481272 0.0 0.0 
r 1.8253428611911502 0.9942867873388422 0.16758683629427604 1.6023000898373292 2.3672199362815336 0.0 0.0 
r 1.8232407569310305 0.9952080945818983 0.16583988925103044 1.5994314843089212 2.3559140939023098 0.0 0.0 
r 1.8212805744324112 0.995187109711957 0.16452810235878526 1.5967864316859521 2.34388682167234 0.0 0.0 
r 1.8194342940854762 0.9946988197467536 0.16345774429530713 1.5944215814408031 2.331252954992272 0.0 0.0 
r 1.8176792915951694 0.9941664203964784 0.16246250532203524 1.5923715388023498 2.318127652225412 0.0 0.0 
r 1.8160018851516835 0.9939347763521484 0.1614132819331256 1.5906476653405799 2.304631980551741 0.0 0.0 
r 1.8144009096871259 0.9942273840733119 0.16023427876912516 1.58923697895151 2.290898146190542 0.0 0.0 
r 1.8128889911453077 0.9951419649348795 0.1589040761946307 1.588110258975884 2.277070061035416 0.0 0.0 
r 1.8114910975333216 0.9966372214631773 0.15745761040786416 1.58722491818968 2.2633111237952193 0.0 0.0 
r 1.8102405094658054 0.9985520966752156 0.1559749558302356 1.5865381086052157 2.2498157496152142 0.0 0.0 
r 1.8091790572412263 1.0006278728729567 0.15457228079094756 1.586010077399584 2.236812620241479 0.0 0.0 
r 1.8083487170215167 1.0025469759037025 0.15338230158631289 1.5856084583893615 2.2245641234522675 0.0 0.0 
r 1.80778851762959 1.003975710490916 0.1525384252606713 1.585321772765083 2.2133658947790726 0.0 0.0 
r 1.8075318518690753 1.0046077056491267 0.15216029447292156 1.5851547000774173 2.203542390422067 0.0 0.0 
r 1.8076036230222128 1.0042195564579528 0.1523359827936783 1.5851313015076482 2.1954272531969257 0.0 0.0 
r 1.8080164752284342 1.0026892135049217 0.15311570233767374 1.5852941881120666 2.1893520541952576 0.0 0.0 
r 1.8087743969662853 1.0000156291952491 0.15450871619742698 1.5856885135025764 2.185623635276169 0.0 0.0 
r 1.80987101069857 0.9963188826063464 0.1564814885146998 1.5863541376007053 2.1845004863501982 0.0 0.0 
r 1.8112915322120198 0.9918264209663968 0.15896117677279778 1.587316214239603 2.1861651669476383 0.0 0.0 
r 1.8130138976143284 0.9868451058426834 0.16184227645882107 1.5885765640757359 2.1907178195272774 0.0 0.0 
r 1.8150111106922338 0.9817350771951596 0.16499332788668936 1.5901067100679827 2.198154381342422 0.0 0.0 
r 1.817252130201178 0.9768868252541794 0.16826216833015314 1.591855170880383 2.208361998801058 0.0 0.0 
r 1.8197008369951142 0.9726802314710907 0.1714875954231481 1.5937562168969746 2.2211256655337075 0.0 0.0 
r 1.8223167271030731 0.9694917434840046 0.1744968535217447 1.5957369170187092 2.236146852300971 0.0 0.0 
r 1.825053361623054 0.9676701830539333 0.17711419228670858 1.59773085909094 2.2530521745374905 0.0 0.0 
r 1.8278571217701152 0.9675388302642398 0.17916171028764882 1.59969823001358 2.271424125982829 0.0 0.0 
r 1.8306659795195495 0.9693952669329607 0.18046216820935515 1.6016193488392625 2.290836772203746 0.0 0.0 
r 1.833408685128791 0.9735091276732254 0.18084394173593127 1.6035028514998035 2.3108727314951176 0.0 0.0 
r 1.8360054887289905 0.9801219730449904 0.18014707678182637 1.6053855858649828 2.331147073557286 0.0 0.0 
r 1.838369654848609 0.9894425432324089 0.17823203219278022 1.607325445508466 2.351327035522176 0.0 0.0 
r 1.8404150683663074 1.0016279852055043 0.17499757880781663 1.609390216131408 2.3711300931420745 0.0 0.0 
r 1.8420593517558912 1.0167767526402003 0.17038945186790772 1.6116540491890468 2.3903341619474436 0.0 0.0 
r 1.8432320153852404 1.0349030554885545 0.164416417126706 1.6141856776957109 2.4087680122342974 0.0 0.0 
r 1.8438820998111414 1.0559111286560985 0.15716137432366295 1.6170426719826743 2.4262967756910654 0.0 0.0 
r 1.843984395944197 1.079566987522324 0.14878686513005362 1.6202588744019697 2.442817754753438 0.0 0.0 
r 1.8435431167133927 1.1054719311967518 0.13953291218941036 1.6238429375821908 2.4582386717739793 0.0 0.0 
r 1.8425929350198214 1.1330455072079069 0.1297061311723661 1.6277753758030182 2.4724769957221926 0.0 0.0 
r 1.8411975083715002 1.161520106380916 0.11966257092880167 1.6320021911855056 2.4854524062766252 0.0 0.0 
r 1.839441222593038 1.1899630524997242 0.10978116043735615 1.6364448678821901 2.4970765669032575 0.0 0.0 
r 1.8374241121562833 1.2173215781084161 0.10043838244475697 1.6409993497536064 2.507265351911668 0.0 0.0 
r 1.8352516283107934 1.2425008393584727 0.09197928954769391 1.6455473001373664 2.5159392430546976 0.0 0.0 
r 1.8330245629027282 1.2644449672282614 0.08469707743104694 1.6499647232687626 2.5230286897565963 0.0 0.0 
r 1.830833231680449 1.2822389797907365 0.07881458884883238 1.6541318788154382 2.528484699531232 0.0 0.0 
r 1.8287494383221912 1.2951797521744361 0.0744771896374738 1.6579456867575304 2.532282144370006 0.0 0.0 
r 1.8268247352330267 1.3028244879077384 0.07175324647790621 1.66132411903287 2.5344199340521985 0.0 0.0 
r 1.8250894945023957 1.3050040857370862 0.0706411602666279 1.6642123031482954 2.5349242909450576 0.0 0.0 
r 1.8235557806912754 1.3018023572570416 0.07108239638139105 1.6665824564281895 2.533838489527645 0.0 0.0 
r 1.82222210599222 1.2934875421465337 0.07298383926044183 1.6684326735086303 2.5312203031661675 0.0 0.0 
r 1.8210794928543481 1.2804784207075226 0.07622783747104081 1.6697790324311998 2.527133796598138 0.0 0.0 
r 1.820118466285262 1.2632623154566973 0.08069440641050729 1.670648182370533 2.521638485026293 0.0 0.0 
r 1.8193357080633568 1.2423543808716564 0.08627199355101733 1.6710676028587128 2.51479015591124 0.0 0.0 
r 1.8187374931072329 1.2182303341114502 0.0928758198700428 1.6710605572139898 2.5066373256815258 0.0 0.0 
r 1.8183430350231327 1.191355616970924 0.10044070864164625 1.6706389606770444 2.4972235580296607 0.0 0.0 
r 1.8181844409701695 1.1621704425069976 0.10892593475547833 1.669800995780041 2.4865941743748157 0.0 0.0 
r 1.8183039280652566 1.1311158441353923 0.11830722836113478 1.6685350986242775 2.4747982522265692 0.0 0.0 
r 1.8187487432201992 1.098657953872013 0.12856634455204607 1.6668169052422466 2.4619068670769195 0.0 0.0 
r 1.819565255721631 1.0653062869812084 0.13967857072815215 1.6646233660369325 2.4480120566807857 0.0 0.0 
r 1.8207906419094677 1.0316099887591312 0.15160141653973752 1.6619353985927612 2.433230091891945 0.0 0.0 
r 1.8224467357044594 0.9981569266889152 0.1642590463337956 1.6587498284500997 2.4177100861077885 0.0 0.0 
r 1.82453442067507 0.965534416082172 0.17753691192635093 1.6550837556048585 2.401633370302645 0.0 0.0 
r 1.8270297210541546 0.934301611222468 0.19127381175232186 1.6509784585496103 2.3852012927518276 0.0 0.0 
r 1.829883847092372 0.9049496006399648 0.2052646419708327 1.646501297441612 2.3686382676272566 0.0 0.0 
r 1.8330267556902002 0.8778731125422413 0.21926878767935548 1.64174058383187 2.352179125147726 0.0 0.0 
r 1.8363705249112212 0.8533755523604112 0.23301252891970425 1.636799288448834 2.3360675456360642 0.0 0.0 
r 1.839818622981427 0.8316569418847487 0.24621060918990076 1.6317845841545096 2.32055126537556 0.0 0.0 
r 1.8432732617598946 0.8128370364464157 0.2585767949113398 1.6267952906677714 2.3058757399280485 0.0 0.0 
r 1.8466456596659007 0.7969671716756741 0.26984458226783997 1.6219118518965105 2.292288105060627 0.0 0.0 
r 1.8498593733147624 0.7840457673776839 0.27978009508124985 1.6171910262174711 2.280023030602304 0.0 0.0 
r 1.852860991181176 0.7740326905853754 0.28820067922553605 1.6126591190233481 2.269310662445701 0.0 0.0 
r 1.855621008091678 0.7668526502092186 0.29498647672364753 1.608308026497623 2.2603636319444025 0.0 0.0 
r 1.8581333361241255 0.7623976470428925 0.3000869174401407 1.6041041350715 2.253368181389685 0.0 0.0 
r 1.860412749884758 0.7605228674083402 0.3035242339075256 1.5999956064728933 2.248477978885587 0.0 0.0 
r 1.8624928696647065 0.7610327593257189 0.3053989589290096 1.5959215851154323 2.2457944076545298 0.0 0.0 
r 1.8644172292574543 0.7636687629660783 0.3058835943365758 1.591829190125629 2.245350527001693 0.0 0.0 
r 1.8662338162228358 0.7681038852412095 0.3052129862602381 1.587682785381361 2.2471016477569052 0.0 0.0 
r 1.867986883635748 0.7739319313048727 0.30367338146219874 1.583476659803247 2.2509205489597757 0.0 0.0 
r 1.8697112462221996 0.7806683398027694 0.30158756303188194 1.5792402224614515 2.256580887972075 0.0 0.0 
r 1.8714264714873314 0.787773505200029 0.2992890812558925 1.5750400129475353 2.2637874813852816 0.0 0.0 
r 1.873133244715946 0.7946690420397358 0.2971062736448656 1.570972013426194 2.2721789137056896 0.0 0.0 
r 1.874813156307988 0.8007913559005573 0.29533265056490166 -1.5744374695297636 2.2813587551574406 0.0 0.0 
r 1.876426188908008 0.8056189327718306 0.2942131725681781 -1.5778672544757142 2.2909242857579413 0.0 0.0 
r 1.8779129513091508 0.8087275584674155 0.293921106317915 -1.5807673676214842 2.300498959791776 0.0 0.0 
r 1.8792000118548282 0.8098210233661929 0.29455080996562527 -1.5830036316414118 2.309765675529052 0.0 0.0 
r 1.880201701908856 0.8087517651968192 0.296110025063494 -1.5844455538686582 2.318480249357089 0.0 0.0 
r 1.880825689601421 0.8055365528279993 0.2985149639181691 -1.5849744580821667 2.3264839360452605 0.0 0.0 
r 1.8809783048625 0.8003256150463071 0.30160789895597895 -1.5844857104353012 2.3337039918715483 0.0 0.0 
r 1.8805711823661622 0.793378182949992 0.3051709545013854 -1.5828916986335544 2.340144440913868 0.0 0.0 
r 1.8795251043172243 0.7850239551778079 0.3089454967566729 -1.5801204010668835 2.345871442458512 0.0 0.0 
r 1.8777785852665185 0.7756245768782022 0.3126584084119676 -1.5761239400389435 2.350983575085774 0.0 0.0 
r 1.875292809528843 0.7655379250927467 0.316046530314741 -1.5708798375863515 2.355600813944081 0.0 0.0 
r 1.8720572649192513 0.7550908173932303 0.31888036337840503 1.577193771799905 2.3598432757622545 0.0 0.0 
r 1.8680943318181615 0.7445585550066872 0.3209855511627917 1.5848633840960684 2.363806827557071 0.0 0.0 
r 1.8634640332522607 0.7341580128820913 0.3222582657317494 1.5936302539798008 2.3675584470717363 0.0 0.0 
r 1.8582654421953002 0.7240409308467053 0.32267750985210936 1.6033562702740054 2.371116662448992 0.0 0.0 
r 1.8526376510925537 0.7142996569413329 0.32230899214266756 1.6138565691953266 2.3744534975128797 0.0 0.0 
r 1.84675560706892 0.7049789730769582 0.3212984699413371 1.6249001988246423 2.3774952614856275 0.0 0.0 
r 1.8408245083211718 0.6960858148050271 0.31986317510968687 1.6362180001898996 2.380126413902072 0.0 0.0 
r 1.8350689331114354 0.6876040990449416 0.31827252753859175 1.6475111938330769 2.3822044496891106 0.0 0.0 
r 1.8297197794930966 0.6795131122753322 0.31682245687296867 1.6584680549288657 2.3835796588474185 0.0 0.0 
r 1.8249960971654116 0.6717982556588974 0.3158065609735701 1.6687801530416027 2.3841145039764706 0.0 0.0 
r 1.821088294879498 0.6644613113939294 0.3154871321688696 1.6781635368689047 2.383706469556903 0.0 0.0 
r 1.8181449365348723 0.6575380495785106 0.3160640739876466 1.686370327569692 2.382303693686935 0.0 0.0 
r 1.8162572160675288 0.651089790016905 0.31765477551792326 1.6932124887388804 2.3799284769976454 0.0 0.0 
r 1.8154533363807308 0.6451801911313763 0.3202941214160835 1.6985717028033984 2.376674448116847 0.0 0.0 
r 1.8156987804529119 0.6398859140888338 0.3239215289588002 1.7024048529836906 2.372703931669087 0.0 0.0 
r 1.8169001531162574 0.6352719953541724 0.32839593786793425 1.7047471604235183 2.368233966115066 0.0 0.0 
r 1.8189162740153715 0.6313770551364947 0.33351730710960636 1.7057072726685922 2.3635142528959 0.0 0.0 
r 1.8215728871296886 0.6282078669744183 0.339050412418763 1.7054552724226988 2.3587977106710185 0.0 0.0 
r 1.8246795708775774 0.6257493721603349 0.34474392079314536 1.704200678232752 2.354316863003694 0.0 0.0 
r 1.8280444211045273 0.623948009546367 0.3503653728175993 1.7021739520632604 2.350253991418251 0.0 0.0 
r 1.8314856918883258 0.6227266915597243 0.3557113844547387 1.699607197812973 2.346726845337359 0.0 0.0 
r 1.8348419590452463 0.621988939836455 0.3606216950727099 1.6967127362613101 2.3437820427458957 0.0 0.0 
r 1.8379762487321354 0.6216269192065497 0.364981010513618 1.69367635387089 2.3413917634812433 0.0 0.0 
r 1.840777869732022 0.6215211769690521 0.36872208060258777 1.6906458904154518 2.3394616212533945 0.0 0.0 
r 1.843158941299838 0.6215547629526939 0.37181057635735565 1.68773752509702 2.3378498072149307 0.0 0.0 
r 1.845049584151791 0.6216169868256787 0.37423472205316116 1.6850418896231987 2.336378956962186 0.0 0.0 
r 1.8463926845960703 0.6216163598595371 0.3759875649502124 1.6826327771557508 2.334855742297621 0.0 0.0 
r 1.8471380462005866 0.6214883341621674 0.3770521625576595 1.6805809410977142 2.333097041404724 0.0 0.0 
r 1.8472379173476552 0.6212086845459271 0.3773847514574088 1.6789608466295918 2.330937900905367 0.0 0.0 
r 1.8466466316378376 0.6207987293283509 0.37690960385413613 1.6778570268795867 2.3282487776202236 0.0 0.0 
r 1.8453223464426936 0.6203309973168111 0.3755170112450845 1.6773649332958684 2.3249399003963482 0.0 0.0 
r 1.8432299883735592 0.6199364132181342 0.37306284699414827 1.6775870239243285 2.3209715729895626 0.0 0.0 
r 1.84035078283864 0.6197942816846913 0.3693907568478941 1.6786248454850274 2.316350722124357 0.0 0.0 
r 1.8366882623487466 0.6201409873978543 0.3643384074628804 1.6805665931754907 2.3111317446807607 0.0 0.0 
r 1.8322765492369193 0.6212564128754796 0.35776515517703394 1.683474161917443 2.3054169033782337 0.0 0.0 
r 1.8271850972945343 0.6234558605216446 0.3495731355507443 1.6873687614078434 2.2993454269697993 0.0 0.0 
r 1.8215218593425635 0.6270824277945517 0.33972705798847536 1.6922173578484474 2.293093458131573 0.0 0.0 
r 1.8154295060751882 0.6324936954311993 0.32826795954597915 1.6979214623662007 2.2868703796890566 0.0 0.0 
r 1.8090794080376145 0.6400432338978682 0.31532368479128176 1.704312547915201 2.280910386846237 0.0 0.0 
r 1.8026569362708105 0.650063172749732 0.30110065375143075 1.7111550640109356 2.275469696022691 0.0 0.0 
r 1.7963511449645992 0.6628419909031561 0.2858755880247128 1.7181516718784529 2.270811830056542 0.0 0.0 
r 1.790339338696712 0.6785870599092365 0.26997930663173453 1.724966650627743 2.2671906618561737 0.0 0.0 
r 1.7847732964782654 0.6973725486266589 0.25377974734703607 1.7312540237139538 2.2648330065280695 0.0 0.0 
r 1.7797683664767796 0.7191258497312989 0.23764189123809934 1.7366986210975106 2.263918299866404 0.0 0.0 
r 1.7754014652011973 0.7435742219222117 0.2219190356465657 1.7410470986052915 2.264530188708668 0.0 0.0 
r 1.771704232399902 0.7702225821456034 0.20692739013766862 1.7441531625454165 2.2666608436510454 0.0 0.0 
r 1.7686696951075693 0.798358270009867 0.1929360881550991 1.745987725427308 2.2701889213645248 0.0 0.0 
r 1.7662588648436839 0.8270818922858469 0.18016128026269934 1.7466413651512274 2.274874169810653 0.0 0.0 
r 1.7644081203968573 0.8553575981610463 0.16876804225433029 1.7463082574033753 2.2803762709414035 0.0 0.0 
r 1.7630374584918425 0.8820950524630085 0.15887259670484943 1.7452571404283244 2.2862764543590073 0.0 0.0 
r 1.7620612628419707 0.906231953021488 0.1505519841692086 1.7437896582006243 2.292117691430176 0.0 0.0 
r 1.7613964593882967 0.9267823051840227 0.14386064159433465 1.7422037322818904 2.297446241556174 0.0 0.0 
r 1.7609689391554106 0.9429285682288174 0.13882725730626524 1.7407648961047317 2.3018472990409236 0.0 0.0 
r 1.760718921985403 0.9540448673243243 0.13546617714134496 1.7396841657413307 2.3049833147970062 0.0 0.0 
