r 0.878203466390024 -2.3138611886732594 0.6513081972516851 -0.5314127532183857 1.644099913416481 0.0 0.0 
r 0.8792128591263025 -2.3130549458967407 0.6495382801796661 -0.5241032847844215 1.6448515929250205 0.0 0.0 
r 0.8806940863216505 -2.3118373445848563 0.646910002769389 -0.5127044401744686 1.646003130351434 0.0 0.0 
r 0.8826122284643633 -2.3102012346113066 0.6434534717531389 -0.49669066072066087 1.6475797768022842 0.0 0.0 
r 0.8849300541581621 -2.3081434732293182 0.6392058073292739 -0.4753480132104359 1.6496128766487104 0.0 0.0 
r 0.8876096007541393 -2.3056663701083457 0.6342109247727078 -0.44779808760743733 1.6521362402840267 0.0 0.0 
r 0.8906182442714327 -2.302781453343224 0.6285171318272764 -0.41302306086249846 1.6551874751356308 0.0 0.0 
r 0.8939320707264234 -2.299510493655013 0.6221747091144264 -0.3700042416209938 1.6588021826904291 0.0 0.0 
r 0.8975354937783303 -2.2958855329585113 0.6152361761716636 -0.3178718817599885 1.663023143174072 0.0 0.0 
r 0.9014240484254223 -2.291949807513331 0.6077543080545381 -0.25628613499223896 1.66789387982213 0.0 0.0 
r 0.9056007507722883 -2.2877534086372227 0.5997813830230564 -0.18586963511483323 1.6734611916193218 0.0 0.0 
r 0.9100720517909653 -2.2833480975404528 0.59136804199137 -0.10862072510917453 1.679776962331167 0.0 0.0 
r 0.9148425891207402 -2.278783335751226 0.5825644605735514 -0.028034600942673626 1.6868981101552052 0.0 0.0 
r 0.9199108988895627 -2.2741008342149316 0.5734192194345048 0.05129779570793325 1.6948863538357692 0.0 0.0 
r 0.9252640526815704 -2.269327371131078 0.563977660125178 0.12476511542306645 1.7037906126412588 0.0 0.0 
r 0.9308727762655887 -2.264470482603452 0.5542825315991587 0.18872086543275268 1.7136582124319362 0.0 0.0 
r 0.936688733874428 -2.2595144275343486 0.5443729246139654 0.24119377578747825 1.7245111912030033 0.0 0.0 
r 0.9426454871993347 -2.2544202633984867 0.5342836220200198 0.2818843025093152 1.7363377450719482 0.0 0.0 
r 0.9486596544864058 -2.2491260753852833 0.5240444685992531 0.31172787373282707 1.7490748839991266 0.0 0.0 
r 0.9546348301691313 -2.2435501590174565 0.513679862413124 0.332287610669896 1.7625928607603567 0.0 0.0 
r 0.9604673390693864 -2.2375974146909003 0.5032093379553572 0.3452807860085201 1.7766822263892097 0.0 0.0 
r 0.9660495169077739 -2.231165398494247 0.49264987028990725 0.3522656489208267 1.7910405887847174 0.0 0.0 
r 0.9712749717739921 -2.2241508048866807 0.4820164635067553 0.3545001860157502 1.8052690722541664 0.0 0.0 
r 0.97604179817685 -2.2164563444821153 0.471324585588963 0.3528245225522215 1.8188760290359294 0.0 0.0 
r 0.9802547457097449 -2.2079985422543422 0.46059389102122505 0.3477659549943726 1.8312849535102935 0.0 0.0 
r 0.9838240974102107 -2.1987118437137467 0.44985126384020857 0.3395305481004458 1.8418572075845274 0.0 0.0 
r 0.9866640041487164 -2.18855280892778 0.4391340103871625 0.3281285465180688 1.8499134319809636 0.0 0.0 
r 0.9886874568473789 -2.17750132723004 0.42849307189640806 0.3132983554841138 1.8547716581064488 0.0 0.0 
r 0.9898035012854236 -2.165560310302066 0.4179928259103886 0.29456721643291295 1.855775993466751 0.0 0.0 
r 0.9899184279634541 -2.152765540155234 0.40771573287823987 0.2712273022419147 1.8523354476951543 0.0 0.0 
r 0.9889292888908378 -2.1391783182608433 0.3977595152844763 0.24227513637735376 1.8439529358310847 0.0 0.0 
r 0.9867311127439612 -2.1248903656566633 0.3882337626158814 0.2063292513653019 1.8302617729919035 0.0 0.0 
r 0.9832195863687563 -2.110023588059092 0.3792573304092664 0.1613657519659265 1.8110641896214068 0.0 0.0 
r 0.9782990978701368 -2.0947294988284684 0.37095302831734533 0.10448427335913901 1.7863621671071281 0.0 0.0 
r 0.9718928507977892 -2.0791867171636813 0.3634415373311081 0.031459630749912426 1.7564017945858112 0.0 0.0 
r 0.9639577361928372 -2.063597752587123 0.35683388403788663 -0.06388975760147464 1.7216966483019442 0.0 0.0 
r 0.9544952703685431 -2.048180102306614 0.35122468178278654 -0.19043855283319355 1.6830525712124493 0.0 0.0 
r 0.9435637188989755 -2.0331553706575356 0.3466843007501995 -0.3595138522077249 1.6415598502760327 0.0 0.0 
r 0.9312859023243526 -2.0187380032355335 0.34325366161500864 -0.5808480451669537 1.5985550412683287 0.0 0.0 
r 0.9178556993108549 -2.0051244941028807 0.34093855238125514 -0.8503364689487782 -1.586043389252777 0.0 0.0 
r 0.9035382716602774 -1.9924821414840868 0.3397044517028044 -1.1366786972207525 -1.627462193504435 0.0 0.0 
r 0.8886638129608222 -1.9809424209497122 0.3394748789181655 -1.3944081322382784 -1.6657425393669305 0.0 0.0 
r 0.8736184771400393 -1.9705981986544427 0.34013020673299865 -1.5967024449728826 -1.6994664459752487 0.0 0.0 
r 0.8588279999818436 -1.9615041513526708 0.34151018781721376 -1.74218649813683 -1.7274228084380812 0.0 0.0 
r 0.8447379807893983 -1.9536795278924808 0.34341851808563295 -1.8399620884834733 -1.748649143416875 0.0 0.0 
r 0.8317933038595137 -1.94711495349727 0.3456315830446024 -1.8986342741112043 -1.7624377269625437 0.0 0.0 
r 0.8204177928287835 -1.9417792338516802 0.3479092032271773 -1.9228273693195572 -1.7683271900689481 0.0 0.0 
r 0.8109941103683925 -1.9376258925398813 0.3500084547622119 -1.9125789853750383 -1.7660808477316603 0.0 0.0 
r 0.803846158435893 -1.93459947940286 0.35169965463684655 -1.8630838211408283 -1.7556691543985758 0.0 0.0 
r 0.7992249630502771 -1.9326401067118795 0.352781896508983 -1.7644340269396974 -1.7372536058622592 0.0 0.0 
r 0.7973013511491549 -1.9316890615014326 0.3530974307790156 -1.6038877787354364 -1.7111905570204782 0.0 0.0 
r 0.7981576216359818 -1.9316901172542842 0.3525429883675056 -1.3768307954720793 -1.6780255738286811 0.0 0.0 
r 0.8017857811260907 -1.932591201170343 0.3510760716256144 -1.1082557921889329 -1.6385023158550016 0.0 0.0 
r 0.8080891477211267 -1.9343446159329716 0.34871553182901127 -0.8527192641650065 -1.5935551299249802 0.0 0.0 
r 0.8168858452563545 -1.9369050650344 0.345536495032812 -0.6513570766850403 1.5972930230533364 0.0 0.0 
r 0.8279178523922308 -1.940227672729173 0.3416600938532859 -0.5094805229558111 1.6495949307841584 0.0 0.0 
r 0.8408637594686613 -1.9442649549797681 0.3372394289304777 -0.41440609668458217 1.7035758294092975 0.0 0.0 
r 0.8553510815848423 -1.9489617259489722 0.3324448573663998 -0.35213265907897096 1.7578198457305785 0.0 0.0 
r 0.8709733842523942 -1.9542499449287245 0.3274483099670256 -0.3121742331596456 1.81091980987842 0.0 0.0 
r 0.8873071479168072 -1.9600448195956464 0.3224114623941799 -0.28743844520446726 1.861524240583799 0.0 0.0 
r 0.9039313334351731 -1.9662408379021774 0.31747441954482825 -0.27322119578190923 1.9083773570727622 0.0 0.0 
r 0.9204415279790876 -1.9727079306903883 0.3127493573598576 -0.26637938042414605 1.9503424829513114 0.0 0.0 
r 0.9364670158407964 -1.9792932999312052 0.30831734303762065 -0.2647838912399498 1.9864149751023406 0.0 0.0 
r 0.9516810374146862 -1.985824223830583 0.30422890239078 -0.26698835894178413 2.0157262782610257 0.0 0.0 
r 0.9658082070099142 -1.9921149821445272 0.3005075105047933 -0.2720106714880603 2.0375501813125307 0.0 0.0 
r 0.978629727141019 -1.9979760262502677 0.297153582368917 -0.2792197882573247 2.051305480313406 0.0 0.0 
r 0.9899839786529903 -2.0032263992491144 0.29415125214435794 -0.2882437785831049 2.056569428934697 0.0 0.0 
r 0.9997616976373221 -2.007706101624736 0.29147645557289426 -0.29892624436708526 2.0530969584381804 0.0 0.0 
r 1.0079036621397865 -2.011289592489585 0.2891032947551564 -0.31130472537882103 2.040845432652703 0.0 0.0 
r 1.0143934272600028 -2.013893364433072 0.2870090699915562 -0.32559825841020373 2.020001631782417 0.0 0.0 
r 1.0192476943814202 -2.015481619088126 0.2851802425264835 -0.3422142264663436 1.9910042326055026 0.0 0.0 
r 1.0225175722971633 -2.01607650757769 0.2836162051147422 -0.36176906153137156 1.954576701437766 0.0 0.0 
r 1.0242735158077172 -2.015746793194583 0.28232941264035094 -0.3851283144207207 1.9116895769662503 0.0 0.0 
r 1.0246033313209888 -2.0146051606051465 0.28134519190305296 -0.413461271866042 1.8635566735659268 0.0 0.0 
r 1.0236083093444623 -2.0127992579898244 0.2806994923058697 -0.4483288798114992 1.811561372673641 0.0 0.0 
r 1.021397837583774 -2.010498742944732 0.28043555747939514 -0.49178571796379134 1.757175766137586 0.0 0.0 
r 1.0180878727859004 -2.0078821178732014 0.2805983905921657 -0.5464927056711686 1.701867027685861 0.0 0.0 
r 1.0137992904589308 -2.0051240280072533 0.28122939679113607 -0.6157867603666447 1.6470108155296208 0.0 0.0 
r 1.0086542652037342 -2.002382185196971 0.2823612967556151 -0.7035646243846457 1.5938283138760707 0.0 0.0 
r 1.0027770559750417 -1.9997891964154069 0.2840129202227385 -0.8136724173916817 -1.598237786490688 0.0 0.0 
r 0.9962927057503256 -1.9974451758909337 0.28618478994624114 -0.9483546728869293 -1.645158153101418 0.0 0.0 
r 0.9893240366324662 -1.9954127339404641 0.28885638815962705 -1.1055624569535438 -1.6878528149458603 0.0 0.0 
r 0.9819900554233254 -1.9937167851476252 0.2919852385448913 -1.2764222010343085 -1.7257934930511452 0.0 0.0 
r 0.9744063956154467 -1.9923479725124529 0.29550697860162967 -1.445989409097546 -1.758563402225553 0.0 0.0 
r 0.9666829905518584 -1.991267604365167 0.29933815091791716 -1.5987537347496246 -1.7858265942662448 0.0 0.0 
r 0.9589237345028359 -1.9904152541387141 0.3033801004243197 -1.7244706677999504 -1.8073068649339907 0.0 0.0 
r 0.9512250561955454 -1.9897130204706786 0.30752153296761603 -1.819613985815472 -1.8227777398261722 0.0 0.0 
r 0.943681557755018 -1.9890818617036987 0.3116467683381733 -1.8849058218717025 -1.8320567307420468 0.0 0.0 
r 0.9363827034751893 -1.9884450680388936 0.31564042528305397 -1.9224596736480324 -1.8350066571216468 0.0 0.0 
r 0.9294185972591064 -1.9877367404090076 0.3193910409445305 -1.9338571153818698 -1.8315443292683358 0.0 0.0 
r 0.922882240053501 -1.9869079414886082 0.3227955614236227 -1.9191364654326624 -1.8216518941199198 0.0 0.0 
r 0.9168715203053126 -1.9859307330459564 0.32576267825312166 -1.8762197265630316 -1.805400864224172 0.0 0.0 
r 0.9114894863003249 -1.9847995082997438 0.328215210374871 -1.8006443657499578 -1.7829619974736803 0.0 0.0 
r 0.9068456781407781 -1.983530630940232 0.33009040520902944 -1.6858355617291374 -1.7546323146492395 0.0 0.0 
r 0.9030533062056549 -1.98216018254652 0.33134111521909837 -1.525382824786696 -1.7208522565925168 0.0 0.0 
r 0.9002240630458719 -1.9807391152989438 0.33193601372383663 -1.3195365716244623 -1.682219469939038 0.0 0.0 
r 0.8984621976178069 -1.9793279384656934 0.3318594823767314 -1.0844327048253541 -1.6394937903646223 0.0 0.0 
r 0.8978579774593578 -1.9779912795811483 0.33111133498574435 -0.8515717844297368 -1.5935876072271349 0.0 0.0 
r 0.8984787339242462 -1.9767913103731036 0.3297066552661921 -0.6497852162629726 1.5960543064115955 0.0 0.0 
r 0.9003617629509826 -1.9757828341736137 0.3276754512557239 -0.49041916377075223 1.6451215995529203 0.0 0.0 
r 0.9035086449458127 -1.9750084396731449 0.32506116896268916 -0.3705390102531076 1.6940461466844197 0.0 0.0 
r 0.9078796727218615 -1.9744943543711915 0.32191957872687327 -0.28214488056233955 1.7416844457925977 0.0 0.0 
r 0.913394487460847 -1.9742493269455685 0.3183163644652142 -0.21743785192811504 1.7869593118301461 0.0 0.0 
r 0.9199335780542309 -1.97426381909013 0.31432465647051266 -0.1703154212799366 1.8288970639040392 0.0 0.0 
r 0.9273424291607254 -1.974510768129781 0.3100225719636063 -0.1363433538759109 1.8666474196034262 0.0 0.0 
r 0.9354391547426768 -1.9749473656376124 0.30548986180562265 -0.11236148042024008 1.8994987569885453 0.0 0.0 
r 0.944024027733137 -1.9755189611970698 0.30080550067931067 -0.09611110452495142 1.9268668990058035 0.0 0.0 
r 0.9528896689593565 -1.976162975411966 0.29604512859264726 -0.08597287803220721 1.9482986157889046 0.0 0.0 
r 0.9618312629152916 -1.9768143361909551 0.2912797526808415 -0.08078543616065781 1.9634567088842962 0.0 0.0 
r 0.9706538666031574 -1.9774094213458986 0.2865749153309404 -0.07973188561555389 1.972118051582909 0.0 0.0 
r 0.9791794581839056 -1.9778911072495466 0.2819906582836457 -0.08226752397014792 1.9741686907475027 0.0 0.0 
r 0.9872506398181848 -1.9782128634056801 0.2775824397865039 -0.08808620238274134 1.9696094916245628 0.0 0.0 
r 0.9947313695055016 -1.9783413196095248 0.2734023936895613 -0.09710475530977791 1.9585624163639728 0.0 0.0 
r 1.0015066325264241 -1.9782580811022654 0.2695005007621764 -0.10947165618955212 1.9412781194578614 0.0 0.0 
r 1.007479261197854 -1.9779601285643302 0.26592632847938813 -0.12558949773113282 1.9181460346413113 0.0 0.0 
r 1.012568358721501 -1.977459763904709 0.26272961116940324 -0.14616494075153252 1.889698593271175 0.0 0.0 
r 1.0167063730212098 -1.9767832886045835 0.25996088199854006 -0.17228008825948882 1.8566109908758763 0.0 0.0 
r 1.0198385287477911 -1.9759688835917233 0.2576704886214908 -0.2055044484685582 1.8196916629952122 0.0 0.0 
r 1.0219224687698238 -1.975064819725565 0.2559080089255834 -0.24804191665836683 1.779865032540346 0.0 0.0 
r 1.022929354041473 -1.9741252602021702 0.2547194907707061 -0.30293337855641855 1.7381419501701088 0.0 0.0 
r 1.0228460562671777 -1.9732068009857688 0.2541448081518734 -0.3742420205722911 1.6955858260409564 0.0 0.0 
r 1.0216799827868916 -1.9723642471838718 0.25421313085765906 -0.4670765958886566 1.653273790466716 0.0 0.0 
r 1.0194610081919877 -1.971646551206993 0.2549399737146949 -0.5869671021946133 1.6122581635765503 0.0 0.0 
r 1.0162440872103895 -1.9710924395109624 0.2563233252451774 -0.7376819218616893 1.5735335182843089 0.0 0.0 
r 1.0121126347355822 -1.970727373060773 0.25833973352511586 -0.9167535469727792 -1.6035854096962274 0.0 0.0 
r 1.0071756335413458 -1.9705601349747295 0.2609429207351403 -1.110823156210795 -1.6351132116630986 0.0 0.0 
r 1.0015667607957774 -1.970581669386148 0.2640621890988193 -1.2974063700724132 -1.6619583544109684 0.0 0.0 
r 0.9954435722091959 -1.9707669875866738 0.26760243563328334 -1.4552627358966 -1.6835620943016365 0.0 0.0 
r 0.9889764190042846 -1.9710728935999402 0.271446707107802 -1.5730400999757244 -1.699493483892976 0.0 0.0 
r 0.9823517045992117 -1.971448050655137 0.27545967345979055 -1.6485661648615664 -1.7094455398796131 0.0 0.0 
r 0.9757621094997416 -1.9718343512707692 0.2794927618185519 -1.6835511916281232 -1.7132414251414074 0.0 0.0 
r 0.9694002584092188 -1.9721714148337817 0.28339036339238327 -1.679384996636986 -1.710833462581716 0.0 0.0 
r 0.9634558774522552 -1.9724041614682688 0.28699726054342445 -1.6352704136176377 -1.702309763629636 0.0 0.0 
r 0.9581082434961886 -1.9724858747666063 0.29016633299206557 -1.548100839518276 -1.6878989700613132 0.0 0.0 
r 0.9535221810715873 -1.9723824996397283 0.29276584506136294 -1.4144500745085304 -1.6679785449569402 0.0 0.0 
r 0.9498438233870578 -1.972075438221568 0.2946861442297954 -1.235791402830744 -1.643074887034626 0.0 0.0 
r 0.9471933718495774 -1.971560995826987 0.29584558651161325 -1.0258300346978542 -1.6138656386009937 0.0 0.0 
r 0.9456615083839351 -1.970850343318976 0.29619438413457694 -0.8111322678294933 -1.5811637366063973 0.0 0.0 
r 0.9453050382798126 -1.9699674572006014 0.29571671224223517 -0.6183255781494085 1.5956929947496519 0.0 0.0 
r 0.9461426469821409 -1.9689461229043124 0.2944312015765766 -0.46081174071838027 1.6325077381182045 0.0 0.0 
r 0.9481501804870124 -1.9678250853550516 0.29238939713652645 -0.33881870381368956 1.6698185860218109 0.0 0.0 
r 0.9512612800035832 -1.966645153663748 0.28967183738507246 -0.2465386075648579 1.706573516882224 0.0 0.0 
r 0.9553659540761732 -1.9654448736238181 0.2863837106654151 -0.17728136773656378 1.7417679048763353 0.0 0.0 
r 0.9603137346133671 -1.9642570334766372 0.2826482993856119 -0.12547478631839004 1.77448268472539 0.0 0.0 
r 0.9659189683022988 -1.9631066932218029 0.27860053939875945 -0.08693574100940471 1.8039117762294172 0.0 0.0 
r 0.9719678866992394 -1.9620094039868703 0.2743801837889823 -0.05869087207837986 1.829378069129318 0.0 0.0 
r 0.9782285071583647 -1.9609715388784466 0.27012562876732593 -0.03865359512039668 1.850344975582615 0.0 0.0 
r 0.9844616127843261 -1.9599909939692333 0.26596814388439083 -0.025375100074633727 1.8664146484087483 0.0 0.0 
r 0.9904324123772544 -1.9590592106885723 0.26202736156606965 -0.017865043984783835 1.8773250960099608 0.0 0.0 
r 0.9959221397851192 -1.958164772321609 0.2584084102373361 -0.015476244000581674 1.8829437016616979 0.0 0.0 
r 1.0007380483989297 -1.9572966059455659 0.25519988951201306 -0.017813656369221054 1.8832613182979652 0.0 0.0 
r 1.0047217530168466 -1.9564466308426118 0.25247243568415245 -0.024698234553221843 1.8783879637730827 0.0 0.0 
r 1.0077549989926684 -1.955613116866084 0.25027911642743195 -0.03613721223033739 1.8685477614084958 0.0 0.0 
r 1.0097622646100948 -1.9548020301619333 0.24865597503110756 -0.052311897929573914 1.8540750876161167 0.0 0.0 
r 1.0107095126452594 -1.9540258660363732 0.2476227335365565 -0.07358880951075819 1.8354103634478642 0.0 0.0 
r 1.0106045732246094 -1.953306848388234 0.24718544795276354 -0.10054095337531166 1.8130928070776213 0.0 0.0 
r 1.009489898544936 -1.952669500208676 0.2473357061282198 -0.13396969499761968 1.7877504413962617 0.0 0.0 
r 1.0074378773227755 -1.9521408366892474 0.24805345710732168 -0.17494053632460205 1.7600861143103197 0.0 0.0 
r 1.004544821469542 -1.9517461395008349 0.24930723505693875 -0.2247924236137141 1.7308575699295432 0.0 0.0 
r 1.0009236602793983 -1.9515062696807368 0.2510558290402421 -0.28510131440125547 1.7008568897188725 0.0 0.0 
r 0.9966982220799924 -1.9514362032890726 0.2532497091741651 -0.35753956218168653 1.6708855334236532 0.0 0.0 
r 0.9919985421111318 -1.9515437592650295 0.255831863408893 -0.4434958512662232 1.6417325630604604 0.0 0.0 
r 0.9869558917624545 -1.9518295013840414 0.2587395178830167 -0.5433763519609482 1.6141482285780513 0.0 0.0 
r 0.9816992056301784 -1.9522867359072409 0.26190520293483466 -0.6555185535436466 1.5888292765837804 0.0 0.0 
r 0.9763522925890622 -1.9529021830357147 0.2652579836013606 -0.7751084335821488 -1.5751918893350516 0.0 0.0 
r 0.9710313674604932 -1.953656648761958 0.26872469668443116 -0.8938836788931916 -1.5941850945316234 0.0 0.0 
r 0.9658440002969068 -1.954526122330689 0.2722309466476778 -1.001385124790644 -1.6092856277440013 0.0 0.0 
r 0.9608864041043236 -1.9554812780321256 0.27570206369039657 -1.0873570055438926 -1.6201326463194212 0.0 0.0 
r 0.9562425099229552 -1.9564876337603512 0.27906377529017734 -1.1436990488391798 -1.626463030080346 0.0 0.0 
r 0.9519817151480563 -1.9575046003018788 0.2822429757076718 -1.1650012775963636 -1.6281167647450008 0.0 0.0 
r 0.9481581149816171 -1.9584848920384208 0.2851680977022702 -1.1481288548858055 -1.6250441405316107 0.0 0.0 
r 0.9448108285503869 -1.9593766997567186 0.2877711215205855 -1.0920841624393023 -1.617311681966835 0.0 0.0 
r 0.9419620666660268 -1.9601234461069748 0.2899891343518061 -0.99901480319512 -1.6051075385337987 0.0 0.0 
r 0.9396212744310238 -1.960666715692074 0.2917649088080116 -0.8760529430391407 -1.5887481652261997 0.0 0.0 
r 0.9377840094697933 -1.9609508169087804 0.29305178222296324 -0.7359341732823789 1.572913756925747 0.0 0.0 
r 0.9364361840046824 -1.9609267742737362 0.2938149480279494 -0.5941305169282389 1.596121484385529 0.0 0.0 
r 0.9355550088632109 -1.960558910476514 0.2940365490654248 -0.4635866993429966 1.621782469568329 0.0 0.0 
r 0.9351141280275531 -1.9598280337353473 0.2937154787077216 -0.35134049945765744 1.6491196699390236 0.0 0.0 
r 0.9350817769182661 -1.9587361164152253 0.29287217325213816 -0.2589478426907905 1.6772909482721308 0.0 0.0 
r 0.9354237699908061 -1.9573067265549653 0.2915470035394702 -0.1847733931052492 1.705426650794918 0.0 0.0 
r 0.9361039542794096 -1.9555835587308255 0.2897984209090211 -0.12604268682074804 1.732664210866802 0.0 0.0 
r 0.9370821311633776 -1.9536278062564667 0.28770148576070775 -0.07995909019130976 1.758184799328891 0.0 0.0 
r 0.9383126204597573 -1.9515123119781002 0.28534338874293275 -0.04415008866796921 1.7812434827118417 0.0 0.0 
r 0.9397425618335842 -1.9493154585829622 0.28281892454571544 -0.01676464880199835 1.801187344867406 0.0 0.0 
r 0.9413089794984539 -1.9471121803438471 0.28022451680056615 0.0035821770605998227 1.8174711073100438 0.0 0.0 
r 0.9429368903630456 -1.944968215856546 0.27765437458036224 0.017888380604836773 1.829659254626525 0.0 0.0 
r 0.9445404067015705 -1.9429348820619556 0.2751956334800715 0.02682155878034609 1.837423878255787 0.0 0.0 
r 0.9460219888584108 -1.9410454129916466 0.2729260233112044 0.030788837291680915 1.840543192184972 0.0 0.0 
r 0.9472759863721775 -1.9393142606283709 0.2709116919468972 0.02995984806812102 1.8388937226011728 0.0 0.0 
r 0.9481913692094595 -1.9377374795371696 0.26920648794827856 0.02426743770927342 1.8324488913212296 0.0 0.0 
r 0.94865925139343 -1.936298757670459 0.2678530401504863 0.013382155109308735 1.8212777923824253 0.0 0.0 
r 0.9485779269380977 -1.9349723182048846 0.2668827813773395 -0.003354268052279452 1.8055474814324841 0.0 0.0 
r 0.9478609737857281 -1.9337290236558202 0.26631669544747244 -0.02704197375298445 1.7855311786547423 0.0 0.0 
r 0.9464448750635094 -1.9325424796603523 0.2661662379885547 -0.05942203605011254 1.7616150679516096 0.0 0.0 
r 0.9442938025950753 -1.9313933575671418 0.2664343372749881 -0.10320244021737324 1.7343068424089982 0.0 0.0 
r 0.9414060177217545 -1.9302745724571606 0.26711614244739024 -0.16258524482190373 1.7042419365373227 0.0 0.0 
r 0.9378132066582306 -1.9291886993652465 0.26819754466449225 -0.24405699243725865 1.6721767369889964 0.0 0.0 
r 0.9335848995048328 -1.9281522024381716 0.26965616488617417 -0.35739386349492097 1.6389793476813332 0.0 0.0 
r 0.9288205593514475 -1.9271913958210678 0.2714624706888923 -0.5159003519578015 1.605604051767198 0.0 0.0 
r 0.9236488781051191 -1.9263391404516326 0.27357740441884015 -0.732320706094671 1.5730510728955727 0.0 0.0 
r 0.918218511544076 -1.9256350716583202 0.2759572320210568 -1.0033020846838028 -1.599263038502136 0.0 0.0 
r 0.912692177195094 -1.9251184279029427 0.2785505418760975 -1.2906210468893002 -1.6271880865087085 0.0 0.0 
r 0.9072359460209629 -1.9248252094436893 0.28130108397452613 -1.5389921377428044 -1.651439257976928 0.0 0.0 
r 0.902012142042084 -1.9247866393599857 0.2841496955092049 -1.7197108852706138 -1.6712634759252136 0.0 0.0 
r 0.8971731947956227 -1.9250268390117866 0.2870351386343062 -1.8346975088147348 -1.6860582500293895 0.0 0.0 
r 0.8928560528589917 -1.9255623285177619 0.2898962967893422 -1.8952269444921583 -1.695387991442225 0.0 0.0 
r 0.889179628906875 -1.9264000707781317 0.29267170246093266 -1.9097515855138418 -1.698991150744277 0.0 0.0 
r 0.8862442015006986 -1.9275384348801776 0.29530064286598356 -1.8809707028354827 -1.6967796580956016 0.0 0.0 
r 0.8841317176868612 -1.9289676304644943 0.2977235672392523 -1.806140897235114 -1.6888388492167286 0.0 0.0 
r 0.8829059181881442 -1.9306690363948489 0.29988185953728236 -1.6785178107026373 -1.6754151005169329 0.0 0.0 
r 0.8826250626891916 -1.9326206336963225 0.30171572768153354 -1.4930764908856422 -1.6569114165375134 0.0 0.0 
r 0.8833349166298863 -1.9347940841611655 0.3031663427052755 -1.2590737492289767 -1.6338663325031295 0.0 0.0 
r 0.8850758689363185 -1.9371538818156369 0.30417172523164754 -1.009895060090003 -1.606932003764535 0.0 0.0 
r 0.8878829633082521 -1.939661962413963 0.3046714462753782 -0.7873711904688673 -1.5768605142761747 0.0 0.0 
r 0.8917825034352778 -1.9422741908976762 0.3046064511276496 -0.6134318924900839 1.5971394915134678 0.0 0.0 
r 0.8967900222870732 -1.9449391647187477 0.3039201725194025 -0.48741606448877983 1.6310572027570684 0.0 0.0 
r 0.9029022885475576 -1.9475969563276299 0.3025631571037619 -0.39948953450557106 1.66567242901108 0.0 0.0 
r 0.9100897024364153 -1.9501768258504681 0.3004966288017526 -0.33959320053996894 1.7002141159097863 0.0 0.0 
r 0.9182885649708894 -1.9525974681512315 0.2976981397401396 -0.29997051314920686 1.7339726902393824 0.0 0.0 
r 0.927393708596539 -1.954767260308173 0.294166681795047 -0.2751001975399293 1.7663111906035793 0.0 0.0 
r 0.9372523636092973 -1.956585981609065 0.2899277396637431 -0.2610967451792303 1.7966610489802233 0.0 0.0 
r 0.9476628938834262 -1.9579499923830788 0.2850374682789084 -0.25518675905730803 1.8245120721693606 0.0 0.0 
r 0.958376517353534 -1.9587589621540624 0.2795852716921418 -0.2553393918867438 1.849395384151578 0.0 0.0 
r 0.9691044742021494 -1.9589245203646075 0.27369356009435053 -0.2600374233048136 1.8708659172559179 0.0 0.0 
r 0.9795315984524927 -1.9583830787710632 0.26751589591694414 -0.26813420734939303 1.888489717040604 0.0 0.0 
r 0.9893314391075289 -1.9571068783336711 0.2612320949149294 -0.2787747580806871 1.9018330212753625 0.0 0.0 
r 0.9981848113953593 -1.9551153254659916 0.2550415379524311 -0.2913430377234054 1.910463466818215 0.0 0.0 
r 1.005799215655993 -1.9524827615127447 0.2491543128191109 -0.30543134483961265 1.9139689976460232 0.0 0.0 
r 1.0119258501594137 -1.949339737820518 0.24378109609315113 -0.32082611662209065 1.9119795477955508 0.0 0.0 
r 1.0163754540405505 -1.9458696160607833 0.23912334134639657 -0.33750241079561116 1.9042057927869367 0.0 0.0 
r 1.0190240942001525 -1.942294499010203 0.23536463158560117 -0.35562446513866647 1.890481552178402 0.0 0.0 
r 1.019821655352517 -1.9388568677306754 0.23266046559972922 -0.375560623823065 1.8708080921369301 0.0 0.0 
r 1.018788966802191 -1.9357976676199145 0.23113287814456218 -0.3979090707989501 1.845393740970319 0.0 0.0 
r 1.0160134191151904 -1.9333332323895929 0.23086453252534708 -0.42354568520409525 1.8146773977226214 0.0 0.0 
r 1.0116389434000077 -1.9316388890608267 0.23189784398232316 -0.4536981934382461 1.7793280386022874 0.0 0.0 
r 1.0058578539462422 -1.9308359229265037 0.23423199065184513 -0.49005145182683424 1.7402231621769029 0.0 0.0 
r 0.9988955474398653 -1.930987017889247 0.23782546028763885 -0.5349122698709617 1.6983953728729626 0.0 0.0 
r 0.9909979043755907 -1.9320984438505653 0.24259877401533061 -0.5914127459496648 1.6549698979215355 0.0 0.0 
r 0.9824216925840483 -1.9341267666841873 0.24843697901412548 -0.6637332540948395 1.6110952448529507 0.0 0.0 
r 0.9734218953708372 -1.9369884302533846 0.2551952960517929 -0.7572068954789486 -1.5737166393943978 0.0 0.0 
r 0.9642427895986658 -1.9405709252040801 0.2627049569455762 -0.8778712278855056 -1.6152681840973149 0.0 0.0 
r 0.9551108961161457 -1.944743865523883 0.270779919883472 -1.0305544220322684 -1.6542604375225771 0.0 0.0 
r 0.9462306672712668 -1.949367530166185 0.2792225964414094 -1.214502367087686 -1.6899345780751294 0.0 0.0 
r 0.937779360117953 -1.9543003897427413 0.2878316176931422 -1.4180571711218215 -1.7216599481766515 0.0 0.0 
r 0.929907335655638 -1.9594061256693571 0.2964083391919449 -1.619119337900948 -1.748926189240938 0.0 0.0 
r 0.9227361857672239 -1.9645571455751099 0.3047633987615992 -1.795474947673263 -1.7713289017155691 0.0 0.0 
r 0.9163596435411333 -1.9696386539064121 0.31272313380395855 -1.9350666693850633 -1.7885610158937522 0.0 0.0 
r 0.9108438767122388 -1.9745498424746588 0.3201344917504792 -2.0364612268899145 -1.8004098308319476 0.0 0.0 
r 0.9062290349955736 -1.9792072695109202 0.3268709439898214 -2.103415440903716 -1.806756255768312 0.0 0.0 
r 0.9025299700991752 -1.9835457357409338 0.3328364754785909 -2.1404144197330286 -1.807586368499113 0.0 0.0 
r 0.8997359414715168 -1.9875175368086209 0.3379681867389262 -2.150595672031547 -1.8030043236990463 0.0 0.0 
r 0.8978124888754125 -1.9910932572870579 0.3422379894454061 -2.135077868916162 -1.7932506069066578 0.0 0.0 
r 0.8967028862933656 -1.9942599727738348 0.3456514733599956 -2.0928045183993 -1.7787215175678874 0.0 0.0 
r 0.8963299252471261 -1.9970218299633586 0.34824772474176985 -2.0206478648580903 -1.7599844181501618 0.0 0.0 
r 0.8965950365375435 -1.9993937114699634 0.35009430420175464 -1.9140458427756784 -1.7377848141421763 0.0 0.0 
r 0.8973858155888442 -2.001401147216984 0.35128148058286707 -1.769220595753198 -1.7130429205490927 0.0 0.0 
r 0.8985741153067338 -2.0030755373615796 0.3519183672650923 -1.5881458943477913 -1.6868246753105405 0.0 0.0 
r 0.9000242387275299 -2.00444949890317 0.3521224166292406 -1.3844663007623002 -1.660307046744104 0.0 0.0 
r 0.9015972334593477 -2.0055568474825427 0.35201552061338054 -1.1828960520517897 -1.634710445589963 0.0 0.0 
r 0.9031572055886474 -2.0064301430458866 0.35171691379511516 -1.007384320225947 -1.6112283836071688 0.0 0.0 
r 0.9045776358243468 -2.007096424741023 0.35133483348363714 -0.8704046485775137 -1.5909731910417038 0.0 0.0 
r 0.9057485436112327 -2.0075771767062878 0.3509614858325947 -0.7731268646486444 -1.5748946898464289 0.0 0.0 
r 0.9065793743290322 -2.0078874847173203 0.3506703812626374 -0.7117651868289783 1.577849559064904 0.0 0.0 
