r -1.0765252336933278 -3.573809140967007 0.8628086600301748 2.1245178120455783 0.6430682407911897 0.0 0.0 
r -1.0775456485252919 -3.572905375437941 0.862775461064305 2.1264473937015516 0.6466057516368484 0.0 0.0 
r -1.0790271385338677 -3.5715832259447233 0.8627406557124844 2.1293322032645357 0.6516994539372739 0.0 0.0 
r -1.0809122533279556 -3.5698824333161703 0.8627211271081464 2.133155405263885 0.6581089331698934 0.0 0.0 
r -1.0831284721492773 -3.5678543294858653 0.8627368041709513 2.1378885532481218 0.6655384728759131 0.0 0.0 
r -1.0855911125896682 -3.565560531725675 0.8628089240264595 2.143487090559572 0.6736540878693024 0.0 0.0 
r -1.0882075471463681 -3.563070551584789 0.8629580940738149 2.1498862129136853 0.6821034284024213 0.0 0.0 
r -1.0908806641027726 -3.560459805731168 0.8632026531875475 2.156996559062261 0.6905356610767264 0.0 0.0 
r -1.0935136630093365 -3.557806364931024 0.8635570275851316 2.1647012780603996 0.6986205499884682 0.0 0.0 
r -1.0960150513967002 -3.555187147491342 0.8640305381554372 2.1728582659610045 0.7060636821333973 0.0 0.0 
r -1.0983014696162101 -3.552675169098162 0.8646274277449065 2.1813028212332464 0.7126195748659001 0.0 0.0 
r -1.1003026788208021 -3.550335831774258 0.865345593731956 2.189852395032287 0.7181014603100393 0.0 0.0 
r -1.1019650206571625 -3.548223131735745 0.8661773746310653 2.1983159517711446 0.7223822933617312 0.0 0.0 
r -1.1032522250579782 -3.546377811695797 0.8671110740216385 2.2064996020503815 0.7254026546116985 0.0 0.0 
r -1.104147955792135 -3.544825387889912 0.8681306433086527 2.21422222658516 0.7271628419106121 0.0 0.0 
r -1.10465618405468 -3.5435749095743714 0.8692171263145536 2.2213152933383786 0.7277174190950458 0.0 0.0 
r -1.104800081125033 -3.5426198733929333 0.87034904399256 2.2276404146740836 0.72716784302547 0.0 0.0 
r -1.1046231542759761 -3.541936829409646 0.8715032087454945 2.2330886580904696 0.7256500727426024 0.0 0.0 
r -1.1041855708955213 -3.5414879269166826 0.8726560380590365 2.237587287154958 0.7233204029877417 0.0 0.0 
r -1.1035626993653265 -3.5412227666311753 0.8737830338483037 2.2410973214329526 0.7203453180983266 0.0 0.0 
r -1.1028430875314712 -3.5410799277675236 0.8748593246966918 2.24361870749353 0.7168865812506252 0.0 0.0 
r -1.1021262492243475 -3.540989328888024 0.8758592130937444 2.2451810628321685 0.7130968882031493 0.0 0.0 
r -1.101517320619271 -3.540875729658857 0.8767578824848985 2.2458451668829107 0.7091018451362507 0.0 0.0 
r -1.101126760357525 -3.5406595507054153 0.8775305324727533 2.245692484144583 0.7050042019189511 0.0 0.0 
r -1.1010673184119226 -3.54025909257063 0.8781528565429042 2.2448273537139536 0.7008784706139511 0.0 0.0 
r -1.1014515504457747 -3.5395917389139706 0.8786021809814338 2.243364691825944 0.6967735134667461 0.0 0.0 
r -1.102389248527436 -3.5385756742150183 0.8788579514107419 2.2414321343777384 0.692713622807274 0.0 0.0 
r -1.1039843821942672 -3.5371311686635187 0.878903387931429 2.2391598562261175 0.6887048783615115 0.0 0.0 
r -1.106333764495584 -3.5351810079662873 0.8787262299247569 2.236670505199162 0.6847381140876637 0.0 0.0 
r -1.1095213017242924 -3.532653785511603 0.8783209834615022 2.2340762774344967 0.6807944023419613 0.0 0.0 
r -1.1136153571354819 -3.5294857213671698 0.8776895106942797 2.231473282070071 0.6768479476707463 0.0 0.0 
r -1.1186650346435978 -3.5256231553458894 0.8768421731612979 2.228930447713592 0.6728681782794371 0.0 0.0 
r -1.1246951141728794 -3.5210267264290223 0.8757985050458943 2.2264827786776347 0.6688263447610757 0.0 0.0 
r -1.1317027450175035 -3.515674492060846 0.8745874474205945 2.2241348135154175 0.664694495964793 0.0 0.0 
r -1.1396554215283319 -3.509564810334429 0.8732465598137205 2.2218484253454367 0.6604503399576613 0.0 0.0 
r -1.1484893492946078 -3.502719305283486 0.8718208107769495 2.219551173550203 0.6560782506471738 0.0 0.0 
r -1.1581105023972962 -3.4951836171436304 0.8703612513879075 2.217135229534677 0.6515715344634209 0.0 0.0 
r -1.1683978629694147 -3.4870267883954784 0.8689228454112651 2.2144669003478077 0.6469337840979099 0.0 0.0 
r -1.1792097584046934 -3.478338059722816 0.8675618649565358 2.211392948974866 0.6421821214173283 0.0 0.0 
r -1.1903921071236727 -3.469221305320531 0.8663339514514939 2.2077595574711024 0.6373483551644401 0.0 0.0 
r -1.2017879915912373 -3.4597883275853043 0.8652916384851513 2.203417384178334 0.6324779105627059 0.0 0.0 
r -1.213247803382059 -3.4501508822393445 0.8644825104207203 2.1982415223162866 0.6276313323526576 0.0 0.0 
r -1.2246391907945786 -3.4404123139059277 0.8639477572546462 2.1921408407109126 0.6228790916692566 0.0 0.0 
r -1.2358547577424368 -3.4306606830404958 0.8637211618756091 2.185068060143574 0.6183015250930982 0.0 0.0 
r -1.2468172896527698 -3.420963840430275 0.8638282721137786 2.1770139965726805 0.613980974447769 0.0 0.0 
r -1.2574815361311549 -3.4113672158187063 0.8642861271020417 2.1680459989315604 0.6099969632048361 0.0 0.0 
r -1.2678319501199105 -3.401895165199186 0.8651031415298096 2.1582570470592923 0.6064243580667408 0.0 0.0 
r -1.2778779469356079 -3.392554672300746 0.8662788531462713 2.1477864562508606 0.6033271626036882 0.0 0.0 
r -1.287645006246919 -3.3833423797279125 0.8678044288092762 2.136797571531675 0.6007488960115 0.0 0.0 
r -1.2971696982132381 -3.374248699052 0.8696622155339422 2.125472143937147 0.5987187148055468 0.0 0.0 
r -1.3064863957820299 -3.365268528292667 0.871826383466693 2.1139858127745534 0.5972417403139385 0.0 0.0 
r -1.315619985074428 -3.3564066898906546 0.8742633737369391 2.102501287163571 0.5963104086786749 0.0 0.0 
r -1.3245779882444517 -3.347683480083042 0.8769328197997714 2.0911604698316113 0.5958947964803497 0.0 0.0 
r -1.3333468925958767 -3.33913639221915 0.8797886581987361 2.080074693349429 0.5959528678370285 0.0 0.0 
r -1.3418895557841226 -3.330820783472116 0.8827805024154965 2.0693210136006592 0.5964340066943605 0.0 0.0 
r -1.350145296446435 -3.3228080225818544 0.8858559422808999 2.0589559536616546 0.5972814799442668 0.0 0.0 
r -1.3580326226376584 -3.3151819802036386 0.8889621648764826 2.049007440567867 0.5984363273476552 0.0 0.0 
r -1.365456332542719 -3.3080316393816185 0.89204958393007 2.0394912508000487 0.5998457669840249 0.0 0.0 
r -1.3723123702647193 -3.3014473283283916 0.8950720632574594 2.030415582254278 0.6014599263962316 0.0 0.0 
r -1.3784959326751993 -3.295513723488024 0.8979901420152318 2.0217891481289807 0.6032379538583729 0.0 0.0 
r -1.383908048485169 -3.2903055534527694 0.9007712578431266 2.013630494008781 0.6051461590840901 0.0 0.0 
r -1.3884608671823844 -3.2858846622536277 0.903389536672329 2.00597314001351 0.6071630776976906 0.0 0.0 
r -1.392081768509521 -3.2822977922173076 0.90582650170221 1.99886534892974 0.6092752361637732 0.0 0.0 
r -1.3947155186479983 -3.2795763326257137 0.9080701406647217 1.9923766977832318 0.6114804659900067 0.0 0.0 
r -1.3963261427127605 -3.277736580338379 0.9101121659543733 1.9865929809351475 0.6137816367513245 0.0 0.0 
r -1.3968968367322239 -3.2767808985147586 0.9119466853305805 1.9816144764762695 0.6161851286493388 0.0 0.0 
r -1.3964279692222137 -3.276700489861044 0.9135676662073976 1.9775506074813456 0.6187031331770129 0.0 0.0 
r -1.3949373815126571 -3.2774761517611775 0.9149665766328882 1.9745137257227865 0.6213521746107913 0.0 0.0 
r -1.3924575605320948 -3.2790808027810696 0.9161321789890813 1.9726052922218045 0.6241440007679276 0.0 0.0 
r -1.3890358845049913 -3.281480262166604 0.9170478409209877 1.9719149408020993 0.6270970386396739 0.0 0.0 
r -1.3847353831248186 -3.284633192217253 0.9176905338809832 1.97250192812301 0.6302252512090595 0.0 0.0 
r -1.3796345485852324 -3.2884907484115597 0.9180333667401687 1.974392219468905 0.6335453628926764 0.0 0.0 
r -1.3738270825503691 -3.2929970072653307 0.9180452067509325 1.9775736850360273 0.637076496710411 0.0 0.0 
r -1.367426616202883 -3.2980844572462633 0.9176933380578681 1.9819846332136875 0.6408379989214443 0.0 0.0 
r -1.3605511696037318 -3.3036843331683214 0.9169478851531287 1.9875221507173124 0.6448527132894477 0.0 0.0 
r -1.353334034160071 -3.309717225860238 0.915782457140928 1.9940424844971905 0.6491443429865873 0.0 0.0 
r -1.3459144732274781 -3.316097345873857 0.9141798294516522 2.0013668167246212 0.653738083259215 0.0 0.0 
r -1.3384311400407636 -3.3227349979588334 0.9121353845904996 2.009293533300312 0.6586567317355497 0.0 0.0 
r -1.3310163630751546 -3.3295381388390535 0.9096605598174418 2.0176104782519855 0.6639186274435591 0.0 0.0 
r -1.3237903081521258 -3.3364148653989942 0.9067839391666109 2.0261028061191895 0.6695363374983366 0.0 0.0 
r -1.3168513687253984 -3.3432785134376104 0.9035540612178874 2.0345706346086683 0.6755090397769778 0.0 0.0 
r -1.3102750440501545 -3.350047855114203 0.9000384480622474 2.0428335660654184 0.6818210932423552 0.0 0.0 
r -1.3041090174506507 -3.356650789420687 0.8963229369801969 2.050739787614109 0.688438625093235 0.0 0.0 
r -1.2983735472962932 -3.363025470105026 0.892508305339381 2.058172151265719 0.6953072914720084 0.0 0.0 
r -1.2930637003202856 -3.3691212302503977 0.8887051703652332 2.0650471117249234 0.7023479701032803 0.0 0.0 
r -1.2881520460598055 -3.3748992473403625 0.8850296019525369 2.0713218894508847 0.7094620876497303 0.0 0.0 
r -1.2835967251282665 -3.380330138186522 0.8815960701196044 2.0769854986495506 0.7165270481084267 0.0 0.0 
r -1.2793458294358064 -3.3853936718296227 0.8785126075216183 2.0820577822282784 0.7234103471902815 0.0 0.0 
r -1.2753435697112794 -3.3900771962614966 0.875875348013947 2.0865839388118093 0.729968226809296 0.0 0.0 
r -1.2715369961397507 -3.3943732850355484 0.8737634192856075 2.0906294324372485 0.7360558804925832 0.0 0.0 
r -1.267879842513143 -3.3982787885046166 0.8722357036991218 2.094273820288055 0.7415407173818096 0.0 0.0 
r -1.2643339118237837 -3.4017949391025795 0.8713295008671457 2.097604636085153 0.7463075711214455 0.0 0.0 
r -1.2608706377256413 -3.404926821502886 0.8710599385394631 2.100711712928688 0.7502672848794222 0.0 0.0 
r -1.2574707736114816 -3.4076837242160343 0.8714206489733797 2.1036872192625284 0.7533696937189929 0.0 0.0 
r -1.2541204415635125 -3.41008164684182 0.872386186849695 2.106619583532911 0.7555992805418773 0.0 0.0 
r -1.2508084484747937 -3.412144109136191 0.873915318942137 2.1095832558962844 0.7569814086673707 0.0 0.0 
r -1.2475220798644546 -3.4139041717235927 0.8759541636655029 2.1126468653267247 0.7575821057634847 0.0 0.0 
r -1.2442440038106257 -3.4154048377658253 0.8784402262500055 2.115864123135182 0.7575022952509047 0.0 0.0 
r -1.2409492611452904 -3.4166994641184525 0.8813059315060957 2.1192715693814477 0.7568756914454786 0.0 0.0 
r -1.2376040546729197 -3.4178509043274516 0.8844814027653756 2.1228848352303173 0.755860722457612 0.0 0.0 
r -1.2341675641741068 -3.4189281535057683 0.887897037133451 2.126703076023566 0.7546320891655798 0.0 0.0 
r -1.2305929536838467 -3.4200045300015707 0.8914846327581023 2.130708426064482 0.7533753618686295 0.0 0.0 
r -1.2268320132396178 -3.4211531620569504 0.8951780970646326 2.1348418148189814 0.752275737693082 0.0 0.0 
r -1.2228399440830096 -3.422442987767881 0.8989134329441136 2.139056897028362 0.7515050099088674 0.0 0.0 
r -1.2185807921762506 -3.423934421889811 0.9026288125671132 2.1432882104000672 0.7512174506288869 0.0 0.0 
r -1.2140306291197454 -3.425677356562196 0.9062642047242987 2.1474737900264955 0.75154542935821 0.0 0.0 
r -1.209179003873327 -3.4277099041642085 0.9097624451835873 2.1515581892688704 0.752581827121495 0.0 0.0 
r -1.2040345391986758 -3.4300542884730074 0.9130693642303502 2.155510081674773 0.7543858452720495 0.0 0.0 
r -1.198622240971625 -3.432718729891645 0.9161352582049904 2.159322254358477 0.7569750906535232 0.0 0.0 
r -1.1929794096777968 -3.4356989492901104 0.9189185672266095 2.163002890109576 0.7603324063630124 0.0 0.0 
r -1.1871522544124473 -3.43898061241564 0.9213863292191372 2.1666219298274707 0.7643912564684001 0.0 0.0 
r -1.18119175348646 -3.4425408274305287 0.9235168821489478 2.170256343510123 0.7690571929708613 0.0 0.0 
r -1.1751487187990397 -3.4463511806210745 0.925300572913392 2.1740003231065215 0.7742034705686377 0.0 0.0 
r -1.1690653505974893 -3.450381346036632 0.9267439433874456 2.1779620499760206 0.7796696813082904 0.0 0.0 
r -1.1629791821509705 -3.4546007932172706 0.9278603292789035 2.182243845987823 0.7852733388664271 0.0 0.0 
r -1.1569168237949305 -3.4589788595987434 0.9286771214920344 2.186925020931592 0.7908107991641004 0.0 0.0 
r -1.1509026989455475 -3.4634847874544192 0.9292233597152211 2.192053319747819 0.7960628588814769 0.0 0.0 
r -1.1449567484037206 -3.468088608799705 0.9295309693155753 2.197620677436801 0.8007945431365826 0.0 0.0 
r -1.1391039229522395 -3.4727599193572845 0.9296244250599484 2.203564130967955 0.804756210276251 0.0 0.0 
r -1.1333820084449102 -3.4774649466537175 0.9295157711182903 2.2097546424993606 0.8076932413038496 0.0 0.0 
r -1.1278505011789097 -3.482166178579633 0.9291946332540394 2.215998644235964 0.809341960308026 0.0 0.0 
r -1.1225985092718507 -3.48681947428396 0.9286236192612762 2.2220496581609135 0.8094353143838434 0.0 0.0 
r -1.117752923299645 -3.4913727573322584 0.927730914220489 2.227620181371548 0.8077039426540684 0.0 0.0 
r -1.1134848286346342 -3.495766079341242 0.9264027647027747 2.23240106846416 0.803876549720741 0.0 0.0 
r -1.1100107851090304 -3.4999324770464515 0.9244803784810234 2.2360834051417235 0.7976842536501666 0.0 0.0 
r -1.1075972617879593 -3.50379493475062 0.9217573778926264 2.238395878776876 0.788868051892345 0.0 0.0 
r -1.1065530036951035 -3.5072707958554203 0.9179788315000363 2.2391179441737146 0.7771715008089648 0.0 0.0 
r -1.107220227833786 -3.510272321738293 0.9128445844043495 2.2381132454994397 0.7623552913136721 0.0 0.0 
r -1.109960379793592 -3.5127085100549857 0.906013898639704 2.235333823232532 0.7441902946275784 0.0 0.0 
r -1.115136118409515 -3.514484374875615 0.8971145878190218 2.230829978511044 0.7224669292199547 0.0 0.0 
r -1.1230890292593116 -3.5155000018084963 0.8857541072299201 2.2247537245332163 0.6969859819606627 0.0 0.0 
r -1.1341201525829991 -3.5156441010261372 0.8715321702839212 2.2173361325957703 0.6675767395114603 0.0 0.0 
r -1.1484546603927865 -3.514795777812957 0.8540602540743221 2.2088784774011194 0.6340973191662397 0.0 0.0 
r -1.1662221716991485 -3.512816210287879 0.8329776700201406 2.1997221063713157 0.5964338314715332 0.0 0.0 
r -1.1874397993060746 -3.509537716827894 0.8079713395982204 2.190224476886301 0.5545142945068667 0.0 0.0 
r -1.2120006724352699 -3.504751802538094 0.7787954589464252 2.1807370380614213 0.5083296721787158 0.0 0.0 
r -1.2396743822080476 -3.4981906097579514 0.7452902281492058 2.1715814929762205 0.45793218565883825 0.0 0.0 
r -1.2701143753196467 -3.489504466786594 0.7073992419427272 2.1630368660713466 0.4034704102927463 0.0 0.0 
r -1.3028771065576144 -3.4782268322980614 0.6651827199733021 2.1553211131628998 0.34518731210231457 0.0 0.0 
r -1.3374499789530392 -3.4637185076634234 0.6188251436392508 2.1485903704686784 0.28344371828112175 0.0 0.0 
r -1.3732793403143988 -3.4450815318091124 0.5686375778285336 2.142932084439767 0.21871300363165497 0.0 0.0 
r -1.4097997184191877 -3.4210119569010775 0.5150501310651343 2.1383765147495106 0.1515833196249113 0.0 0.0 
r -1.4464594744612058 -3.3895363947155572 0.45859512811817293 2.134887683750584 0.08273183758769578 0.0 0.0 
r -1.482740265543911 -3.3475124181137392 0.3998825799367351 2.132379600244772 0.01290261969616196 0.0 0.0 
r -1.5181715594491012 -3.289611984736915 0.3395691371579019 2.13071730688805 3.084451061423548 0.0 0.0 
r -1.5523376750974323 -3.206109348176317 0.2783252564263369 2.1297280906080123 3.0149490062756215 0.0 0.0 
r 1.556710761236378 -3.0777275830331186 0.21680455699923828 2.129207311445664 2.9466960955553065 0.0 0.0 
r 1.5260863211175355 -2.8637950987468854 0.15561903356875165 2.1289262101018696 2.8803199281723324 0.0 0.0 
r 1.4976222002844093 -2.487492690017886 0.09532205464037317 2.128641117747538 2.816364200715345 0.0 0.0 
r 1.4715007297610958 -1.9212588399589832 0.036401455789362255 2.128101563284657 2.7552751069618253 0.0 0.0 
r 1.4478473914362364 -4.5462339679495924 3.1208724183253866 2.127056562144829 2.6974070472393166 0.0 0.0 
r 1.426730232143296 -4.230761335280004 3.0659114917005494 2.125269661780324 2.643032407836338 0.0 0.0 
r 1.4081570684401294 -4.046601899820357 3.0134207347215636 2.1225280629264107 2.5923593937649088 0.0 0.0 
r 1.3920738289305297 -3.929264527001731 2.963663995950448 2.1186560964873307 2.545532490806181 0.0 0.0 
r 1.3783635104303122 -3.8474636340033035 2.916864358838037 2.11352782589929 2.502648040935703 0.0 0.0 
r 1.3668456810923861 -3.7863945537133237 2.8732056040808702 2.107083646500535 2.4637542755445656 0.0 0.0 
r 1.3572807846617103 -3.738609746120814 2.832830601207136 2.0993402336514633 2.428855476853566 0.0 0.0 
r 1.3493765646018945 -3.700129777594592 2.7958362274265722 2.0903968568178923 2.3979113744749476 0.0 0.0 
r 1.3427976345968755 -3.6687308476029314 2.7622692024095614 2.0804394428387027 2.3708363662181693 0.0 0.0 
r 1.3371819224988661 -3.643122127795926 2.732121746992704 2.069731419949617 2.347497287321499 0.0 0.0 
r 1.3321573392353487 -3.6225253682156175 2.7053284137057774 2.0586027643279405 2.3277162662778568 0.0 0.0 
r 1.3273637036222041 -3.606439791852111 2.6817683747277474 2.047417347941537 2.3112734594316042 0.0 0.0 
r 1.322469671645303 -3.5945111861372983 2.661269516663074 2.0365592744027814 2.2979010116589347 0.0 0.0 
r 1.3171929728128648 -3.586446910632261 2.643617340108235 2.026394013917855 2.287288677574744 0.0 0.0 
r 1.3113142666966475 -3.581968457112345 2.628567172959503 2.017237460521438 2.2791026491048214 0.0 0.0 
r 1.3046840231824235 -3.580786715296667 2.6158571423007846 2.0093341589756 2.2729637506929894 0.0 0.0 
r 1.2972274967668898 -3.5825859555587947 2.6052217985277455 2.0028439937948863 2.2684760827738506 0.0 0.0 
r 1.2889429839452458 -3.5870223229551836 2.596406995989753 1.9977988773121718 2.265209023012103 0.0 0.0 
r 1.2799015371529119 -3.5937205233073377 2.589182077489997 1.9941398303926274 2.262719086920729 0.0 0.0 
r 1.2702364374520503 -3.6022864697473884 2.583349735264117 1.9916982008290178 2.2605409734294843 0.0 0.0 
r 1.2601344879642793 -3.6123171463324732 2.5787527644482124 1.990190520807999 2.25819542895471 0.0 0.0 
r 1.2498254258239965 -3.6234120868346724 2.5752767293617365 1.9892388186218106 2.2551877021960345 0.0 0.0 
r 1.239571923392135 -3.6351827669373282 2.572849254409069 1.9883860099014496 2.2510259910782455 0.0 0.0 
r 1.2296534150157217 -3.647268232146132 2.5714361246543813 1.987103787737753 2.245213258287878 0.0 0.0 
r 1.2203520641015093 -3.6593448930733232 2.571034717603515 1.9848144538233032 2.2372630280939956 0.0 0.0 
r 1.211936070431906 -3.6711363018810417 2.5716645557930824 1.980890609474939 2.226698976275847 0.0 0.0 
r 1.204645829121287 -3.682415546112068 2.573355255367582 1.9746671466019394 2.2130682511976465 0.0 0.0 
r 1.1986747505551487 -3.6930140351025686 2.5761345770746273 1.9654252028636323 2.195941208308305 0.0 0.0 
r 1.1941573505253258 -3.702819453847553 2.580015353389674 1.9523683059745358 2.1749219883865187 0.0 0.0 
r 1.1911564562740269 -3.7117775915685725 2.584984391715185 1.9345923364769935 2.1496422543753657 0.0 0.0 
r 1.1896542291461751 -3.7198943414812438 2.5909949799484937 1.9110008347625713 2.1197810490140996 0.0 0.0 
r 1.1895468868464492 -3.7272323125913034 2.597956795799875 1.8802213724382062 2.0850679681877673 0.0 0.0 
r 1.1906487560126708 -3.7339059460781994 2.605734370866294 1.8404428392000256 2.0452987338617206 0.0 0.0 
r 1.192696863802846 -3.7400831283001823 2.6141506092421194 1.7892064724698864 2.000352245106889 0.0 0.0 
r 1.1953631224144439 -3.745977385390524 2.6229899874185616 1.7230958916839023 1.95022269958622 0.0 0.0 
r 1.1982713163193102 -3.751840717940559 2.6320088869749374 1.6374061727213167 1.8950456636420665 0.0 0.0 
r 1.2010197843886308 -3.7579500686915446 2.6409490494967005 1.525804169822464 1.8351432817440372 0.0 0.0 
r 1.203207582424275 -3.764588937236804 2.649554170636349 1.3806464764919402 1.7710491549697145 0.0 0.0 
r 1.2044590739156529 -3.772029050713706 2.657588191365862 1.1952574059186802 1.7035316976233312 0.0 0.0 
r 1.2044489081241845 -3.7805057605176153 2.664851463113587 0.9701246514632417 1.6336247000965358 0.0 0.0 
r 1.2029227375947005 -3.790195170053588 2.67119435407456 0.7207334647108466 -1.5790532435143554 0.0 0.0 
r 1.1997158214635983 -3.8011939863036353 2.676529009977807 0.4761203896580245 -1.649967260571442 0.0 0.0 
r 1.194765269905797 -3.813503563540148 2.6808326291505495 0.2624404292360778 -1.71932742329707 0.0 0.0 
r 1.1881043333538601 -3.827039776828359 2.6841450069649073 0.09001437778847432 -1.7858301794278413 0.0 0.0 
r 1.1798592893121147 -3.841642715256083 2.6865635390677545 -0.04381292246167234 -1.8483509092909387 0.0 0.0 
r 1.17024569202903 -3.8570845508721527 2.68823221138425 -0.14652672960524749 -1.9060188301869856 0.0 0.0 
r 1.1595385061901646 -3.8731116351626507 2.689328161800184 -0.22559548037778654 -1.9582486794136855 0.0 0.0 
r 1.1480578871031764 -3.8894639761927654 2.6900505414420635 -0.2869829277382878 -2.0047379944492127 0.0 0.0 
r 1.1361539867175112 -3.9058863858433748 2.6906057164671067 -0.3351095061935161 -2.045433974706766 0.0 0.0 
r 1.124184872141493 -3.9221505582799865 2.6911986824035274 -0.3732009686172817 -2.0804792313047242 0.0 0.0 
r 1.112510685250152 -3.938054878979397 2.692027979116388 -0.4036387879162753 -2.1101728885687248 0.0 0.0 
r 1.1014851126383804 -3.9534324038416777 2.693286619933961 -0.4281952377435283 -2.1348962248442382 0.0 0.0 
r 1.091452268219168 -3.9681523194047235 2.695164672876982 -0.44824517641109374 -2.1550751770950924 0.0 0.0 
r 1.0827543605583878 -3.9821130782406735 2.69785570421978 -0.46486035584080665 -2.171126266533026 0.0 0.0 
r 1.0757333254595245 -3.99524500315286 2.701563849724077 -0.47889699557269627 -2.1834186796646127 0.0 0.0 
r 1.0707458186280059 -4.007504208014396 2.7065153179533934 -0.4910289372508767 -2.1922373830356916 0.0 0.0 
r 1.068168890330543 -4.018871818064881 2.7129635009597077 -0.5018014857999431 -2.1977689416587847 0.0 0.0 
r 1.068408112461149 -4.029349494228477 2.721191838340527 -0.5116158742738512 -2.2000737078812866 0.0 0.0 
r 1.0719020769554868 -4.038958395998874 2.731514276054827 -0.5207405225331865 -2.1990688591561858 0.0 0.0 
r 1.0791295712154971 -4.047731694148145 2.744271400992636 -0.5293268312092347 -2.194542008791258 0.0 0.0 
r 1.0906066860233254 -4.055713161031684 2.7598209223595402 -0.5373995903645215 -2.186161414742588 0.0 0.0 
r 1.1068829538947924 -4.062951240742873 2.778523351938394 -0.5448669558897892 -2.173497785274388 0.0 0.0 
r 1.1285307792255534 -4.069492810307044 2.8007227244529647 -0.5515068218360857 -2.1560643779206945 0.0 0.0 
r 1.1561252968375175 -4.075376840712347 2.826722909948721 -0.5569647381426963 -2.1333672482781534 0.0 0.0 
r 1.1902118231381011 -4.08062356227029 2.856758819332772 -0.5607340913123493 -2.1049685051850995 0.0 0.0 
r 1.2312581931633013 -4.085211211898026 2.890963438013058 -0.5621027597882109 -2.07055763391988 0.0 0.0 
r 1.2795781931587742 -4.089042303811419 2.9293338307659855 -0.5600558635402462 -2.0300269119938426 0.0 0.0 
r 1.3352413684503806 -4.091820745442728 2.971694797370062 -0.5531497595247092 -1.9835628142150892 0.0 0.0 
r 1.3979650467601883 -4.09264908071252 3.0176702552198647 -0.5391335586555965 -1.9316867731068472 0.0 0.0 
r 1.4670150589221354 -4.087908153418565 3.066668804272226 -0.514212336676765 -1.8752796779404508 0.0 0.0 
r 1.5411437406095856 -4.037942074368576 3.1178823734556564 -0.4714080193016714 -1.8155605453497947 0.0 0.0 
r -1.5229786904140035 -4.171600771783687 0.028728564412445867 -0.39629925386061515 -1.754009611938386 0.0 0.0 
r -1.4442659723531286 -4.1428474994811975 0.08127587522907039 -0.2542172911933289 -1.692215949419381 0.0 0.0 
r -1.3665417475905857 -4.139715235595025 0.13276938995858859 0.0500085675713432 -1.6317544192018971 0.0 0.0 
r -1.2919124204349546 -4.140942803897307 0.18208440584970628 0.7025405598898588 -1.5740285015127788 0.0 0.0 
r -1.2221266059755989 -4.143819718458152 0.22822598006210962 1.4180529483544022 1.6214007467020743 0.0 0.0 
r -1.158444499120452 -4.147601060381878 0.2703853607898304 1.7757677115116777 1.67050583411695 0.0 0.0 
r -1.101603552397772 -4.152012709380267 0.3079769929610909 1.943346819031237 1.714336902507586 0.0 0.0 
r -1.0518850743460875 -4.156928567221352 0.3406426348823601 2.0347968797212967 1.7526071791134106 0.0 0.0 
r -1.009226464866657 -4.16227040804098 0.3682322011273433 2.090950436248178 1.7852392071616001 0.0 0.0 
r -0.9733395470612356 -4.167974618140947 0.39076667318257935 2.127793807314231 1.8123074880891807 0.0 0.0 
r -0.943825482869848 -4.173973055401838 0.40839093849506936 2.152132108165615 1.8339809382647827 0.0 0.0 
r -0.9202625512791796 -4.180193592146594 0.4213207695339848 2.1668594004099093 1.8504889257736852 0.0 0.0 
r -0.9022788357048068 -4.186554856677782 0.4297957022941237 2.1728790121828494 1.8620803549364289 0.0 0.0 
r -0.8895995341125748 -4.192972598548664 0.4340360546064866 2.169983372667556 1.8690001876466966 0.0 0.0 
r -0.8820807348792175 -4.199365174015256 0.4342095553725257 2.157235626747133 1.8714699732979634 0.0 0.0 
r -0.879726052179143 -4.205661893708767 0.43041104414316683 2.133327935240436 1.8696707241257116 0.0 0.0 
r -0.8826928196540469 -4.211808239668379 0.42265784912291976 2.0966745129172546 1.8637359528360948 0.0 0.0 
r -0.8912881263044092 -4.217769308155962 0.4109005887832686 2.0455532331519906 1.853751352224167 0.0 0.0 
r -0.9059558785867151 -4.223530458149927 0.39504879237766066 1.9782792524538537 1.839761067524614 0.0 0.0 
r -0.9272583651229053 -4.229093869471725 0.37500722075814386 1.893320458786802 1.8217760835833863 0.0 0.0 
r -0.9558475601703658 -4.2344725923073145 0.35071983768313864 1.7895083707558765 1.7997931501240125 0.0 0.0 
r -0.9924254774822512 -4.239682221156561 0.3222135266549421 1.6662853887358353 1.773822955062754 0.0 0.0 
r -1.0376860779874162 -4.244726124154321 0.2896384267470878 1.524082808953541 1.7439119978205257 0.0 0.0 
r -1.0922290813429838 -4.249574998419292 0.25329543537517435 1.364683101975702 1.710180141995485 0.0 0.0 
r -1.1564360208208284 -4.254126003639843 0.21364888538224244 1.1914978880109048 1.6728593426646907 0.0 0.0 
r -1.2303074688643671 -4.258104798843844 0.1713200019336168 1.0093985420239744 1.6322864544341076 0.0 0.0 
r -1.3132804904950357 -4.260750773652019 0.12706327025818803 0.8244071289584496 1.5889842447248719 0.0 0.0 
r -1.4040706574424413 -4.259443019540319 0.08172222981166241 0.6426902529346137 -1.5979703341312916 0.0 0.0 
r -1.5006137502050807 -4.2368776738385865 0.036181983450246244 0.46963484903573927 -1.6445750513678739 0.0 0.0 
r 1.5414177292783746 -4.425060118115036 3.1329088187389793 0.30916591798466586 -1.6915118814194057 0.0 0.0 
r 1.4419257163415045 -4.330049878492156 3.089528526986806 0.16361679802734752 -1.7378136346785116 0.0 0.0 
r 1.3455105391556412 -4.3249601306212 3.04834793899104 0.033876760217991464 -1.782542445587299 0.0 0.0 
r 1.2547118088176723 -4.327725690477262 3.0099587649402983 -0.0801840473913823 -1.8248473448617295 0.0 0.0 
r 1.1713415893870764 -4.332944049743766 2.974815640027515 -0.17937816037277676 -1.8640346081828374 0.0 0.0 
r 1.0964337842224265 -4.339276530478666 2.9432401040599165 -0.2648607869384918 -1.8995971317359113 0.0 0.0 
r 1.0303502168952225 -4.346197759380827 2.915423040214661 -0.33793598470682307 -1.931233998554461 0.0 0.0 
r 0.9729488196267584 -4.353433796742998 2.891433563060461 -0.39990748552719646 -1.9588295472229733 0.0 0.0 
r 0.9237646834658235 -4.360803310294969 2.8712297893925256 -0.45204817571155753 -1.9824503018633168 0.0 0.0 
r 0.8821533522597519 -4.368166785681569 2.8546727081981595 -0.4955120751456208 -2.0022842682082627 0.0 0.0 
r 0.8473886340919976 -4.375407101048758 2.841539319656021 -0.5313609179257002 -2.0186322076178613 0.0 0.0 
r 0.8187295312846617 -4.382419073229881 2.831537450044367 -0.5605530874160949 -2.031847707540582 0.0 0.0 
r 0.7954512917573008 -4.389107209611468 2.8243192793359064 -0.5839476950538072 -2.0423214617684264 0.0 0.0 
r 0.7768693712971286 -4.395385499369075 2.8195018696555314 -0.6023054069395859 -2.0504334864120075 0.0 0.0 
r 0.7623459419710887 -4.401180465330526 2.8166865470488807 -0.6163044705097167 -2.0565575509764384 0.0 0.0 
r 0.7512946013002884 -4.406431912090316 2.8154774073882636 -0.6265295762167007 -2.0610273381949584 0.0 0.0 
r 0.7431798249327412 -4.4110942542388445 2.8154970467964135 -0.6334809947472748 -2.0641322574142613 0.0 0.0 
r 0.7375203865918492 -4.415137900447077 2.816402890503585 -0.6375706776650647 -2.0661119441937283 0.0 0.0 
r 0.73388928996756 -4.418550426167523 2.8178983094797028 -0.639133321259242 -2.0671551214318225 0.0 0.0 
r 0.731913059783696 -4.421336462403664 2.819738732664189 -0.6384279498094934 -2.0674011852442407 0.0 0.0 
r 0.731271766462223 -4.423516655317222 2.821734191010014 -0.6356388883948096 -2.066950030722251 0.0 0.0 
r 0.7316996331719375 -4.425124413867181 2.823747388013631 -0.6309073998544834 -2.065853736490178 0.0 0.0 
r 0.732976024955593 -4.426208048400257 2.825690281837937 -0.624308290847081 -2.064131294709199 0.0 0.0 
r 0.7349275968083566 -4.426820490489988 2.8275129211408867 -0.6158620594254385 -2.061763547572249 0.0 0.0 
r 0.7374210558914956 -4.427022909935371 2.82920152144658 -0.6055216637383722 -2.058686026497198 0.0 0.0 
r 0.7403569656858687 -4.42687601391883 2.830763851170912 -0.5931901398602348 -2.0548080810137686 0.0 0.0 
r 0.74366746332887 -4.426434044076217 2.832220249168147 -0.5786977887382005 -2.0499924784375727 0.0 0.0 
r 0.7473101317419217 -4.425750994718103 2.833605885033686 -0.5617864065352403 -2.0440539281851624 0.0 0.0 
r 0.7512646532602894 -4.42486841695033 2.8349551770293058 -0.542086997707973 -2.0367569566779955 0.0 0.0 
r 0.7555311056726333 -4.423815497650893 2.836300748153591 -0.5190907775005746 -2.0278086410953593 0.0 0.0 
r 0.7601257080447124 -4.42260482144427 2.8376665858602355 -0.4921297423082429 -2.0168601186440385 0.0 0.0 
r 0.7650829868791411 -4.421230784397902 2.8390679842048905 -0.46031637433262773 -2.003504200462229 0.0 0.0 
r 0.770453609391777 -4.419660410018696 2.840501422155009 -0.4225237248992897 -1.987283926163219 0.0 0.0 
r 0.7763054019617757 -4.417835002047071 2.8419479764659394 -0.37726035272429215 -1.967696114364246 0.0 0.0 
r 0.7827181982440699 -4.415665003563159 2.8433666396701467 -0.3226304716806421 -1.9442045235009497 0.0 0.0 
r 0.7897875713162312 -4.413021238784073 2.844689848435452 -0.25621080032125554 -1.916253986813226 0.0 0.0 
r 0.7976184505274403 -4.409738512692578 2.8458266958114025 -0.1749387505501574 -1.883296286347195 0.0 0.0 
r 0.8063202064046515 -4.405600094781354 2.846649144229633 -0.07509205497598037 -1.8448214920153445 0.0 0.0 
r 0.8160001007609559 -4.400338965773741 2.8469956272806223 0.04744088978263361 -1.8003857080457921 0.0 0.0 
r 0.8267541432011883 -4.393636859486171 2.8466722008786913 0.19627699862547276 -1.7496685109264603 0.0 0.0 
r 0.8386610287918073 -4.3851225821961854 2.84545567370122 0.37253837353723496 -1.6925196991171525 0.0 0.0 
r 0.851771255367084 -4.37437996714746 2.8431030226636165 0.5719611311585991 -1.6290238701674533 0.0 0.0 
r 0.8660993581754616 -4.36096220981229 2.83936618386077 0.7832169922057669 1.5820377590526054 0.0 0.0 
r 0.8816161421052414 -4.3444163754896765 2.834011092364183 0.9906065074861166 1.6567748367204893 0.0 0.0 
r 0.8982457640682115 -4.324317411135809 2.8268398710715315 1.1804095107413852 1.7357282821250688 0.0 0.0 
r 0.9158666457993904 -4.3003144770590955 2.817715369250509 1.3454851050864343 1.8175426655978932 0.0 0.0 
r 0.9343157919957443 -4.272186037448553 2.806583552606217 1.4849641349843639 1.9006388144927913 0.0 0.0 
r 0.9534003439771824 -4.239894896779646 2.7934909746320047 1.6014891312934 1.9833474228179222 0.0 0.0 
r 0.972911762176873 -4.203634854636823 2.7785941210527465 1.6987771466472101 2.0640505995454173 0.0 0.0 
r 0.9926435717284504 -4.163853892591621 2.7621588025174804 1.7803449255057249 2.1413129873923005 0.0 0.0 
r 1.0124111838729326 -4.1212388896917505 2.744547730131035 1.8491047092049635 2.2139775520120475 0.0 0.0 
r 1.0320683621113058 -4.076660965121932 2.726198935948844 1.9073024201958027 2.2812017216043468 0.0 0.0 
r 1.0515195950125458 -4.031085505313248 2.7075970534577403 1.9566451260077988 2.3424606843965696 0.0 0.0 
r 1.0707275696655938 -3.98546401119616 2.689241548734061 1.9984317554698126 2.3975095501042634 0.0 0.0 
r 1.0897128037543369 -3.9406342433015182 2.6716162282644427 2.033672288263766 2.44633955790725 0.0 0.0 
r 1.1085451237630448 -3.897247433866844 2.6551610449577114 2.063172265495556 2.489114036184718 0.0 0.0 
r 1.1273285070642716 -3.855738607301916 2.6402529580400462 2.0876119511651274 2.526123035064824 0.0 0.0 
r 1.1461834188837856 -3.816330407435586 2.6271925979546813 2.1075883098013732 2.557741161284077 0.0 0.0 
r 1.1652264506911099 -3.7790633895249397 2.6161960115740994 2.1236418406859436 2.584389349410728 0.0 0.0 
r 1.1845488612337713 -3.7438445487551357 2.607393046369306 2.1362709473020343 2.6065038935470457 0.0 0.0 
r 1.204198086483354 -3.7104976186387115 2.6008282898628647 2.1459389688479193 2.624513969792638 0.0 0.0 
r 1.2241638382497209 -3.678809782021013 2.5964647203209172 2.1530718043056596 2.638820912031982 0.0 0.0 
r 1.244371802932747 -3.6485702212085713 2.594190714916447 2.158050198915509 2.649782215211459 0.0 0.0 
r 1.264684120829982 -3.6195991175538604 2.5938279765778125 2.1612015249352003 2.6576960017060647 0.0 0.0 
r 1.2849089394132374 -3.5917657083093437 2.595142140496329 2.162789939148634 2.6627927097921797 0.0 0.0 
r 1.3048178470931737 -3.5649958739664696 2.5978562879028058 2.163010225303303 2.665226243100167 0.0 0.0 
r 1.3241683488547955 -3.539269339991103 2.601665616149651 2.1619826578125747 2.66507834801363 0.0 0.0 
r 1.342730698137577 -3.5146062538454577 2.606255407446847 2.1597551903989585 2.662347480684893 0.0 0.0 
r 1.360311407948696 -3.4910481631314925 2.6113179281313714 2.1562910527821613 2.6569584520301746 0.0 0.0 
r 1.3767735208425527 -3.468633358664837 2.6165691314408708 2.1514841860285507 2.6487660343448574 0.0 0.0 
r 1.3920475652692603 -3.4473729870178507 2.621759197615093 2.1451499090550046 2.637570653844932 0.0 0.0 
r 1.4061366277321863 -3.427230565433588 2.6266829665644065 2.137044275072121 2.6231134817399235 0.0 0.0 
r 1.4191121242626263 -3.4081105111013033 2.6311848572461605 2.126852265367821 2.6050977681532914 0.0 0.0 
r 1.4311031671409782 -3.3898546817160486 2.635156410258277 2.114191571791495 2.583197413154811 0.0 0.0 
r 1.4422802858097012 -3.372254106920179 2.6385348950119862 2.0986119244805788 2.5570721737382676 0.0 0.0 
r 1.4528370839993014 -3.3550664407504103 2.6412952069806344 2.0795809619593157 2.5263769396433675 0.0 0.0 
r 1.462972349846796 -3.338039610161047 2.643443776186615 2.05647614434011 2.4907885660469837 0.0 0.0 
r 1.472869021889023 -3.3209441570015223 2.6450096840568733 2.0285679115996853 2.4500258572982405 0.0 0.0 
r 1.482678160587654 -3.3036012981522282 2.6460390088215098 1.9949816909014777 2.4038809066519926 0.0 0.0 
r 1.492509014839809 -3.285900859122423 2.646588692058541 1.9546991925492647 2.3522620584210725 0.0 0.0 
r 1.5024130299908516 -3.2678311611707356 2.6467226272986357 1.9065275948626303 2.295241616467444 0.0 0.0 
r 1.5123799503253255 -3.2494864962021817 2.646508694876678 1.849091887309535 2.23310581411618 0.0 0.0 
r 1.5223413068214526 -3.2310605364558707 2.646019323617317 1.780900463476058 2.166411316313963 0.0 0.0 
r 1.5321710251866474 -3.2128430338034204 2.64533106530687 1.7004536853053525 2.096006619219726 0.0 0.0 
r 1.541700035296232 -3.1951900070345003 2.644524873438436 1.6065271264980776 2.0230324684783536 0.0 0.0 
r 1.5507322256200944 -3.178491874017461 2.6436916246580346 1.4986346092147693 1.9488750913133541 0.0 0.0 
r 1.5590646404264423 -3.1631337763830065 2.6429364746588577 1.377655968456322 1.8750756887574056 0.0 0.0 
r 1.5665117440516905 -3.1494501822020826 2.6423836443143403 1.2464133089346559 1.8032081401418654 0.0 0.0 
r -1.568664672389595 -3.1376852338427246 2.642181451727635 1.1097871712136844 1.7347508490319854 0.0 0.0 
r -1.5633655325242242 -3.1279616182320056 2.642508281434429 0.9740076610045001 1.6709816043631982 0.0 0.0 
r -1.55919649021007 -3.1202610626106435 2.6435770405180135 0.8452600100956337 1.6129131648252413 0.0 0.0 
r -1.5560907770107202 -3.1144182391490345 2.6456390368707785 0.7283230613844642 -1.580318062455685 0.0 0.0 
r -1.5539037349996534 -3.1101275154290016 2.6489862193697093 0.6259295477908342 -1.62506185595673 0.0 0.0 
r -1.552419393208726 -3.1069534004668986 2.6539445728894364 0.5389404540201637 -1.6626673510050516 0.0 0.0 
r -1.5513683176409598 -3.104352578241926 2.6608770679032774 0.46695288295675696 -1.6930618094043406 0.0 0.0 
r -1.550446312215932 -3.101687279784624 2.6701704267556625 0.40894009103917106 -1.7162961142537219 0.0 0.0 
r -1.5493367802227915 -3.098230921304559 2.682224803648252 0.36373259162676447 -1.7325063213580862 0.0 0.0 
r -1.5477312698766632 -3.093152140573318 2.697439521488042 0.33032287346574557 -1.7418881486902034 0.0 0.0 
r -1.545348614409845 -3.0854710576170694 2.716196525743487 0.30804871381718535 -1.744683022455708 0.0 0.0 
r -1.541950058015464 -3.073969687353061 2.7388390896503445 0.2967310298077763 -1.7411743725577757 0.0 0.0 
r -1.5373515041399866 -3.0570318711479265 2.7656495213771746 0.2968072048443339 -1.731692860286577 0.0 0.0 
r -1.5314318093943615 -3.032357316478268 2.7968204460139967 0.3095262510875127 -1.716627811805399 0.0 0.0 
r -1.5241370545953095 -2.996436033696811 2.8324232709730763 0.33726753954995026 -1.696438977750853 0.0 0.0 
r -1.5154825498262086 -2.943545132133294 2.8723752643174327 0.38404315718135673 -1.6716696547981735 0.0 0.0 
r -1.505553791379953 -2.8637524660679636 2.9164059866502186 0.45624363835974624 -1.6429551364205253 0.0 0.0 
r -1.4945046500709693 -2.738901260300991 2.9640328646380616 0.5635001859497858 -1.6110233896897959 0.0 0.0 
r -1.4825534198773163 -2.535829550119192 3.014546414202792 0.7186077688930078 -1.576686582641872 0.0 0.0 
r -1.4699781290450393 -2.2068789463387555 3.067026411575118 0.9328507627474738 1.6007745779300748 0.0 0.0 
r -1.4571097347501378 -1.754531543029668 3.1203778451137625 1.2009548539753423 1.637269965911373 0.0 0.0 
r -1.4443212526883213 -4.4672029726362545 0.03180572956583857 1.4854884196815816 1.6734941712928777 0.0 0.0 
r -1.4320150306893211 -4.173773113699733 0.08327225333477256 1.7361048296589423 1.7085970071516803 0.0 0.0 
r -1.420608370652366 -3.992100249500555 0.13202923927230703 1.9282900758061785 1.741811473165233 0.0 0.0 
r -1.4105110948591484 -3.876324075896264 0.1770707349394856 2.0657216995337153 1.7724830012365886 0.0 0.0 
r -1.4021113595921928 -3.797957145381345 0.21758802739839386 2.1614435041474827 1.8000840452127826 0.0 0.0 
r -1.3957582908578188 -3.7415326166814906 0.2529916579234547 2.227271964876721 1.8242194468822932 0.0 0.0 
r -1.3917482472282137 -3.698452604556119 0.2829046879623267 2.2716130300406654 1.8446191055841163 0.0 0.0 
r -1.3903146419535297 -3.663652123665636 0.3071327771083662 2.299994692977238 1.8611246386174303 0.0 0.0 
r -1.3916267080797684 -3.6339383227120887 0.32562155889852484 2.3159532480486593 1.8736683649019221 0.0 0.0 
r -1.3957913469891046 -3.6071442544074324 0.3384115155024535 -0.8199016838153734 1.88225408870019 0.0 0.0 
r -1.402860928871567 -3.5816634774777647 0.34559317419843333 2.318500886682476 1.8869351943727564 0.0 0.0 
r -1.4128418866346606 -3.5561624741498936 0.34727299110845355 2.3070151180689233 1.8877985141925828 0.0 0.0 
r -1.4257070688974882 -3.5293623053582515 0.34354703547473986 2.2873469686084213 1.8849502250753305 0.0 0.0 
r -1.4414062490846167 -3.499827097653322 0.33448647598059233 2.259146011659566 1.8785069794688707 0.0 0.0 
r -1.4598730976793979 -3.4656941434869153 0.3201366646654024 2.221598917902644 1.868592908186794 0.0 0.0 
r -1.4810295410167822 -3.4242491959749897 0.3005256695891875 2.173386753557249 1.8553402085456945 0.0 0.0 
r -1.504785735745477 -3.3711568858663448 0.2756859501755323 2.1126205938862705 1.8388959889585574 0.0 0.0 
r -1.5310359687963169 -3.2989305272487215 0.24568468180171982 2.0368045041220606 1.819430384406637 0.0 0.0 
r -1.5596500683146426 -3.1936731127832156 0.21066264688589081 1.942921212245447 1.7971493096730622 0.0 0.0 
r 1.551125972871361 -3.0280725849955066 0.17087110901607855 1.8278594118522837 1.7723003968808113 0.0 0.0 
r 1.5183080757980312 -2.750442737124262 0.12670967677768918 1.6894728923453086 1.7451822620718436 0.0 0.0 
r 1.4837403718358564 -2.3059337229589567 0.07875330039142969 1.5284834644738483 1.7161501276616393 0.0 0.0 
r 1.4477278523784884 -1.7915957896006423 0.027757009766733856 1.3506051019012681 1.6856117767839727 0.0 0.0 
r 1.4106314555487351 -4.556663529580477 3.116235506515041 1.1669259621904395 1.6540227395375657 0.0 0.0 
r 1.3728634803379893 -4.334085806670732 3.062049424900552 0.9907674681093476 1.6218732929312756 0.0 0.0 
r 1.3348812180032983 -4.20228832655858 3.0078981131303446 0.8327218189066389 1.5896724293770794 0.0 0.0 
r 1.2971702362916957 -4.11993311687295 2.954871959477855 0.6978612093567478 -1.5836642481901158 0.0 0.0 
r 1.2602317069251237 -4.065940144814284 2.9039740589524596 0.5864073783373767 -1.6144609137996953 0.0 0.0 
r 1.2245610334679156 -4.029357768137495 2.856061652116801 0.49591299685850737 -1.6438535955892635 0.0 0.0 
r 1.1906262603758635 -4.004100568552823 2.8118040722515927 0.42309516359601534 -1.6714306911379997 0.0 0.0 
r 1.1588474417658747 -3.986548477750045 2.771670645677694 0.36483330993419427 -1.6968303130162787 0.0 0.0 
r 1.1295833607595827 -3.974402420641195 2.735935127687422 0.31855473285766106 -1.719738729843673 0.0 0.0 
r 1.1031144451447545 -3.9661212066586837 2.7046943182866126 0.28230921677165893 -1.7398846724920967 0.0 0.0 
r 1.0796402610134883 -3.960617639940677 2.6778975360011965 0.2547276772848712 -1.7570280701783207 0.0 0.0 
r 1.0592763450246703 -3.9570913502240237 2.6553748815333265 0.23494587606019857 -1.7709470608459337 0.0 0.0 
r 1.042056356452831 -3.954934148090303 2.6368667460485753 0.2225323516463208 -1.7814237420137524 0.0 0.0 
r 1.02794009543613 -3.9536719347692855 2.622050699880103 0.21742920005191657 -1.7882301831007652 0.0 0.0 
r 1.0168223043245148 -3.952930067853707 2.61056399111008 0.21990448589037936 -1.7911162614628062 0.0 0.0 
r 1.0085446277081584 -3.952411309082716 2.602023670887736 0.23051249230108173 -1.789800227691368 0.0 0.0 
r 1.002906195914868 -3.9518814666903963 2.5960414720439156 0.2500565712387694 -1.7839626770723163 0.0 0.0 
r 0.9996745721213303 -3.951160569015836 2.59223708421561 0.2795493550488664 -1.7732445073736542 0.0 0.0 
r 0.9985951001785224 -3.9501170593897603 2.5902481925292933 0.3201529472254691 -1.7572498442151674 0.0 0.0 
r 0.9993994799720337 -3.948661728007114 2.589736714205254 0.37308157404056314 -1.7355553968741224 0.0 0.0 
r 1.001812633261387 -3.9467430213822725 2.5903927576782295 0.4394334124685385 -1.7077286322183816 0.0 0.0 
r 1.0055589678045087 -3.9443430543952442 2.591937429664698 0.5199273970188044 -1.6733566501665198 0.0 0.0 
r 1.0103683252335864 -3.9414723844890283 2.5941234720401174 0.6145326981539575 -1.632089898136491 0.0 0.0 
r 1.0159814813452714 -3.9381657746257988 2.5967359264269447 0.7220518493383628 -1.583702604640578 0.0 0.0 
r 1.0221553399633567 -3.9344780300464097 2.5995924232640784 0.8398230369931197 1.6134225903458892 0.0 0.0 
r 1.0286694247430677 -3.930476356910539 2.6025418007155836 0.9637851403801669 1.6758371116527075 0.0 0.0 
r 1.0353292716369875 -3.9262381846375596 2.605464813295604 1.0890478204504712 1.744501162859017 0.0 0.0 
r 1.0419707208841529 -3.921845189022806 2.6082727894089324 1.2108167045853238 1.818359695343633 0.0 0.0 
r 1.048461104710309 -3.9173798257060257 2.6109058666020157 1.3252655047101558 1.895943411076853 0.0 0.0 
r 1.0546986031111332 -3.9129222257788645 2.61333007699957 1.4299807858048388 1.9754567479265608 0.0 0.0 
r 1.0606090111617943 -3.9085481692248427 2.6155330050241927 1.523919070887223 2.0549405823193734 0.0 0.0 
r 1.0661411240016485 -3.9043301999534137 2.6175208499382707 1.6070657249480167 2.1324779192300563 0.0 0.0 
r 1.0712608226824611 -3.900334224299644 2.619310178471782 1.6800275011144596 2.2063875806067363 0.0 0.0 
r 1.0759464842813977 -3.8966220020535385 2.6209260172136863 1.7437058357674498 2.2753616972103714 0.0 0.0 
r 1.08018239076529 -3.8932512516060314 2.6223956349079556 1.7990805325436696 2.338521012645361 0.0 0.0 
r 1.0839557822571342 -3.8902750027784916 2.6237452587126415 1.8470917259789603 2.3953963553443027 0.0 0.0 
r 1.0872547791835132 -3.8877404544434926 2.624997167542701 1.8885874100284916 2.4458641857053296 0.0 0.0 
r 1.090067159331472 -3.885689608832608 2.6261691431477248 1.924308413395099 2.490062138235098 0.0 0.0 
r 1.092382578806045 -3.8841552838591697 2.6272735156857725 1.95489468540024 2.52830477552582 0.0 0.0 
r 1.0941945654260534 -3.8831585965001243 2.6283172676288684 1.9808991641965503 2.5610141906959956 0.0 0.0 
r 1.0955027816662672 -3.8827070815237934 2.6293029655895706 2.0028016246279825 2.5886672692809394 0.0 0.0 
r 1.0963153794514682 -3.882793479358158 2.6302303330186034 2.0210256195764065 2.6117562437965782 0.0 0.0 
r 1.096652437906417 -3.8833929334140898 2.6310975337102462 2.0359461232717133 2.6307626757829747 0.0 0.0 
r 1.0965462620537016 -3.8844633504883546 2.631901775420386 2.047899734571126 2.6461371721254685 0.0 0.0 
r 1.0960413131820215 -3.885947194409139 2.6326406370674897 2.0571889593311115 2.65828588397535 0.0 0.0 
r 1.0951936135114557 -3.887771142072779 2.6333109184795154 2.064083087495983 2.6675603863063553 0.0 0.0 
r 1.0940671741684025 -3.889851469666586 2.633909211801493 2.0688198676143776 2.674248774966991 0.0 0.0 
r 1.0927314770855958 -3.8920961551900812 2.6344307679026544 2.0716029542713876 2.6785694633132024 0.0 0.0 
r 1.0912567315891584 -3.8944092339489997 2.6348680161624705 2.072602809504236 2.680666691116977 0.0 0.0 
r 1.089709755190238 -3.8966946554962743 2.6352094075508345 2.071951351095473 2.680608729712384 0.0 0.0 
r 1.0881508859056923 -3.8988585969254075 2.6354381191843945 2.069743443031972 2.678388408027998 0.0 0.0 
r 1.0866301722389844 -3.9008123978539264 2.6355306324636265 2.0660361575790827 2.673926415101416 0.0 0.0 
r 1.0851854005654462 -3.902474834403261 2.6354567089439564 2.060849186889588 2.6670772514936196 0.0 0.0 
r 1.0838415466469882 -3.9037728695495217 2.635179547073971 2.0541642175417043 2.657638533407013 0.0 0.0 
r 1.082610907910144 -3.9046410216673233 2.634655430017887 2.045926966681532 2.645360598891466 0.0 0.0 
r 1.0814925052317987 -3.905024723404122 2.6338359530969253 2.0360483626792423 2.629957894111933 0.0 0.0 
r 1.0804743697146333 -3.9048781229862457 2.6326684127066087 2.0244035437393615 2.6111210756631698 0.0 0.0 
r 1.079534977632145 -3.90416562638842 2.6310984220709424 2.010829317447253 2.588530529861532 0.0 0.0 
r 1.078645107705082 -3.9028606432241797 2.6290705236620244 1.9951189153600242 2.5618680126876145 0.0 0.0 
r 1.0777691142460848 -3.900948685988502 2.626531895037488 1.9770155771512434 2.5308305251636396 0.0 0.0 
r 1.0768669655460643 -3.8984273607405955 2.6234342239660693 1.9561980332606912 2.4951456514350365 0.0 0.0 
r 1.0758940765600342 -3.8953107100152593 2.619737149321466 1.932264123959408 2.4545873788543036 0.0 0.0 
r 1.0748050068096946 -3.891628702156049 2.615411691222399 1.9047047940529869 2.408997855113612 0.0 0.0 
r 1.0735543674675214 -3.88743130476115 2.6104450246714324 1.8728722545587195 2.358313496979522 0.0 0.0 
r 1.072098602360864 -3.882790605781582 2.604844823966224 1.8359397979643495 2.3025937328011916 0.0 0.0 
r 1.0703992479585254 -3.8778000142897957 2.598642959145629 1.7928449950338063 2.2420544666697295 0.0 0.0 
r 1.068428363633278 -3.8725725460802423 2.591900982234577 1.7422341592849095 2.1770994436868696 0.0 0.0 
r 1.066168523341294 -3.867239728498561 2.5847106689779604 1.6823999969739107 2.108343658221501 0.0 0.0 
r 1.063619539491192 -3.8619446223003617 2.5771963585568187 1.6112522850320117 2.0366227020136645 0.0 0.0 
r 1.0608011962912833 -3.8568337316713297 2.5695117084622843 1.5263708845521837 1.9629757282111406 0.0 0.0 
r 1.0577575270804815 -3.852046979777369 2.5618356365144317 1.4252563696118692 1.8886006677362213 0.0 0.0 
r 1.0545592730054638 -3.847707566010498 2.554365325084237 1.3059452401780627 1.8147839535172046 0.0 0.0 
r 1.0513048002579952 -3.84391152429743 2.5473063663904085 1.1681301193344378 1.742810881606063 0.0 0.0 
r 1.048118431168521 -3.8407254335335805 2.540867065027104 1.0146070830121086 1.6738789041551163 0.0 0.0 
r 1.0451543140827737 -3.8381726445412836 2.535247592403842 0.8521492870428987 1.60902348981161 0.0 0.0 
r 1.0425868182337457 -3.836242380638652 2.530636306029141 0.6905410570401218 -1.5925200890569755 0.0 0.0 
r 1.0406134933471938 -3.834885877216249 2.527207962069326 0.5396396918308508 -1.646962864401199 0.0 0.0 
r 1.039449477703668 -3.834025385291544 2.5251257201660535 0.40637701144132965 -1.6955081144007336 0.0 0.0 
r 1.0393242093898358 -3.8335618870097754 2.524545333036613 0.2936766179087123 -1.7379533879616837 0.0 0.0 
r 1.0404787941975917 -3.8333851804280044 2.525623140386221 0.2012719643196268 -1.7742474031462523 0.0 0.0 
r 1.0431611484429355 -3.833385053070583 2.5285233663729114 0.1271598827256638 -1.8044520628910339 0.0 0.0 
r 1.0476215005664504 -3.8334608463762048 2.5334246993920324 0.06875824616089377 -1.828709125218079 0.0 0.0 
r 1.0541063506897945 -3.833533392223777 2.5405276513053 0.023560248855265087 -1.8472120122918998 0.0 0.0 
r 1.0628453869023353 -3.833557144580412 2.5500541919520923 -0.010586368520728029 -1.8601849751277673 0.0 0.0 
r 1.0740445274709702 -3.833524983021634 2.562246187881408 -0.03539935999249866 -1.867869102947673 0.0 0.0 
r 1.0878667645554878 -3.8334844474353837 2.577359447429901 -0.052169899913476425 -1.870513093397098 0.0 0.0 
r 1.104416053989174 -3.833550556113593 2.5956538151975987 -0.06178917332609479 -1.868369793949991 0.0 0.0 
r 1.1237180218580254 -3.833924380964044 2.6173781439689603 -0.06478747091958881 -1.861697882073448 0.0 0.0 
r 1.1457012182948754 -3.834921588367459 2.6427530982210756 -0.06133999681205393 -1.850765175997516 0.0 0.0 
r 1.1701799983703183 -3.8370168040343553 2.6719505795807623 -0.05126371342245761 -1.835856321737265 0.0 0.0 
r 1.1968427518229414 -3.8409095458492644 2.7050677799539455 -0.03398053402638268 -1.8172824916799926 0.0 0.0 
r 1.2252475409906118 -3.8476349838817514 2.7421011162494677 -0.008453735832416709 -1.7953919684193975 0.0 0.0 
r 1.2548300772666456 -3.8587444170902954 2.782919333353486 0.026922946132383996 -1.7705798569019346 0.0 0.0 
r 1.2849212796116878 -3.876617979012556 2.827237451300472 0.0744671501668901 -1.7432978444407392 0.0 0.0 
r 1.314777879786445 -3.905012978303413 2.8745943790683492 0.13738499438203877 -1.714058140771766 0.0 0.0 
r 1.3436220275451867 -3.950073239559569 2.9243442613354995 0.21988366657864633 -1.6834331157676934 0.0 0.0 
r 1.3706838273164674 -4.022168556203053 2.975656859018656 0.32697557482359974 -1.6520475382959994 0.0 0.0 
r 1.3952456390773589 -4.138962405899923 3.027537606289625 0.46340384444439303 -1.6205637605944756 0.0 0.0 
r 1.416681179005812 -4.3281647156016145 3.078865278530907 0.6308315891435876 -1.5896611071249576 0.0 0.0 
r 1.4344842137626834 -4.616835279292012 3.1284469709602565 0.8233815999049936 1.5815823433492417 0.0 0.0 
r 1.4482891625743273 -1.8364479298548164 0.03348726055334482 1.0251150801400335 1.6093464014459802 0.0 0.0 
r 1.4578811689350313 -2.162268214320095 0.07602112315498998 1.2149460916612125 1.634650188076477 0.0 0.0 
r 1.4631961125961703 -2.3826997063847553 0.1134120109165045 1.3766150033281614 1.6570023973417494 0.0 0.0 
r 1.4643144786463538 -2.5089297219609565 0.14476034038893948 1.5037362721168428 1.6760099606213235 0.0 0.0 
r 1.4614428308795815 -2.5707431995963086 0.16933287808845804 1.5973489798825615 1.6913856087186643 0.0 0.0 
r 1.454892286761466 -2.5889324873618818 0.1865712957732348 1.6614111840258485 1.7029499284887961 0.0 0.0 
r 1.4450487796905287 -2.5748407302893352 0.1960889604387283 1.6999536524352172 1.7106285058728767 0.0 0.0 
r 1.4323407558302195 -2.5337147342209034 0.19766388281762312 1.7159290413150154 1.714443986510516 0.0 0.0 
r 1.417206465179813 -2.4670699017125397 0.1912322219508061 1.7110102727663263 1.7145068424743506 0.0 0.0 
r 1.4000625119697274 -2.3742477352914784 0.17688453268197757 1.685745656636752 1.7110040609594308 0.0 0.0 
r 1.3812808364916989 -2.253949714253629 0.15486822648681167 1.639892058269628 1.704187855673469 0.0 0.0 
r 1.3611737133488626 -2.1063951491106954 0.12559342612961033 1.572937574099256 1.6943640982653294 0.0 0.0 
r 1.3399894556539047 -1.9361143204859825 0.0896413990815245 1.4849046908045462 1.6818801695520516 0.0 0.0 
r 1.3179156093905713 -1.753725458419512 0.04776928224721614 1.3774261091494306 1.6671148543715562 0.0 0.0 
r 1.2950893639450944 -1.5739952764218013 0.0009050241103288099 1.2547426850232288 1.6504660470371366 0.0 0.0 
r 1.2716130475988963 -4.551961689103151 3.0917226615016564 1.1238780891917868 1.6323411917043822 0.0 0.0 
r 1.2475707613128726 -4.41209162588735 3.0382338439927556 0.993348203663117 1.613146813865564 0.0 0.0 
r 1.2230448324655243 -4.2975434196946996 2.9832895518912452 0.8708888127513242 1.5932802108219195 0.0 0.0 
r 1.1981294134344291 -4.20614053725368 2.928143334078781 0.7616153084999288 1.5731203329164758 0.0 0.0 
r 1.1729401600430658 -4.134310948735566 2.873976285085553 0.6676090776832668 -1.5885712855750351 0.0 0.0 
r 1.1476217073823511 -4.078435360822269 2.8218372201565223 0.5886320528886556 -1.608286761135055 0.0 0.0 
r 1.1223491443897022 -4.035378219780191 2.772597684478631 0.5231705123221019 -1.6273306758920412 0.0 0.0 
r 1.097325609382624 -4.002596710145796 2.7269301270441146 0.4692364165547057 -1.6454559138204208 0.0 0.0 
r 1.0727745771593384 -3.9780786793988736 2.6853027206670856 0.42484969426966573 -1.6624580623614122 0.0 0.0 
r 1.0489340682246102 -3.960234927279444 2.6479928944628206 0.38824917858456137 -1.6781775010179663 0.0 0.0 
r 1.0260414515697287 -3.94780086728561 2.61510838557501 0.3579535132246781 -1.692502242261308 0.0 0.0 
r 1.004321948439735 -3.939753909287303 2.586615278395957 0.3327530127539544 -1.70536702205845 0.0 0.0 
r 0.9839757576066176 -3.9352511648523114 2.562365254378301 0.3116702637996153 -1.7167529547432903 0.0 0.0 
r 0.965169102748058 -3.9335835735097437 2.5421223621615514 0.2939133938276708 -1.7266853058820901 0.0 0.0 
r 0.9480268770968121 -3.934145775022975 2.5255875628033877 0.27884089678358603 -1.7352278344902619 0.0 0.0 
r 0.9326308696372977 -3.9364099490437936 2.512416354257441 0.26592516522821963 -1.7424781362973916 0.0 0.0 
r 0.9190150869533009 -3.9399217215621807 2.5022409449427387 0.2547288037684125 -1.7485590520892 0.0 0.0 
r 0.907176162431118 -3.94428132754148 2.4946831225102155 0.24488951801581782 -1.7536105594941134 0.0 0.0 
r 0.897070880182866 -3.949146969681899 2.4893677198169266 0.23611100515679928 -1.7577799554839386 0.0 0.0 
r 0.8886269266173704 -3.9542271194158785 2.4859334415902885 0.2281560721036887 -1.7612135082334726 0.0 0.0 
r 0.8817488541089337 -3.9592799704510293 2.4840423735445545 0.22084467416316156 -1.7640485923782045 0.0 0.0 
r 0.8763239464051341 -3.964110901199682 2.483385463131206 0.21405143783681302 -1.7664071708778557 0.0 0.0 
r 0.8722284906111817 -3.96857021133595 2.483687531350805 0.20770138275925676 -1.768392213502796 0.0 0.0 
r 0.8693328493103343 -3.9725500978488855 2.484709763492661 0.20176543268232283 -1.7700852750937375 0.0 0.0 
r 0.867504438243974 -3.975979562608656 2.4862478231062264 0.1962498478949768 -1.7715473089817533 0.0 0.0 
r 0.8666142224389415 -3.978819693717999 2.488133605547565 0.1911873830420584 -1.7728203476146143 0.0 0.0 
r 0.866533141617437 -3.981063549219722 2.4902314840620807 0.1866238407978571 -1.7739303527286578 0.0 0.0 
r 0.8671383000131104 -3.9827264398378306 2.492434726874125 0.18260418010906299 -1.7748921176001637 0.0 0.0 
r 0.8683121557238277 -3.983843407446385 2.4946619936672825 0.1791589648176679 -1.7757131028408453 0.0 0.0 
r 0.8699430893585737 -3.984464646341636 2.4968531647809753 0.17630329970695136 -1.7763966983757342 0.0 0.0 
r 0.8719257833850007 -3.98465108782388 2.4989651475892227 0.17402291909409584 -1.7769464573675706 0.0 0.0 
r 0.8741624168907226 -3.984469256554972 2.500967803758018 0.17227657321516598 -1.7773681147571343 0.0 0.0 
r 0.8765641085566283 -3.983988477401555 2.5028424380181367 0.17099888040560152 -1.7776710509382394 0.0 0.0 
r 0.879050996355723 -3.983277119867287 2.504578088608836 0.17010454278319276 -1.7778686514904571 0.0 0.0 
r 0.8815525082226227 -3.982399239166743 2.506168455066535 0.16949542179345534 -1.777978616163503 0.0 0.0 
r 0.8840099553486358 -3.981411620762341 2.507611539322297 0.1690722428001865 -1.778021141426791 0.0 0.0 
r 0.8863757063427726 -3.9803630179823903 2.5089081184174815 0.16873765904199733 -1.7780185760990777 0.0 0.0 
r 0.8886141849482894 -3.9792920699111702 2.5100607595791526 0.1684077275622452 -1.777992889980966 0.0 0.0 
r 0.8907014379112009 -3.978227987914696 2.5110741220989587 0.16801674588109572 -1.7779645421728945 0.0 0.0 
r 0.8926234736424211 -3.9771916474894677 2.5119544514294323 0.16752056898888645 -1.7779504721069082 0.0 0.0 
r 0.8943761966381797 -3.976195341918495 2.5127093406636334 0.16690311555447346 -1.777962150202928 0.0 0.0 
r 0.8959635770661836 -3.9752439899220535 2.5133471563412124 0.1661757664212684 -1.7780043207583531 0.0 0.0 
r 0.8973944364864197 -3.974338008280785 2.5138766895981997 0.1653746524140911 -1.7780748550986545 0.0 0.0 
r 0.8986811044876752 -3.9734745932221207 2.5143070919037425 0.16455868360067705 -1.7781644418505715 0.0 0.0 
r 0.8998368231674898 -3.972649778134874 2.5146473195441867 0.16380390913096676 -1.778257346998971 0.0 0.0 
r 0.9008737469502833 -3.9718598778255125 2.514905562072484 0.16319672951737219 -1.7783327767360053 0.0 0.0 
r 0.9018021893645687 -3.9711026371640226 2.515089599154652 0.16282844927470275 -1.7783662534836888 0.0 0.0 
r 0.902629039290222 -3.9703781460550025 2.5152061208800522 0.16278405608074964 -1.778332885699007 0.0 0.0 
r 0.9033572998866459 -3.96968988774937 2.515261269091272 0.16313728564061714 -1.7782092618853582 0.0 0.0 
r 0.9039855516866394 -3.9690457231625986 2.5152610436868907 0.16394449184276816 -1.7779757319013807 0.0 0.0 
r 0.9045081148290428 -3.9684580584283093 2.5152116149430244 0.165241877632347 -1.7776179459697787 0.0 0.0 
r 0.904916309293939 -3.967942579473518 2.5151193473251054 0.16704442438470157 -1.7771281417881897 0.0 0.0 
r 0.9051988741167527 -3.967518353609787 2.5149913095974497 0.16934537540666206 -1.776505774114178 0.0 0.0 
r 0.9053431643209594 -3.967206833832241 2.5148355039114016 0.17212075477775246 -1.7757569149099632 0.0 0.0 
r 0.9053362109651532 -3.96703031444524 2.514660442505579 0.1753361120254292 -1.7748926498228756 0.0 0.0 
r 0.9051665344887384 -3.967009543292754 2.5144746596805794 0.1789490571263085 -1.7739280520107592 0.0 0.0 
r 0.9048254670146532 -3.967162089497978 2.5142864629259707 0.18291412768146886 -1.772880743116276 0.0 0.0 
r 0.904308780134251 -3.9674999853858375 2.514103286217108 0.18718781774461446 -1.7717687585746025 0.0 0.0 
r 0.9036177740468311 -3.968028191940964 2.51393129278437 0.19172915448723316 -1.7706095638372044 0.0 0.0 
r 0.9027601992804946 -3.9687431625316516 2.513774896192673 0.1965000628916601 -1.769419241890377 0.0 0.0 
r 0.9017506500830965 -3.969632731593382 2.5136370158979107 0.2014646265860366 -1.7682114838317597 0.0 0.0 
r 0.900610993979113 -3.9706753447316867 2.513518728259889 0.20658464085050732 -1.7669985005776307 0.0 0.0 
r 0.8993691648126737 -3.9718420809612325 2.513419975203071 0.21181701093846117 -1.765791190515273 0.0 0.0 
r 0.8980587081015037 -3.973098298603517 2.5133406493905057 0.21710892610956256 -1.76460002834976 0.0 0.0 
r 0.8967169599702632 -3.974406760374514 2.5132817643350798 0.22239814368145883 -1.7634348729905085 0.0 0.0 
r 0.8953817250917478 -3.975730276126753 2.5132447164770166 0.2276123098097349 -1.7623061408201333 0.0 0.0 
r 0.8940915537430298 -3.9770338893550496 2.5132336398117303 0.23267431544498063 -1.7612239544856896 0.0 0.0 
r 0.8928827967319793 -3.9782867804074553 2.5132543637602933 0.2375033783729037 -1.7601985910784927 0.0 0.0 
r 0.8917880989700381 -3.979465457940857 2.513316021603495 0.24202442923336154 -1.7592387951383213 0.0 0.0 
r 0.8908350574737449 -3.980554339741298 2.5134303331000662 0.24617448796817798 -1.7583508235202276 0.0 0.0 
r 0.8900455434802618 -3.981545928511612 2.513611147357312 0.24990670707752782 -1.7575377725777332 0.0 0.0 
r 0.8894359867418173 -3.982440810619972 2.5138747466470153 0.2532024251711651 -1.7567970344121986 0.0 0.0 
r 0.8890169696277739 -3.983247287693791 2.514239118375589 0.25607425829743935 -1.756119589205652 0.0 0.0 
r 0.8887938271628477 -3.983979835064092 2.514723071358478 0.2585676568623696 -1.7554893910498977 0.0 0.0 
r 0.8887675782839095 -3.984658270500619 2.5153463410518033 0.2607652734262857 -1.7548823163310734 0.0 0.0 
r 0.8889364866260974 -3.98530625622406 2.5161296571176703 0.2627838397998657 -1.754266858497989 0.0 0.0 
r 0.889297390446995 -3.9859494317253907 2.5170942251184023 0.2647697671324297 -1.753604849863214 0.0 0.0 
r 0.8898471623376423 -3.986615191042942 2.5182628991419915 0.2668923922686779 -1.7528527595145469 0.0 0.0 
r 0.8905831865003244 -3.9873319490657213 2.5196599063777283 0.26933307995119815 -1.75196427015721 0.0 0.0 
r 0.8915065470492886 -3.9881271861679974 2.521312025931344 0.2722733009856038 -1.750893169166454 0.0 0.0 
r 0.8926208322161057 -3.989027265174491 2.5232472058378654 0.2758816857031595 -1.7495960516314795 0.0 0.0 
r 0.893933111725733 -3.990056306031618 2.525494381797443 0.28030194501012035 -1.7480358743002395 0.0 0.0 
r 0.8954531879627077 -3.9912348878248376 2.5280814606478312 0.28563839343439185 -1.746185322924589 0.0 0.0 
r 0.8971919486686109 -3.9925797817309507 2.53103342400067 0.29194649238424064 -1.7440294595059582 0.0 0.0 
r 0.899159637504716 -3.9941017693082883 2.534368555128404 0.2992246497640129 -1.741568498778041 0.0 0.0 
r 0.9013622894273747 -3.9958052630230574 2.5380946518429752 0.3074115101024938 -1.7388190977697564 0.0 0.0 
r 0.9037984942993278 -3.997686848974876 2.542204604590979 0.316387444077024 -1.7358144836847327 0.0 0.0 
r 0.9064558873904109 -3.9997336880441114 2.546671682105938 0.32597995008986597 -1.7326042877256602 0.0 0.0 
r 0.9093082781204824 -4.001922321698695 2.551445939277235 0.3359744030482201 -1.7292521639088378 0.0 0.0 
r 0.9123129381799107 -4.004218834694887 2.5564521808428355 0.3461265000805322 -1.725833268993311 0.0 0.0 
r 0.9154106053093503 -4.006577217719247 2.5615889416727673 0.35617551922389074 -1.7224306957760946 0.0 0.0 
r 0.9185257167176581 -4.008941058122397 2.5667308421701245 0.365858856748611 -1.7191313297078592 0.0 0.0 
r 0.9215686829977223 -4.0112445131986245 2.5717321577887637 0.37492392920666456 -1.7160220933670645 0.0 0.0 
r 0.9244404676407934 -4.013414988089746 2.5764339754353403 0.38313881457613463 -1.7131858528019577 0.0 0.0 
r 0.9270377286649658 -4.015377044105654 2.5806727051133276 0.3902989168083331 -1.7106985158543444 0.0 0.0 
r 0.9292602073757184 -4.017055940927085 2.584289984341472 0.3962320861317453 -1.7086261195868593 0.0 0.0 
r 0.9310172370067102 -4.0183831464720035 2.587143168104979 0.4008006530207049 -1.7070231729231167 0.0 0.0 
r 0.9322335705930956 -4.019302151373158 2.5891151627564946 0.40390217463994976 -1.7059313107982876 0.0 0.0 
