r 1.7961552920431447 -3.075774548756713 1.2908343161452236 -2.4069708844210336 0.278006590770499 0.0 0.0 
r 1.7963936540115633 -3.0756985072968153 1.290817275505303 -2.405052156904088 0.2797238387304761 0.0 0.0 
r 1.796748549282304 -3.0755858517685333 1.2907942940894142 -2.4022541426647774 0.28220428374636997 0.0 0.0 
r 1.7972164593821864 -3.0754383254973314 1.2907682484602045 -2.398672581800391 0.28533785519886945 0.0 0.0 
r 1.7977919909603763 -3.07525838369642 1.290742606331916 -2.3944259697254573 0.2889811014617799 0.0 0.0 
r 1.798467463943791 -3.075049264026116 1.2907211817403412 -2.389659578999588 0.29296304838549825 0.0 0.0 
r 1.799232718400899 -3.07481497897851 1.2907078423488398 -2.38453577605797 0.2970934092480251 0.0 0.0 
r 1.8000745741148383 -3.0745603985497443 1.2907061651156448 -2.3792267651015733 0.30117309728355274 0.0 0.0 
r 1.800976287651746 -3.074291348522449 1.2907191616928206 -2.3739086171392745 0.3049938266001002 0.0 0.0 
r 1.8019177314789592 -3.074014481082088 1.290748979579869 -2.3687514855307823 0.30836109398098255 0.0 0.0 
r 1.8028752466292075 -3.0737372711758972 1.2907967274359322 -2.363908549134486 0.31109611774110013 0.0 0.0 
r 1.8038218010185574 -3.0734679396359064 1.2908623897491909 -2.3595102339777343 0.31304605875853664 0.0 0.0 
r 1.804727745935252 -3.07321519838554 1.290944763920911 -2.3556539382206574 0.3140977539815898 0.0 0.0 
r 1.805561601810838 -3.07298802224038 1.2910415420645047 -2.3524003744529223 0.31417885281331653 0.0 0.0 
r 1.8062905904738196 -3.0727955351803753 1.2911495375332214 -2.3497723073905217 0.3132601488620311 0.0 0.0 
r 1.8068824826261307 -3.072646528801678 1.2912650166959208 -2.3477492805040825 0.31135501061944526 0.0 0.0 
r 1.8073065645034527 -3.0725492277916824 1.2913839416318578 -2.346278244161615 0.30851603846441217 0.0 0.0 
r 1.8075346767203728 -3.0725111004719086 1.2915024552070478 -2.3452766984136937 0.3048228470394727 0.0 0.0 
r 1.8075427901170324 -3.0725384746862097 1.291617226325631 -2.344640109452059 0.30037539119038204 0.0 0.0 
r 1.8073121964238548 -3.072636254508704 1.291725725881764 -2.344250062219447 0.2952989453437536 0.0 0.0 
r 1.8068293593572462 -3.0728081149117767 1.2918267848035212 -2.3439846805576185 0.28970336278972364 0.0 0.0 
r 1.8060869470023204 -3.073056150323603 1.2919204300422464 -2.34372281738215 0.2837052946525224 0.0 0.0 
r 1.8050835647021577 -3.073380999205271 1.292008054153636 -2.343353884779333 0.2774115539539425 0.0 0.0 
r 1.8038226057395221 -3.073782188281967 1.2920924234711135 -2.342783177863259 0.27091014692895454 0.0 0.0 
r 1.802311385044144 -3.0742582996095753 1.2921773447305485 -2.3419384084739443 0.2642772822015143 0.0 0.0 
r 1.800559960609554 -3.0748072410789007 1.2922673741170618 -2.3407693133636576 0.25757965646637404 0.0 0.0 
r 1.7985788540901202 -3.0754268749966176 1.2923676395238983 -2.3392513280360587 0.25087285223868083 0.0 0.0 
r 1.7963785047540668 -3.076115016579084 1.2924832277508786 -2.337389101509767 0.24420763979505544 0.0 0.0 
r 1.7939670721493157 -3.0768699914430284 1.2926188069608617 -2.335212131188347 0.23763236440323457 0.0 0.0 
r 1.7913500908477333 -3.0776906157482906 1.2927781431369498 -2.3327689513682044 0.23120186983590227 0.0 0.0 
r 1.788529547331159 -3.07857642329385 1.2929638938752888 -2.330138872100327 0.22496232334016125 0.0 0.0 
r 1.7855039619935997 -3.07952757847546 1.293177326724458 -2.3274111798684847 0.21896482552664126 0.0 0.0 
r 1.7822688016875006 -3.0805446833695758 1.2934179700206372 -2.324684934340435 0.21325673785195112 0.0 0.0 
r 1.7788180335839614 -3.0816284114557337 1.2936839334995687 -2.322062163307743 0.2078791057363472 0.0 0.0 
r 1.7751448567267671 -3.0827793287357945 1.2939719661867952 -2.3196368921711654 0.20285726243986715 0.0 0.0 
r 1.7712437384565283 -3.0839973628275845 1.2942776320679656 -2.3174926303859165 0.19819643430070458 0.0 0.0 
r 1.7671120767071018 -3.085281446107937 1.29459573756967 -2.3156923959669404 0.19388572316039496 0.0 0.0 
r 1.7627520702633426 -3.0866290979852353 1.294920752629083 -2.3142760997821092 0.18988113289292685 0.0 0.0 
r 1.7581714398396926 -3.0880363651212916 1.2952473382396152 -2.313259186148241 0.18611074298505265 0.0 0.0 
r 1.7533844757124486 -3.089497646706236 1.2955708318520331 -2.3126321000493957 0.18247890414129844 0.0 0.0 
r 1.748412506549395 -3.0910056544258158 1.2958876239390489 -2.3123623185788076 0.17887298469875468 0.0 0.0 
r 1.7432832027457106 -3.0925516891691727 1.2961955039095099 -2.312401171679166 0.17516686890128977 0.0 0.0 
r 1.7380305228411068 -3.0941256751770805 1.296493813783372 -2.312691647379375 0.17123884316959445 0.0 0.0 
r 1.7326934012126924 -3.095716513367701 1.2967834278442112 -2.3131703091029228 0.16697754640841156 0.0 0.0 
r 1.7273143802162805 -3.0973124216040753 1.2970666287698016 -2.313781105151822 0.1623014429725266 0.0 0.0 
r 1.7219380367917096 -3.0989012927509556 1.2973467663613474 -2.3144764531058315 0.15717038450259363 0.0 0.0 
r 1.7166094810951424 -3.1004710265176123 1.2976278530493777 -2.3152237930307273 0.15158875281224868 0.0 0.0 
r 1.7113723732937292 -3.102009991703255 1.2979140518067362 -2.3160052332662047 0.1456103032230462 0.0 0.0 
r 1.7062677483061133 -3.1035073006267413 1.2982093642699195 -2.316818397083919 0.13933954543041252 0.0 0.0 
r 1.701331683975769 -3.1049533284892643 1.298516665570847 -2.31767667046527 0.13292718394000694 0.0 0.0 
r 1.6965958905424232 -3.1063395558815325 1.2988376631511054 -2.3186032274414035 0.12655790648278523 0.0 0.0 
r 1.6920858184917822 -3.1076590769896946 1.2991725653153259 -2.319632687037383 0.12043823711261199 0.0 0.0 
r 1.6878201781927398 -3.108906712988393 1.299519773146075 -2.320806279777419 0.11478301512451335 0.0 0.0 
r 1.6838103294175246 -3.110079196720353 1.299875840440414 -2.3221686709035945 0.10980209697544513 0.0 0.0 
r 1.6800609957081416 -3.1111750203938895 1.3002357910341507 -2.3237669041595987 0.10568606989389329 0.0 0.0 
r 1.6765705051360165 -3.1121943764015643 1.300593189599253 -2.325645591819219 0.10260043463247634 0.0 0.0 
r 1.6733315810694285 -3.1131389803386007 1.3009405850349227 -2.327848218652873 0.1006694938528845 0.0 0.0 
r 1.6703321618186187 -3.114011868293145 1.3012698776335507 -2.330409604065578 0.09998029884512752 0.0 0.0 
r 1.6675573486423068 -3.1148169021862757 1.3015729418081414 -2.333357067055693 0.10057166290136227 0.0 0.0 
r 1.6649897365414037 -3.115558686613978 1.3018419079867505 -2.3367058775537286 0.10244262271275843 0.0 0.0 
r 1.662612490865342 -3.1162417570916188 1.3020697781976027 -2.3404577419362904 0.10555072931082099 0.0 0.0 
r 1.660410287299725 -3.116870335452245 1.3022507602784494 -2.344602853022269 0.1098221388165576 0.0 0.0 
r 1.6583697382710545 -3.1174482263383645 1.3023805787578024 -2.349112120573264 0.11516114088071355 0.0 0.0 
r 1.6564808569864302 -3.117978413536777 1.3024566460426765 -2.3539454949113763 0.12145333343575752 0.0 0.0 
r 1.65473787447851 -3.118462838135457 1.302478244092672 -2.359052719260194 0.12858212953680853 0.0 0.0 
r 1.6531381442082551 -3.118902676335634 1.3024463805742268 -2.3643750981026708 0.1364407757718449 0.0 0.0 
r 1.6516822434234442 -3.1192983024367105 1.3023638118490506 -2.36985101455309 0.14493394821346675 0.0 0.0 
r 1.6503729031963421 -3.1196495532538218 1.3022347910794458 -2.3754201133495 0.15399410822596513 0.0 0.0 
r 1.649215146161282 -3.119955659407907 1.3020647838531667 -2.3810265370511443 0.16358489386515657 0.0 0.0 
r 1.6482136069286908 -3.1202159767241056 1.3018603690468387 -2.386621268917446 0.17369778497017746 0.0 0.0 
r 1.6473740750400587 -3.12042953182733 1.3016288888685874 -2.39216579530025 0.18435451399426134 0.0 0.0 
r 1.6467029264529318 -3.1205951615965786 1.3013781567695333 -2.397630043889521 0.1956037044387424 0.0 0.0 
r 1.6462074700789793 -3.1207114030323218 1.3011161709837393 -2.4029966927395607 0.20751081784563682 0.0 0.0 
r 1.6458974310480319 -3.120776083735398 1.300851008993979 -2.408254659901702 0.22014607513829654 0.0 0.0 
r 1.6457865364956605 -3.120785850570292 1.3005903209497391 -2.4134010195326523 0.23357290919957502 0.0 0.0 
r 1.6458932654485672 -3.1207359701859145 1.3003413193252804 -2.4184386955551327 0.24783619975623541 0.0 0.0 
r 1.6462423612998565 -3.1206198910644507 1.3001104574437266 -2.4233717857156964 0.2629242974220415 0.0 0.0 
r 1.6468655336102465 -3.120429030862718 1.2999031190108639 -2.4282071145969066 0.27881897258734933 0.0 0.0 
r 1.647800171525973 -3.120153143292253 1.2997236170897977 -2.4329493884952287 0.2954147482018674 0.0 0.0 
r 1.6490880510745765 -3.119780663970701 1.2995749102313412 -2.437600559688339 0.31254942053974977 0.0 0.0 
r 1.6507730034372796 -3.1192993545340233 1.2994584465046015 -2.4421529643969375 0.33000630439376816 0.0 0.0 
r 1.6528967752606525 -3.1186974685667757 1.2993742481356216 -2.446592141691042 0.3475103418482197 0.0 0.0 
r 1.6554943993211462 -3.1179650400873693 1.29932089110367 -2.450891500090794 0.36473659377613665 0.0 0.0 
r 1.6585913085837543 -3.117094690093357 1.2992956558406403 -2.455010634907937 0.381336749888383 0.0 0.0 
r 1.6621974451361399 -3.1160832753885708 1.2992947650423206 -2.458893897023499 0.39695160808246416 0.0 0.0 
r 1.666305606653285 -3.1149323478692397 1.299313638423838 -2.462468683252613 0.4112366096620037 0.0 0.0 
r 1.6708890736501758 -3.113648827146466 1.2993472493387481 -2.4656525110922334 0.42387601007848164 0.0 0.0 
r 1.6759020651938175 -3.112244870925836 1.2993903089573304 -2.46834713603513 0.4346175628094432 0.0 0.0 
r 1.6812810372280562 -3.1107375344346644 1.29943756615195 -2.4704481146856665 0.44327465675979405 0.0 0.0 
r 1.6869473841097862 -3.1091480458823018 1.2994840255889684 -2.4718529326652536 0.4497500609988557 0.0 0.0 
r 1.6928121475772944 -3.107500503562964 1.2995249194766687 -2.4724666781017848 0.454037036159647 0.0 0.0 
r 1.698781032383424 -3.105820512651978 1.2995558241113419 -2.472211727761737 0.45622254607983626 0.0 0.0 
r 1.7047593405682604 -3.1041338339021074 1.299572655648189 -2.4710293241028456 0.45648631769162645 0.0 0.0 
r 1.7106567605219856 -3.1024650660922832 1.2995716456033584 -2.4688906004035958 0.45508119981467515 0.0 0.0 
r 1.7163918865818593 -3.1008363921878495 1.2995493067204003 -2.4658001002645387 0.4523274944952562 0.0 0.0 
r 1.7218960749184706 -3.09926649394559 1.2995023756451798 -2.461787768711737 0.448589467660856 0.0 0.0 
r 1.7271149376531956 -3.097770129633203 1.2994278143644151 -2.4569143361457 0.4442452647367022 0.0 0.0 
r 1.7320096073524134 -3.0963578469220203 1.2993232760167681 -2.4512638693184745 0.43967441927389006 0.0 0.0 
r 1.7365561341485272 -3.0950360810398174 1.299186729967304 -2.444935634299357 0.4352344056753626 0.0 0.0 
r 1.7407451108676508 -3.09380736192521 1.2990171260514947 -2.4380347887235496 0.43123589564485865 0.0 0.0 
r 1.744580032691649 -3.09267078718804 1.298814479549538 -2.4306716602326133 0.42793781495021044 0.0 0.0 
r 1.7480752896254914 -3.091622622684859 1.298580076603934 -2.422949956436813 0.4255355886966805 0.0 0.0 
r 1.7512539066343908 -3.090656976702325 1.2983166661828487 -2.414965361901766 0.42415519426044934 0.0 0.0 
r 1.7541453353984497 -3.0897664292711013 1.2980284787727006 -2.406804744952944 0.42384331122368646 0.0 0.0 
r 1.7567837008087515 -3.088942516307526 1.2977211664153068 -2.398546268645212 0.42457530963211637 0.0 0.0 
r 1.759205515827939 -3.0881763171991925 1.2974014883768226 -2.390255275723797 0.42624702940034964 0.0 0.0 
r 1.7614487640568939 -3.087458728239376 1.297077386342038 -2.3819970578896505 0.42868718336779565 0.0 0.0 
r 1.7635500735143799 -3.0867810930965125 1.2967570873792966 -2.3738350403810577 0.4316646382023451 0.0 0.0 
r 1.7655441900373554 -3.0861352817989944 1.2964487657635075 -2.3658333908099607 0.4349000937092737 0.0 0.0 
r 1.7674652278638092 -3.085513225571914 1.2961600784253327 -2.358057747746276 0.4380730145797334 0.0 0.0 
r 1.7693438188542556 -3.0849076512713536 1.2958977230191935 -2.3505838273995767 0.44083183665139675 0.0 0.0 
r 1.7712066191192097 -3.084312110505831 1.2956668964260607 -2.343489458087263 0.4428289401362777 0.0 0.0 
r 1.7730752443790887 -3.0837212499309135 1.2954711016148395 -2.33686304522123 0.4437221457756921 0.0 0.0 
r 1.774966116183843 -3.0831307981557234 1.2953118823158198 -2.3307975832499856 0.4432044248680201 0.0 0.0 
r 1.7768889270867791 -3.082538067761581 1.295189064244126 -2.325394172486201 0.44100762768262647 0.0 0.0 
r 1.7788457194240008 -3.081942274457306 1.2951009743883852 -2.3207597086814578 0.43692567369953655 0.0 0.0 
r 1.7808294049713893 -3.0813450915742924 1.29504496710683 -2.3169906311148822 0.4308232500965576 0.0 0.0 
r 1.782821732277709 -3.080751369554057 1.295017937086692 -2.3141908224310574 0.4226500508377189 0.0 0.0 
r 1.7847930344128728 -3.0801694322216124 1.2950172454504585 -2.312456575998114 0.41243911689187374 0.0 0.0 
r 1.7867019006621438 -3.0796113745794433 1.2950415218047566 -2.31188182292661 0.4003126336463977 0.0 0.0 
r 1.7884947594883 -3.0790934022444287 1.2950915106840406 -2.3125470834152204 0.38648147362478164 0.0 0.0 
r 1.7901069204568922 -3.0786357582595745 1.2951709975753007 -2.3145341342500165 0.37124868003542427 0.0 0.0 
r 1.791466336200949 -3.078261822323667 1.2952876852808712 -2.3179294203425496 0.3550065022260813 0.0 0.0 
r 1.7924950786304858 -3.077997821853183 1.2954539165756889 -2.322814083311613 0.3382111744362878 0.0 0.0 
r 1.7931147332728028 -3.077871211938899 1.2956868694397796 -2.3292869670365492 0.32139357567788684 0.0 0.0 
r 1.793251193684251 -3.077909246016454 1.2960090525707897 -2.3374622726329246 0.3051465355193362 0.0 0.0 
r 1.7928407970782696 -3.078136881293128 1.2964479490710172 -2.347484455812071 0.2901222869608543 0.0 0.0 
r 1.791834134212434 -3.078575319000954 1.2970356602731286 -2.3595310116838237 0.27702945473599766 0.0 0.0 
r 1.7902022766487466 -3.079239673607348 1.2978079849307893 -2.3738263592037963 0.2666317795379267 0.0 0.0 
r 1.7879398928716486 -3.0801374722021118 1.298803008423563 -2.3906483655271735 0.2597632531264595 0.0 0.0 
r 1.7850680180490428 -3.0812672769214373 1.300059376586234 -2.4103253422425777 0.2573360801968884 0.0 0.0 
r 1.7816354507338281 -3.0826178214884483 1.3016143239991498 -2.4332640028853594 0.26038370471653854 0.0 0.0 
r 1.7777179987425138 -3.0841678836383797 1.3035011771417204 -2.459921648622246 0.27009058326318325 0.0 0.0 
r 1.7734168845157683 -3.085886753124281 1.305747208882085 -2.4908301886328417 0.2878811820122325 0.0 0.0 
r 1.768855366100721 -3.0877354286918517 1.3083712616314531 -2.526562821175445 0.31547087323778067 0.0 0.0 
r 1.7641748330340254 -3.089668314237113 1.3113819287563202 -2.5677205756793198 0.355064560052727 0.0 0.0 
r 1.7595294315296264 -3.091635528672835 1.3147760580149672 -2.614878172301641 0.40947439348643344 0.0 0.0 
r 1.7550802148497058 -3.0935854868073984 1.3185379385496416 -2.668524968500014 0.4823171596230513 0.0 0.0 
r 1.7509895362653083 -3.095467412301221 1.3226392182794038 -2.7289670338802203 0.5781521796196913 0.0 0.0 
r 1.747414694625585 -3.0972339046520636 1.3270395927787988 -2.796198039975405 0.7022320539523526 0.0 0.0 
r 1.7445017336240785 -3.0988431384710755 1.3316880461870884 -2.869789165397161 0.8593856473728763 0.0 0.0 
r 1.7423797256636335 -3.10026057665803 1.3365248809653378 -2.948780447166853 1.0511079990972747 0.0 0.0 
r 1.7411554827879572 -3.101460113475913 1.341484105781551 -3.0316991915267137 1.2711904590033616 0.0 0.0 
r 1.7409086591952732 -3.1024246787068197 1.346496055622476 -3.1166357300924306 1.503495458466318 0.0 0.0 
r 1.7416872824208811 -3.103146367877659 1.3514901101309944 -0.05988355432973677 -1.4143264667060353 0.0 0.0 
r 1.7435048829776536 -3.103625939592767 1.3563973006449217 -0.14258431101055358 -1.2146415168840983 0.0 0.0 
r 1.7463381212145401 -3.103872124929995 1.3611527929219174 -0.2214199018747741 -1.0447987873233218 0.0 0.0 
r 1.7501265068669691 -3.103900512596499 1.3656979159271285 -0.29514703471781234 -0.9033347526964111 0.0 0.0 
r 1.7547733989981507 -3.103732378535259 1.3699817611713392 -0.3630404310618835 -0.7859081977184161 0.0 0.0 
r 1.7601494303395724 -3.1033933706034937 1.3739624823143743 -0.4248184349244649 -0.687986981132661 0.0 0.0 
r 1.7660978545004646 -3.102912174145093 1.377607923077949 -0.4805433712017633 -0.6058250936481058 0.0 0.0 
r 1.7724415625441232 -3.1023193030414795 1.3808960050944892 -0.5304898186878618 -0.5366134890104648 0.0 0.0 
r 1.7789918611454922 -3.1016458752577614 1.3838145362183805 -0.5750410760223705 -0.478308236463894 0.0 0.0 
r 1.7855582731444186 -3.100922501681229 1.3863608713722524 -0.6146153621282437 -0.42943327581823065 0.0 0.0 
r 1.7919581195122327 -3.1001782550690904 1.3885408410112783 -0.6496091795990605 -0.3888917305551214 0.0 0.0 
r 1.7980263659556348 -3.0994397287688087 1.390368150578648 -0.6803846393171343 -0.35583069749135937 0.0 0.0 
r 1.8036213989416041 -3.0987305707544897 1.3918628685647567 -0.707250003329496 -0.3295473506245514 0.0 0.0 
r 1.8086311820784207 -3.098070733216183 1.3930499811921977 -0.7304763930708835 -0.3094257148588441 0.0 0.0 
r 1.8129769826335758 -3.097476086425197 1.3939585813752113 -0.7502962681419206 -0.2948864674037226 0.0 0.0 
r 1.816613858566623 -3.096958193165234 1.3946202769038645 -0.7669188039247714 -0.28536423438304676 0.0 0.0 
r 1.8195287601416001 -3.096524357229515 1.3950678561368202 -0.7805545436421952 -0.28029660757546365 0.0 0.0 
r 1.8217377125603078 -3.09617775011677 1.3953342639163442 -0.7914214897896514 -0.27910194208500866 0.0 0.0 
r 1.8232811413589134 -3.0959177687910304 1.395451523779701 -0.7997645198203492 -0.2811884287078811 0.0 0.0 
r 1.8242185238827338 -3.095740493303766 1.3954497259822598 -0.8058645902960606 -0.28594756675367256 0.0 0.0 
r 1.8246225154832274 -3.0956393347082107 1.3953563310265151 -0.810050684336027 -0.29277684773634655 0.0 0.0 
r 1.8245738941502998 -3.0956055636502904 1.3951954457893052 -0.8127017882808708 -0.3010742017168757 0.0 0.0 
r 1.8241539704871323 -3.095629513183437 1.3949876084230772 -0.8142457045025816 -0.31028298450448055 0.0 0.0 
r 1.8234433458950485 -3.0957005436400613 1.3947491934865364 -0.8151640732883518 -0.31990340006103307 0.0 0.0 
r 1.8225170022992128 -3.0958079438281185 1.3944925256422214 -0.8159658134531367 -0.3295064204231587 0.0 0.0 
r 1.8214423515281366 -3.0959413145924612 1.3942259949169222 -0.8171903829677918 -0.3387624655159015 0.0 0.0 
r 1.8202768778265757 -3.096091118425552 1.3939544072610182 -0.8193815706266001 -0.3474487206574681 0.0 0.0 
r 1.8190686618719638 -3.0962487320509955 1.3936794738870404 -0.8230773394104703 -0.35545965307249294 0.0 0.0 
r 1.817855700478988 -3.0964067493166487 1.3934003752572495 -0.8287947461927826 -0.3627940254674265 0.0 0.0 
r 1.8166689033436139 -3.0965587522741282 1.3931149874614819 -0.8370141577225679 -0.36953410597515296 0.0 0.0 
r 1.8155324677852291 -3.096699487180768 1.3928207942448787 -0.8481787659931014 -0.3758274402972926 0.0 0.0 
r 1.8144665770869988 -3.0968246318114074 1.3925159690117765 -0.8626970364704322 -0.38185764934746136 0.0 0.0 
r 1.813489623045029 -3.0969306890271517 1.3922006398176459 -0.8809276126150389 -0.3878094585142278 0.0 0.0 
r 1.8126193321316089 -3.0970149948183416 1.391877816998514 -0.9031852370742547 -0.3938424721863558 0.0 0.0 
r 1.8118749569561534 -3.097075487703914 1.3915541962774753 -0.9297562475737777 -0.40007484701030815 0.0 0.0 
r 1.8112774171491592 -3.097110787315389 1.3912406279697926 -0.9608809074180599 -0.40657024765580907 0.0 0.0 
r 1.8108505763038032 -3.0971199492983565 1.3909521328598276 -0.9967708642505015 -0.4133422308318918 0.0 0.0 
r 1.8106197303776819 -3.0971027374840165 1.390707786015928 -1.0375780246404878 -0.4203551555402262 0.0 0.0 
r 1.8106103277961572 -3.097059598326362 1.3905295076526163 -1.0833798166110948 -0.4275364784921813 0.0 0.0 
r 1.8108470454009784 -3.0969916086703866 1.3904409278113012 -1.1341579177879002 -0.43479070410639387 0.0 0.0 
r 1.811351951178609 -3.0969004379788783 1.3904655391371734 -1.1897445190478533 -0.44201835345639995 0.0 0.0 
r 1.812141498527672 -3.0967885804801663 1.3906249977619394 -1.249791059600298 -0.44912237225096896 0.0 0.0 
r 1.8132251582501164 -3.096659199514989 1.3909371828803583 -1.3137283304557972 -0.4560200632948894 0.0 0.0 
r 1.8146032358255824 -3.0965161077330694 1.3914143037208015 -1.3807356024180695 -0.46264279799645663 0.0 0.0 
r 1.8162662922645605 -3.096363549038681 1.3920616493123366 -1.4497513560608501 -0.46895282194480825 0.0 0.0 
r 1.8181945268379625 -3.09620603193958 1.392876757055046 -1.5195144231268374 -0.47492862052365353 0.0 0.0 
r 1.8203567251430273 -3.096048336277946 1.393849187003225 1.5529469944893886 -0.48057607202713976 0.0 0.0 
r 1.8227122814311925 -3.0958950425842082 1.394960922476065 1.4858433241545992 -0.4859183235597546 0.0 0.0 
r 1.825212569168822 -3.0957503596498177 1.3961875152715189 1.4220490728580748 -0.4909901401031219 0.0 0.0 
r 1.8278032659478147 -3.0956178689603324 1.3974995571759656 1.362658880245381 -0.4958349779867198 0.0 0.0 
r 1.8304279469274543 -3.095500230778378 1.3988647164909807 1.3085005331948545 -0.5005035872913493 0.0 0.0 
r 1.8330327113096794 -3.095398794423426 1.4002498187529946 1.260117425608755 -0.5050433433086295 0.0 0.0 
r 1.8355695966987278 -3.0953132985737657 1.4016220844367533 1.217779607793478 -0.509496532780257 0.0 0.0 
r 1.8380027399630603 -3.095241773309843 1.4029525761604005 1.1815143532181698 -0.5138970161318992 0.0 0.0 
r 1.8403134503438097 -3.09517995351251 1.4042168017252832 1.1511562003424785 -0.5182645369279358 0.0 0.0 
r 1.842502607184964 -3.095121392654609 1.405395928254234 1.1263743203195589 -0.52261117358086 0.0 0.0 
r 1.8445953994437219 -3.0950570645407303 1.4064776289866407 1.1067284711869685 -0.5269310817180054 0.0 0.0 
r 1.8466426803270852 -3.094975337258618 1.4074561439758102 1.0916864901371708 -0.5312038846955065 0.0 0.0 
r 1.848720930333689 -3.0948622135197827 1.4083325628996641 1.0806515966056118 -0.535390058982257 0.0 0.0 
r 1.8509311655432243 -3.094701398565593 1.4091140527092139 1.0729814301972769 -0.5394333888539274 0.0 0.0 
r 1.8533953037747235 -3.0944747758875866 1.4098131318897484 1.0679999361580692 -0.5432535632702646 0.0 0.0 
r 1.8562512682628869 -3.0941628869737103 1.4104463482687846 1.0650156590158175 -0.5467465964992927 0.0 0.0 
r 1.8596461612772432 -3.0937456951982547 1.4110328644193795 1.0633336087452099 -0.5497792801730125 0.0 0.0 
r 1.8637292499206892 -3.093203296360641 1.4115928004719014 1.062269780701565 -0.5521904374207758 0.0 0.0 
r 1.868643533888616 -3.0925168246563297 1.4121454424178512 1.0611710876029494 -0.5537890174965707 0.0 0.0 
r 1.874516794239426 -3.091669416902086 1.412707432431062 1.0594325077993993 -0.5543608899835963 0.0 0.0 
r 1.881452893948183 -3.090647120427499 1.4132910923027449 1.056517831564229 -0.5536681392921996 0.0 0.0 
r 1.8895230072842413 -3.089439833717689 1.4139030769950183 1.051984078646848 -0.5514634762337566 0.0 0.0 
r 1.898758056137636 -3.0880420997097477 1.4145435414570378 1.0455001657552727 -0.5474985189839372 0.0 0.0 
r 1.9091420888190025 -3.086453768387682 1.4152057076208047 1.0368559463047406 -0.5415369371828345 0.0 0.0 
r 1.9206087393586995 -3.084680488105715 1.4158766410469223 1.0259774905178798 -0.5333714149852709 0.0 0.0 
r 1.9330392117954691 -3.0827339076811326 1.4165378568005054 1.0129273043956124 -0.5228339791289062 0.0 0.0 
r 1.9462657811228745 -3.0806316830359353 1.4171676285207562 0.9978912630435082 -0.509822837695697 0.0 0.0 
r 1.9600791676513967 -3.0783971084160604 1.4177433186810466 0.9811641192038325 -0.4943071215536795 0.0 0.0 
r 1.974239077943612 -3.076058592160323 1.4182438402905717 0.9631253379167845 -0.47634261195934857 0.0 0.0 
r 1.9884889014624372 -3.0736487857774364 1.4186522207347603 0.9442029180599001 -0.4560870841228716 0.0 0.0 
r 2.002572987289442 -3.0712034534419788 1.418958015068742 0.9248401546698484 -0.43379707545103796 0.0 0.0 
r 2.0162513735992347 -3.0687603157384093 1.4191584287361723 0.9054708335580917 -0.4098255662266731 0.0 0.0 
r 2.0293153554380745 -3.0663575869072526 1.4192593947836696 0.8864824763193622 -0.38462389139120756 0.0 0.0 
r 2.041597653816896 -3.0640323555735893 1.4192748962394073 0.8682206251625976 -0.35869497207654644 0.0 0.0 
r 2.0529767732524826 -3.0618193292919806 1.4192257268297148 0.8509725578205865 -0.3325773899840823 0.0 0.0 
r 2.0633781975326415 -3.0597494775737637 1.4191377244544015 0.8349481722891413 -0.3068124791725269 0.0 0.0 
r 2.072768851579238 -3.0578489607925166 1.4190387834840272 0.8203027089668592 -0.28190696667821524 0.0 0.0 
r 2.081149270570921 -3.056138477137604 1.4189562396200985 0.8071407202831584 -0.2582995614535195 0.0 0.0 
r 2.088542923783061 -3.0546329247497335 1.4189139293896826 0.795529218543004 -0.23633759704762872 0.0 0.0 
r 2.094986144787443 -3.0533415447514276 1.4189302108696282 0.7855063483444372 -0.21626737788512956 0.0 0.0 
r 2.100517178140552 -3.05226843778767 1.4190160741791844 0.777096291328295 -0.19823151946349252 0.0 0.0 
r 2.1051669003577227 -3.051413673249706 1.4191745471118018 0.7703159902799793 -0.18227830413906526 0.0 0.0 
r 2.108950987639316 -3.0507745381107383 1.4194005384415587 0.7651886793640197 -0.1683799927618079 0.0 0.0 
r 2.1118641640624483 -3.050347016779733 1.4196815454869478 0.7617427649431194 -0.15645934751126517 0.0 0.0 
r 2.11387632024769 -3.050127369049479 1.4199989822854395 0.7600246093710685 -0.14641740817674226 0.0 0.0 
r 2.11492955905039 -3.050113588834741 1.4203295084186092 0.760098809140186 -0.13815403242395616 0.0 0.0 
r 2.114938364484977 -3.0503065120661077 1.4206467653995003 0.762041733363382 -0.13159843490620315 0.0 0.0 
r 2.1137910038943115 -3.0507104614901834 1.4209227285642791 0.7659497162252742 -0.12672140446911778 0.0 0.0 
r 2.1113534350439345 -3.0513334855597924 1.4211292057102543 0.7719238641102015 -0.12354928214721207 0.0 0.0 
r 2.1074755116124066 -3.05218684889431 1.4212388478767095 0.7800646394591582 -0.12216692296149588 0.0 0.0 
r 2.1019999078223117 -3.053283962304431 1.421226091925269 0.790462632533489 -0.12270417777604833 0.0 0.0 
r 2.0947730485380536 -3.054638926755453 1.4210680462176601 0.8031802463348159 -0.12532408184243882 0.0 0.0 
r 2.085659687387846 -3.056264250535572 1.4207450808393143 0.8182413457893989 -0.13019586296462649 0.0 0.0 
r 2.074558219952239 -3.058168755765163 1.4202417998789685 0.8356113985598718 -0.13746361342505112 0.0 0.0 
r 2.061417008333659 -3.060355246625893 1.4195477785007387 0.8551875902962425 -0.1472192487249276 0.0 0.0 
r 2.04624889888382 -3.062818551563358 1.418658204953855 0.876787175878552 -0.15946922040000946 0.0 0.0 
r 2.0291443553080004 -3.0655438734055362 1.417574620990325 0.9001466253589285 -0.17412179318742804 0.0 0.0 
r 2.010279768971002 -3.0685057324997103 1.4163052947609498 0.9249246033254651 -0.19098520051800236 0.0 0.0 
r 1.989917250387781 -3.0716682379962204 1.4148656073811527 0.9507132148832561 -0.20976937088342942 0.0 0.0 
r 1.9683975602243649 -3.074985833538043 1.4132776680115964 0.977058170316938 -0.2301086023810534 0.0 0.0 
r 1.94612541777021 -3.0784049626635186 1.4115698412640225 1.0034788125894964 -0.25159167849912667 0.0 0.0 
r 1.923546307086047 -3.0818665350772703 1.4097753936833222 1.0295009807371198 -0.27378953981954574 0.0 0.0 
r 1.9011191813163977 -3.0853089635156845 1.407931104997676 1.054679673561206 -0.29628942000481495 0.0 0.0 
r 1.879289104266674 -3.0886712798637044 1.4060758605962596 1.0786234463482105 -0.3187210834266276 0.0 0.0 
r 1.8584592787677257 -3.091896080884791 1.404247197362833 1.1010108157253191 -0.34077441131603614 0.0 0.0 
r 1.8389706777553285 -3.0949326634478247 1.4024805773109703 1.121601294054877 -0.36220984969802267 0.0 0.0 
r 1.8210893004946525 -3.097738904740187 1.400807245639323 1.1402436597755035 -0.38285082087843286 0.0 0.0 
r 1.804998398103745 -3.1002830183360466 1.3992527005040367 1.1568713668779327 -0.40258759738470745 0.0 0.0 
r 1.7907998999446473 -3.1025441806818272 1.3978358441383494 1.1714975919529824 -0.42135890250300256 0.0 0.0 
r 1.7785208046466294 -3.1045123835507518 1.3965681722139807 1.184201742918297 -0.4391443678521176 0.0 0.0 
r 1.7681233594326962 -3.106187816970076 1.3954543401867943 1.1951190291045015 -0.4559403974893094 0.0 0.0 
r 1.7595174229216206 -3.1075795775978494 1.3944927332483628 1.2044232620377624 -0.4717505200496417 0.0 0.0 
r 1.7525734874020418 -3.108704102070282 1.3936768289179404 1.2123041698288306 -0.48657452721938244 0.0 0.0 
r 1.7471353184499359 -3.109583339308696 1.3929964636130068 1.2189673831848455 -0.500391046979708 0.0 0.0 
r 1.7430308872623923 -3.11024305419154 1.3924393994012951 1.2246105522395325 -0.5131659355945921 0.0 0.0 
r 1.7400825068424643 -3.11071107805657 1.391992691162478 1.2294155159200215 -0.5248446304129353 0.0 0.0 
r 1.7381149558429032 -3.1110158304410103 1.3916439535343916 1.2335453779843526 -0.5353594956991685 0.0 0.0 
r 1.7369618130812938 -3.1111850733403896 1.3913821930440067 1.2371417718473234 -0.5446364913741982 0.0 0.0 
r 1.7364705073780133 -3.1112448635851213 1.391198311607339 1.240326112775642 -0.5526008548516309 0.0 0.0 
r 1.736505297544561 -3.1112188587450205 1.3910852296891254 1.2431978777439363 -0.5591892807202896 0.0 0.0 
r 1.7369494530955871 -3.111127769400986 1.3910377775847178 1.2458570937461448 -0.5643553376029198 0.0 0.0 
r 1.7377053310932693 -3.110989093171556 1.3910517599077454 1.2483974326598026 -0.5680749700432253 0.0 0.0 
r 1.7386935972244073 -3.1108171934691176 1.3911239510644968 1.2509265641615062 -0.5703552974867514 0.0 0.0 
r 1.7398518208496425 -3.1106233280203854 1.3912510279737895 1.253572650987933 -0.5712267905000958 0.0 0.0 
r 1.7411325562386513 -3.1104159024340086 1.3914291839375752 1.2565015742762318 -0.5707494576806155 0.0 0.0 
r 1.7424980262656464 -3.1102013646109943 1.3916537370642743 1.259915185070235 -0.5690042242732846 0.0 0.0 
r 1.7439222608093932 -3.1099838701054443 1.3919196066165551 1.2640738835171184 -0.5660892166993003 0.0 0.0 
r 1.7453842017682388 -3.109766300018519 1.3922199085752756 1.2692931281172228 -0.5621184210276211 0.0 0.0 
r 1.7468668165454226 -3.1095506669966353 1.3925473789652993 1.2759496452550019 -0.5572138461995554 0.0 0.0 
r 1.7483538338965814 -3.1093387456023818 1.3928945410946454 1.2844818186872538 -0.551497125959188 0.0 0.0 
r 1.7498282236526648 -3.1091325142556387 1.3932545949218447 1.2953786099201277 -0.5450925166487919 0.0 0.0 
r 1.751271637045762 -3.1089344287834004 1.3936223127082275 1.3091773666815365 -0.5381118836747973 0.0 0.0 
r 1.7526633079573073 -3.108747711043267 1.39399444376483 1.3264650148803225 -0.5306498473300679 0.0 0.0 
r 1.753979682889076 -3.108576677065597 1.3943710196436627 1.347846465150949 -0.5227761248477018 0.0 0.0 
r 1.7551940114588924 -3.1084269007826664 1.3947557249270068 1.3739285474673986 -0.5145255871720268 0.0 0.0 
r 1.7562771074370982 -3.1083052663724198 1.3951568246524002 1.4052994047775738 -0.505891735597953 0.0 0.0 
r 1.7571946698583716 -3.1082203423294206 1.395586524730179 1.4424950325559645 -0.4968109461582478 0.0 0.0 
r 1.7579083429398425 -3.1081825048040463 1.396062695130022 1.4859583560689122 -0.4871631957664301 0.0 0.0 
r 1.7583757506417736 -3.1082037345508278 1.396608060323077 1.5359878216127734 -0.47675816773652324 0.0 0.0 
r 1.7585490483060555 -3.1082977972574524 1.3972501922719185 -1.5489188466484252 -0.46533445539508506 0.0 0.0 
r 1.7583758579165993 -3.108479819826002 1.3980209106724697 -1.4857655357248987 -0.45255779434382193 0.0 0.0 
r 1.7577993627743125 -3.1087659054492685 1.3989554128767987 -1.4166794137146936 -0.43801805801870086 0.0 0.0 
r 1.7567591651815055 -3.1091724791822974 1.4000910718642565 -1.3425847565774232 -0.4212340763849747 0.0 0.0 
r 1.75519265927466 -3.109715365832264 1.40146563703565 -1.2647906408016858 -0.4016577751675587 0.0 0.0 
r 1.7530370071550978 -3.1104086379027995 1.4031149797284435 -1.1849269009276877 -0.378682299501687 0.0 0.0 
r 1.750232547276852 -3.1112630953713825 1.405070148441737 -1.1048066386421764 -0.3516644342315689 0.0 0.0 
r 1.7467257453957055 -3.1122848811761736 1.407354204404892 -1.0262538598773763 -0.3199530504960591 0.0 0.0 
r 1.7424735718578128 -3.1134739721258757 1.4099786691064196 -0.9509218166451687 -0.28294435934852225 0.0 0.0 
r 1.7374477958997805 -3.1148229936662024 1.4129399144623056 -0.880157665688575 -0.24015417743398004 0.0 0.0 
r 1.7316404688245823 -3.1163163769690114 1.4162161444583354 -0.8149224001455394 -0.19133156061965947 0.0 0.0 
r 1.7250697410797504 -3.1179301043887544 1.4197650277074652 -0.7557859866334782 -0.13657975231513972 0.0 0.0 
r 1.7177865343574108 -3.119632133450165 1.4235228602534762 -0.7029686875482473 -0.07647922916477115 0.0 0.0 
r 1.709881476437808 -3.1213835135368737 1.4274052295381716 -0.6564089166416054 -0.012168630692286993 0.0 0.0 
r 1.7014909974239478 -3.1231402289614496 1.4313096483942 -0.6158398599695306 -3.0869253513987474 0.0 0.0 
r 1.6928002274599316 -3.1248557427086223 1.4351201894432637 -0.5808598222036162 -3.0196472274166966 0.0 0.0 
r 1.684043331307059 -3.126483581350603 1.4387135840919032 -0.5509901025520475 -2.954168719989093 0.0 0.0 
r 1.6754950871909287 -3.127980307468062 1.4419668347246004 -0.5257225657342446 -2.8926003036370838 0.0 0.0 
r 1.6674540390588504 -3.1293082191885295 1.4447654163741293 -0.5045572828357929 -2.8366667365908405 0.0 0.0 
r 1.6602174106219998 -3.1304375058886627 1.4470114652131985 -0.48702961542617407 -2.787570892077465 0.0 0.0 
r 1.6540491191706939 -3.1313477896109654 1.448630569066578 -0.4727326650591925 -2.745987173669767 0.0 0.0 
r 1.6491486395321764 -3.132028788876714 1.4495774248614224 -0.4613292642532561 -2.7121326356650126 0.0 0.0 
r 1.6456272038905984 -3.132480153221963 1.4498391097642 -0.4525653620811101 -2.685903232485412 0.0 0.0 
r 1.6434987209697132 -3.1327104396112175 1.4494355625014206 -0.44627010704510217 -2.6669845219534367 0.0 0.0 
r 1.6426881646345717 -3.132735424944193 1.4484179073089571 -0.4423447985005827 -2.6549497390396812 0.0 0.0 
r 1.643054493405225 -3.1325759533019344 1.4468641102895374 -0.44077781092329266 -2.649342059092091 0.0 0.0 
r 1.644421883029211 -3.1322555350794117 1.4448727219597073 -0.44161775208771614 -2.649707488285233 0.0 0.0 
r 1.646610378453105 -3.131798087088019 1.442555511700514 -0.4449670718961531 -2.6556025587642877 0.0 0.0 
r 1.6494614390318292 -3.1312257993906947 1.440029419698762 -0.4509782745391342 -2.6666253440915417 0.0 0.0 
r 1.6528533278024267 -3.130557567538369 1.437408869984647 -0.45983907090383813 -2.6823942831453875 0.0 0.0 
r 1.6567073905623244 -3.1298079547055084 1.4347990817226612 -0.47177233221285614 -2.7025435664907387 0.0 0.0 
r 1.6609866771596131 -3.128986759851343 1.4322907893440457 -0.4870210298875467 -2.7267060695214846 0.0 0.0 
r 1.665688929156812 -3.1280992494994457 1.429956867906626 -0.5058650210198088 -2.7545117888062425 0.0 0.0 
r 1.6708373450040086 -3.127146805304163 1.4278507568018084 -0.5286046333162696 -2.785566323608628 0.0 0.0 
r 1.6764705572345933 -3.12612790606521 1.426006599312052 -0.5555611648541878 -2.819440399882568 0.0 0.0 
r 1.682631594209561 -3.125039523182173 1.4244409471341786 -0.5870719492879982 -2.855669190087203 0.0 0.0 
r 1.6893585120455579 -3.123878451715294 1.423155168052486 -0.6234748742303013 -2.893743001796359 0.0 0.0 
r 1.6966768932230551 -3.122642538191644 1.4221387863082644 -0.6650909213651645 -2.933126204473117 0.0 0.0 
r 1.7045938200594255 -3.1213317252162036 1.4213727249473804 -0.7121953161464735 -2.9732629850723287 0.0 0.0 
r 1.713092891653247 -3.119949004523758 1.4208327132001295 -0.7649652264189994 -3.013595023665047 0.0 0.0 
r 1.722133256823334 -3.118500640245098 1.4204915056099592 -0.8234359780336866 -3.0535933416543686 0.0 0.0 
r 1.7316487214533667 -3.1169964467551057 1.420321260063274 -0.8874361281215123 -3.092776381095801 0.0 0.0 
r 1.7415504838489841 -3.1154494727761852 1.4202951869100608 -0.9565288239328487 -3.130729588143945 0.0 0.0 
r 1.7517349120191288 -3.113874858175879 1.4203885028796013 -1.0299644770441994 -0.025527280660969036 0.0 0.0 
r 1.762082569083368 -3.1122899749110613 1.4205785845750314 -1.1066794374584603 -0.06009598655181701 0.0 0.0 
r 1.7724753023535662 -3.1107121743957804 1.4208469950938318 -1.1853317498352653 -0.09266269154766137 0.0 0.0 
r 1.7828021034479813 -3.1091577153006913 1.421178184915562 -1.2643951414336796 -0.1231164517365014 0.0 0.0 
r 1.7929691243859796 -3.107640362240871 1.4215598547146526 -1.3422954494529562 -0.15140367527471593 0.0 0.0 
r 1.8029091414332672 -3.1061701018109056 1.4219833061574294 -1.4175591763228823 -0.17751339870004004 0.0 0.0 
r 1.81258959877472 -3.10475200949633 1.4224434086422053 -1.48894054123408 -0.20146696220570343 0.0 0.0 
r 1.822017774554672 -3.1033855872860086 1.422938646350446 -1.55550623619263 -0.2233025417202651 0.0 0.0 
r 1.831244755461198 -3.102064235520719 1.4234709604998328 1.5249305276426373 -0.2430707934831386 0.0 0.0 
r 1.8403648214182402 -3.100775409120261 1.4240454546369143 1.4694536251729784 -0.26082557474703283 0.0 0.0 
r 1.8495111484602131 -3.099501249389645 1.4246697308516816 1.4196448724545172 -0.27661672102995166 0.0 0.0 
r 1.8588510975558 -3.0982194133818335 1.425353708778757 1.3752714285379284 -0.2904924206318865 0.0 0.0 
r 1.8685731560562915 -3.0969045568911473 1.426107226407917 1.3359374272163451 -0.3024949223397651 0.0 0.0 
r 1.878875616033759 -3.095530174112085 1.426939986206243 1.3011348241993166 -0.3126626080516743 0.0 0.0 
r 1.8899534677978427 -3.094070265294264 1.4278601395793609 1.2702877011028044 -0.32103224874379277 0.0 0.0 
r 1.9019822638407664 -3.0925014485126128 1.4288731044097198 1.2427883607141592 -0.32764118090162603 0.0 0.0 
r 1.9151047558049046 -3.090804571865531 1.4299806118678424 1.218028163195314 -0.33253038803392 0.0 0.0 
r 1.929417559514723 -3.088966309715434 1.4311801313892512 1.1954228777947868 -0.33574524122922667 0.0 0.0 
r 1.9449597127031488 -3.08698040226131 1.4324644894258365 1.1744366113675027 -0.3373392733429649 0.0 0.0 
r 1.9617049827461983 -3.0848485041287215 1.4338222144800974 1.1546008786851674 -0.3373746748320206 0.0 0.0 
r 1.979557182029582 -3.0825806285018564 1.4352379772862982 1.135532247777408 -0.33592143088305554 0.0 0.0 
r 1.9983517053532145 -3.080194905350167 1.436693448144084 1.1169444450866979 -0.3330577762553321 0.0 0.0 
r 2.017860384877354 -3.0777171200076423 1.4381683007532047 1.098654227398791 -0.3288715105401209 0.0 0.0 
r 2.0378027189808114 -3.0751796235669726 1.4396414012851815 1.0805819879271492 -0.32346076416721453 0.0 0.0 
r 2.0578601628325157 -3.072620012602834 1.4410918889390683 1.0627447539421233 -0.3169303666321389 0.0 0.0 
r 2.077693247624545 -3.0700794538626 1.4425000128371384 1.0452452421470066 -0.3093969539506576 0.0 0.0 
r 2.0969590889341543 -3.0676009515669613 1.4438478211096977 1.0282537873458557 -0.3009909070682662 0.0 0.0 
r 2.115329067878047 -3.065227482283759 1.4451197870730799 1.0119852477660558 -0.29185188953483965 0.0 0.0 
r 2.1325024632716962 -3.063000192694876 1.4463027589344015 0.9966783302914007 -0.28213547311733883 0.0 0.0 
r 2.148217845061632 -3.060956769845961 1.4473861203113196 0.9825726463402454 -0.2720101713663918 0.0 0.0 
r 2.162259322255708 -3.059130164267308 1.448361627027411 0.9698889815983247 -0.2616548678911688 0.0 0.0 
r 2.174458376197429 -3.0575476422116856 1.4492230133893356 0.958813711863409 -0.2512521712328848 0.0 0.0 
r 2.1846930624355743 -3.0562301631709596 1.4499656767926457 0.9494895139860278 -0.24098683125287257 0.0 0.0 
r 2.1928819215475546 -3.0551924187947814 1.4505860475008339 0.9420122901415637 -0.2310369462118354 0.0 0.0 
r 2.1989795287789975 -3.0544430584067133 1.4510815663012653 0.936430142480734 -0.2215660280845008 0.0 0.0 
r 2.2029675021651887 -3.053985422860479 1.4514500369153422 0.9327500132392982 -0.21271566707049566 0.0 0.0 
r 2.204847162428763 -3.0538184311551007 1.4516893747881867 0.9309466412941959 -0.20459885349441725 0.0 0.0 
r 2.204631840768816 -3.053937659339918 1.4517972920876592 0.9309719198893041 -0.19729764901465358 0.0 0.0 
r 2.202339836723217 -3.054336400846997 1.4517709137868469 0.9327655095135965 -0.1908596324305154 0.0 0.0 
r 2.1979901507023047 -3.055006514462383 1.451606628667355 0.9362646911170809 -0.1853002875673566 0.0 0.0 
r 2.1916005028770345 -3.0559390535541726 1.4513000824316082 0.9414121090845871 -0.1806060254308561 0.0 0.0 
r 2.1831874031884464 -3.0571245294681066 1.4508460763306055 0.9481586997735302 -0.176740869784762 0.0 0.0 
r 2.1727697251099674 -3.058552924116815 1.450238898205837 0.956464627625006 -0.17365401887561738 0.0 0.0 
r 2.160375130980036 -3.060213270169711 1.4494726774379934 0.966295144811707 -0.17128826404788536 0.0 0.0 
r 2.1460483886833694 -3.0620930804260817 1.4485419251228675 0.9776149986224977 -0.1695892581431443 0.0 0.0 
r 2.129861602064095 -3.064177581160101 1.447442245002044 0.9903795134923371 -0.16851253261544027 0.0 0.0 
r 2.1119260165656843 -3.0664489212441515 1.446171492661961 1.0045235326245658 -0.16803153063040502 0.0 0.0 
r 2.0923999870193333 -3.0688855673240343 1.4447304176120868 1.019954147286191 -0.1681416502000075 0.0 0.0 
r 2.071496161058806 -3.0714619023439926 1.443123832073141 1.0365420773988492 -0.16885972790212134 0.0 0.0 
r 2.0494832036595163 -3.0741480113938056 1.4413611864306364 1.054118353830415 -0.170224158805233 0.0 0.0 
r 2.0266820935730183 -3.0769100317285156 1.4394573308340033 1.0724716421963785 -0.1722899866979043 0.0 0.0 
r 2.003454626536435 -3.0797109276327537 1.4374325249816606 1.091355543404631 -0.1751209389851544 0.0 0.0 
r 1.980188422206432 -3.0825113801453394 1.4353121662665085 1.1104982417511866 -0.17877963788615117 0.0 0.0 
r 1.9572775169085712 -3.0852710642119723 1.4331260582113565 1.1296154681513568 -0.18331886136105174 0.0 0.0 
r 1.9350996466477548 -3.0879504613461877 1.4309073564279395 1.1484283009387484 -0.18876838320444575 0.0 0.0 
r 1.9139972898101085 -3.0905123330555613 1.4286912110845913 1.1666818103737155 -0.1951299700102397 0.0 0.0 
r 1.8942593152914298 -3.092923509500222 1.4265129504493108 1.1841661787892324 -0.20236907329258044 0.0 0.0 
r 1.876109344557325 -3.0951563101726043 1.424406378056635 1.2007334083335794 -0.21040900359958528 0.0 0.0 
r 1.8597005665249444 -3.0971895372423335 1.422402139841014 1.2163147458024866 -0.21913133725086625 0.0 0.0 
r 1.845111667510732 -3.099009690819968 1.4205259780039663 1.2309331013568054 -0.2283770962738386 0.0 0.0 
r 1.8323518919376107 -3.1006112130670793 1.4187979288218804 1.2447120012253143 -0.23795257318611895 0.0 0.0 
r 1.8213678860475726 -3.1019964398126985 1.4172316278183377 1.2578804751831942 -0.24763543735069637 0.0 0.0 
r 1.812052296048593 -3.103175219209497 1.4158341045118716 1.270773257682165 -0.2571852053201596 0.0 0.0 
r 1.8042547616864864 -3.1041640205427354 1.4146062507472847 1.283826085436231 -0.26635449579345 0.0 0.0 
r 1.7977929567269542 -3.1049848050777804 1.4135437066687726 1.2975662814811897 -0.2748977347927301 0.0 0.0 
r 1.792462593820412 -3.105663866465426 1.4126381701413484 1.3126005492383657 -0.2825808049275756 0.0 0.0 
r 1.7880472591332432 -3.106230469081309 1.4118787457836108 1.329598089612322 -0.2891880359634192 0.0 0.0 
r 1.7843281473207306 -3.106715379912153 1.4112534627013433 1.3492709483189134 -0.2945233291866943 0.0 0.0 
r 1.7810918734882475 -3.1071495949040857 1.4107506327571142 1.3723514835819521 -0.29841127108935805 0.0 0.0 
r 1.7781377789052584 -3.1075630354825505 1.4103598368665828 1.3995668935987746 -0.30069292803465253 0.0 0.0 
r 1.775282733646706 -3.1079835968658185 1.410072562507057 1.431609697177356 -0.3012204459227504 0.0 0.0 
r 1.7723657367257402 -3.108436144664812 1.4098823118984458 1.4691027161846069 -0.29984753104182715 0.0 0.0 
r 1.7692510133994568 -3.1089417227344174 1.409784320443463 1.512554934761447 -0.2964195894673269 0.0 0.0 
r 1.7658293045822089 -3.1095170429915915 1.4097749302143616 1.5623079094136683 -0.2907647221672046 0.0 0.0 
r 1.762020172876806 -3.110173757522761 1.409850446527936 -1.523118566674355 -0.28268679966504134 0.0 0.0 
r 1.7577720664291778 -3.110918250158929 1.4100063265938283 -1.4607218192714182 -0.27195738254414525 0.0 0.0 
r 1.753062566692358 -3.1117514166848075 1.4102360628292379 -1.3926271161895813 -0.25831506714995217 0.0 0.0 
r 1.7478981381367458 -3.1126687207640966 1.4105306042446686 -1.3197449581260263 -0.24146852155182447 0.0 0.0 
r 1.7423126118332901 -3.1136605712337295 1.4108779680540378 -1.2433439159645752 -0.22110381322340783 0.0 0.0 
r 1.736366057923871 -3.114712789863813 1.4112634287405845 -1.1649698598033695 -0.19689913439127482 0.0 0.0 
r 1.7301416502032616 -3.1158074933252755 1.4116701214771437 -1.0863109240809825 -0.16854903368112534 0.0 0.0 
r 1.7237409254442908 -3.116924248453321 1.412079950286408 -1.0090341827412797 -0.13579821516809937 0.0 0.0 
r 1.717278945918546 -3.1180412314744688 1.4124749851947465 -0.9346301146875006 -0.09848415615551485 0.0 0.0 
r 1.71087854579885 -3.119136375499031 1.4128386195054818 -0.8642997959024272 -0.05659214335839985 0.0 0.0 
r 1.7046607225969743 -3.1201890300382664 1.4131568211742174 -0.7989027818436619 -0.01031335903723124 0.0 0.0 
r 1.6987356235001039 -3.121181392585818 1.41341935144713 -0.7389667481484025 -3.1016839451907208 0.0 0.0 
r 1.6931967460708688 -3.1220992356414214 1.4136202063555712 -0.6847303368872649 -3.048254717634624 0.0 0.0 
r 1.6881134889575353 -3.1229328625485735 1.413757867556388 -0.6362096507720044 -2.992644827490137 0.0 0.0 
r 1.6835265936204364 -3.123677587647612 1.413835241066075 -0.5932669463278574 -2.936126875836543 0.0 0.0 
r 1.6794459462368705 -3.1243338320211307 1.4138589732412856 -0.5556690411640283 -2.880131470661163 0.0 0.0 
r 1.675852347755427 -3.124906674236955 1.4138387890116337 -0.523132544547582 -2.826122371916538 0.0 0.0 
r 1.6727009417159298 -3.1254051500684668 1.4137862412196633 -0.4953575534559123 -2.775471832676544 0.0 0.0 
r 1.6699269687507998 -3.125841280317355 1.4137138296315204 -0.4720506043594656 -2.729350675447275 0.0 0.0 
r 1.6674544071271336 -3.1262286440548257 1.4136339214149272 -0.45293568592657535 -2.6886609261647028 0.0 0.0 
r 1.6652055150093619 -3.126580850507534 1.413558045668242 -0.4377616539666638 -2.6540174319968797 0.0 0.0 
r 1.6631101410432756 -3.126910030646738 1.4134961370218748 -0.4263051556840714 -2.625758007902155 0.0 0.0 
r 1.6611142259156686 -3.127225485439176 1.4134562155192811 -0.41837106916835476 -2.60398758522789 0.0 0.0 
r 1.659188164221604 -3.1275323534748267 1.4134441588883835 -0.41379279006365033 -2.588629628065386 0.0 0.0 
r 1.6573322333206175 -3.127830775403401 1.413463794316924 -0.4124328421295141 -2.5794776570194915 0.0 0.0 
r 1.6555799326244158 -3.128115397073662 1.4135169720110423 -0.41418417888924214 -2.576242984699498 0.0 0.0 
r 1.6539987014536541 -3.1283753216960988 1.4136038495829055 -0.4189719458923195 -2.578595376402631 0.0 0.0 
r 1.652687760062291 -3.128594534871709 1.4137232305180583 -0.426756447097646 -2.5861916030919154 0.0 0.0 
r 1.6517728331283246 -3.128752817813757 1.413872773176241 -0.4375355209813845 -2.5986959505938483 0.0 0.0 
r 1.6514000948277128 -3.1288267913815013 1.4140493791764368 -0.45134748281293086 -2.615785217481382 0.0 0.0 
r 1.6517266246157623 -3.128791522660872 1.414249900930296 -0.4682734070982561 -2.6371516017850527 0.0 0.0 
r 1.652910145308496 -3.1286221329657633 1.4144708191332978 -0.4884335406772662 -2.6624943447224374 0.0 0.0 
r 1.6550992746932727 -3.1282953611814723 1.41470874139895 -0.5119846384257027 -2.69150395556429 0.0 0.0 
r 1.658423708810368 -3.127791081998602 1.4149605888950174 -0.5391121062851486 -2.7238459005248488 0.0 0.0 
r 1.6629855956837445 -3.127093614121122 1.415223810543402 -0.5700182727371071 -2.75914361240665 0.0 0.0 
r 1.6688520769002402 -3.1261928363863802 1.4154966404249543 -0.6049092216138605 -2.79696981596164 0.0 0.0 
r 1.676050999433793 -3.125084801902473 1.4157782803678032 -0.6439740957719386 -2.8368381889124223 0.0 0.0 
r 1.6845684423643728 -3.1237720566037717 1.4160687898750135 -0.6873613681054227 -2.8782118562323986 0.0 0.0 
r 1.69434812317012 -3.122263717259959 1.4163692036637574 -0.7351517573744373 -2.920515489955987 0.0 0.0 
r 1.7052940761911137 -3.1205750329759105 1.4166812689756227 -0.787325647413199 -2.963160046134011 0.0 0.0 
r 1.717273740665131 -3.118726946601002 1.4170073728400567 -0.8437302768617598 -3.005569142335805 0.0 0.0 
r 1.730123719209605 -3.116745227607138 1.417350143300456 -0.9040488217872006 -3.047203061536829 0.0 0.0 
r 1.7436565705479397 -3.1146594206959612 1.417711870793588 -0.967777940945763 -3.0875796994506013 0.0 0.0 
r 1.7576688279235109 -3.1125016465966113 1.4180942968925183 -1.0342181022301955 -3.1262882363134064 0.0 0.0 
r 1.771948528470178 -3.1103053955730675 1.4184980694481528 -1.102487154832909 -0.02140699691429408 0.0 0.0 
r 1.7862833467473127 -3.1081042331346023 1.4189225280821713 -1.1715584438199529 -0.05587317877436003 0.0 0.0 
r 1.8004693428433094 -3.1059304258249596 1.4193657958285928 -1.2403227477586305 -0.08792129752922896 0.0 0.0 
r 1.8143182690471737 -3.10381374423847 1.4198248121957942 -1.307665306533791 -0.11744721514331749 0.0 0.0 
r 1.8276665964524217 -3.1017800752073037 1.4202958695465955 -1.3725477769981127 -0.14440558519183436 0.0 0.0 
r 1.8403815697697627 -3.0998505328056027 1.4207752446046118 -1.4340787115016218 -0.16879681057016518 0.0 0.0 
r 1.8523664153140573 -3.0980408113071904 1.4212601564006444 -1.4915628195705737 -0.1906611090596737 0.0 0.0 
r 1.8635629375403338 -3.0963607616939166 1.4217489420786213 -1.544525378467274 -0.21006718100773558 0.0 0.0 
r 1.8739566566801549 -3.094813905231519 1.4222423722013702 1.548880092415706 -0.22710560751854114 0.0 0.0 
r 1.8835747789582769 -3.0933977183775627 1.422743522698256 1.5055201572775643 -0.24188099507076624 0.0 0.0 
r 1.8924830383935203 -3.092104211355099 1.4232579729387584 1.4668666677800952 -0.2545099755117263 0.0 0.0 
r 1.9007806748361546 -3.0909206060540146 1.4237933165894718 1.432662373460472 -0.2651168706478372 0.0 0.0 
r 1.9085921920373305 -3.089830425609122 1.4243583225722463 1.4025493716634156 -0.2738312309397082 0.0 0.0 
r 1.9160575347888247 -3.0888148092535905 1.4249619991058342 1.3761035155048258 -0.28078601086347094 0.0 0.0 
r 1.9233230526141352 -3.087853604318901 1.425612422111505 1.3528650607928179 -0.2861182773560981 0.0 0.0 
r 1.9305272542937564 -3.0869270928153334 1.4263150370520634 1.3323643512128072 -0.2899671006961898 0.0 0.0 
r 1.9377945368173017 -3.08601691675752 1.4270724647301445 1.3141435760471818 -0.29247306422158875 0.0 0.0 
r 1.9452231621857725 -3.0851073776180207 1.4278829104979782 1.2977755628490337 -0.29377829496606067 0.0 0.0 
r 1.9528786929109712 -3.0841863768492477 1.4287401790945768 1.282874822614648 -0.29402499166335416 0.0 0.0 
r 1.9607886574759876 -3.083246071400791 1.4296335929414221 1.269107196711253 -0.29335354663279334 0.0 0.0 
r 1.9689412082110964 -3.0822831023035375 1.4305485568575431 1.2561912556451384 -0.2919010728020313 0.0 0.0 
r 1.9772846469227083 -3.0812988266607193 1.4314674319746656 1.2438981958451627 -0.2897993219295256 0.0 0.0 
r 1.9857307934933675 -3.0802990664399594 1.4323706224112402 1.2320496065498592 -0.2871687204920254 0.0 0.0 
r 1.9941622028466357 -3.0792934153499942 1.4332378744198806 1.2205112651609937 -0.2841208176226871 0.0 0.0 
r 2.002440978600953 -3.0782944061244013 1.434049570188074 1.2091895756833675 -0.2807527416425458 0.0 0.0 
r 2.0104159912760444 -3.077317101940788 1.4347880884801623 1.1980253217269072 -0.27714604538073334 0.0 0.0 
r 2.017934683161272 -3.0763779095367516 1.4354389010434319 1.1869919388702297 -0.273364818386733 0.0 0.0 
r 2.024853577025497 -3.075493513730897 1.435991364588412 1.1760940825655317 -0.2694551956644989 0.0 0.0 
r 2.0310469242366556 -3.0746800359698154 1.4364393461099063 1.1653682262865614 -0.2654450464043227 0.0 0.0 
r 2.0364137876114388 -3.073952226637997 1.4367814964513923 1.1548831138250895 -0.26134428527952885 0.0 0.0 
r 2.040883116119259 -3.0733227165666017 1.4370211599259521 1.1447422847748672 -0.2571456726407541 0.0 0.0 
r 2.0444159321406525 -3.072801455768793 1.4371659183891705 1.1350859682483823 -0.25282717354932355 0.0 0.0 
r 2.04700333017478 -3.072395562187539 1.4372267608067981 1.1260883764299918 -0.2483543719170945 0.0 0.0 
r 2.0486625471783246 -3.072109297661608 1.4372170125496877 1.1179566931948042 -0.24368254722259028 0.0 0.0 
r 2.049430647507216 -3.0719442825256222 1.437151017121958 1.1109239805464308 -0.23876341463605955 0.0 0.0 
r 2.0493560117555187 -3.071899946100843 1.4370425513762477 1.1052421303199262 -0.2335491332766028 0.0 0.0 
r 2.048488438181221 -3.0719743291437114 1.4369033941064369 1.101170592831665 -0.22799884517893418 0.0 0.0 
r 2.0468698062333055 -3.0721647912167676 1.4367417912924294 1.0989630303979712 -0.2220857445643451 0.0 0.0 
r 2.044526036384548 -3.072468812008976 1.436561405985295 1.0988530345878702 -0.21580274689181855 0.0 0.0 
r 2.041460732911471 -3.0728847362394873 1.4363606018435802 1.1010376041810013 -0.20916605550415995 0.0 0.0 
r 2.0376529479297654 -3.073412158943294 1.4361322895878603 1.105662823970499 -0.20222081407452325 0.0 0.0 
r 2.033058790809444 -3.0740520505971864 1.4358644538331558 1.1128098969988085 -0.19504043706105273 0.0 0.0 
r 2.027615825593365 -3.074806600592197 1.4355409787852997 1.1224848797319462 -0.18772784679880322 0.0 0.0 
r 2.0212542675911895 -3.075678401185676 1.4351433698913973 1.13461055821683 -0.18040758736353554 0.0 0.0 
r 2.0139100169447373 -3.076669599259228 1.4346530053910016 1.1490215933364785 -0.17321932243603316 0.0 0.0 
r 2.0055383886613125 -3.077780779177887 1.4340531256497782 1.1654655187252008 -0.1663105130548223 0.0 0.0 
r 1.9961280482860275 -3.079009782072244 1.433330897289588 1.1836087695545907 -0.1598258396660007 0.0 0.0 
r 1.9857126825311533 -3.080350616751906 1.4324791483022914 1.2030497179625106 -0.15389788784724012 0.0 0.0 
r 1.9743776452369193 -3.081792872319215 1.4314977995598426 1.223333569304896 -0.14864005000666305 0.0 0.0 
r 1.9622623156595476 -3.0833211965012666 1.430394366420269 1.2439747309052036 -0.14414215650695691 0.0 0.0 
r 1.9495554716655183 -3.0849155382560998 1.4291840348392488 1.2644791218564895 -0.14046626720016178 0.0 0.0 
r 1.9364852538032427 -3.086551745478386 1.4278888040826354 1.284367533428843 -0.1376478575311013 0.0 0.0 
r 1.9233055217843302 -3.088202558934271 1.4265361864178925 1.3031981726400113 -0.13569680700762796 0.0 0.0 
r 1.9102798690672005 -3.0898388988479835 1.425157379578285 1.3205863771206965 -0.13460216301479896 0.0 0.0 
r 1.8976660255798117 -3.0914312565018793 1.42378525127812 1.3362183964467165 -0.1343367897220793 0.0 0.0 
r 1.8857009849302653 -3.0929512822298486 1.4224523339759632 1.349861286162539 -0.13486407090896038 0.0 0.0 
r 1.8745895013161766 -3.094373074644155 1.4211885939685795 1.361365658981347 -0.13614110421986217 0.0 0.0 
r 1.8644968207595596 -3.095674365915356 1.4200201225515774 1.3706656487835904 -0.1381222887300242 0.0 0.0 
r 1.8555448131048156 -3.0968373008104857 1.41896777300243 1.3777719518868068 -0.14076252489771715 0.0 0.0 
r 1.8478112363596941 -3.0978489493357575 1.4180463540701156 1.382762560032301 -0.1440167081387417 0.0 0.0 
r 1.8413324997422136 -3.0987014293116535 1.417264584333086 1.3857718546737432 -0.14783738102391103 0.0 0.0 
r 1.8361074036471856 -3.099391788886292 1.4166251958408018 1.3869773868914437 -0.15217237078297907 0.0 0.0 
r 1.832103153121024 -3.0999215411587664 1.41612569807223 1.3865861003880708 -0.1569610942617895 0.0 0.0 
r 1.8292608585159074 -3.1002960891324642 1.415759040030947 1.384820238489054 -0.1621311847139359 0.0 0.0 
r 1.82750293840757 -3.1005239367812565 1.4155151724360535 1.381908040343386 -0.16759426885585085 0.0 0.0 
r 1.8267355621109787 -3.1006163268529447 1.415381519262766 1.3780720673381421 -0.17324579377190658 0.0 0.0 
r 1.8268565618652886 -3.100586203120481 1.4153445459369096 1.373522163099568 -0.17896541193750273 0.0 0.0 
r 1.8277591840767078 -3.1004476011176765 1.4153904220973113 1.368451363406685 -0.18461728269656985 0.0 0.0 
r 1.8293354613586075 -3.1002151764966075 1.4155059251635134 1.3630317328190817 -0.1900562734723965 0.0 0.0 
r 1.831479662249688 -3.0999036408890244 1.4156789457313739 1.3574137216952316 -0.19513320617408808 0.0 0.0 
r 1.8340903163614735 -3.0995274196935156 1.4158988046717502 1.3517266127326228 -0.19970125085222226 0.0 0.0 
r 1.8370717862287873 -3.099100365739251 1.4161563738728307 1.3460801180658954 -0.20362319891798247 0.0 0.0 
r 1.840337887467601 -3.0986352223064317 1.4164444208222584 1.3405661558709785 -0.20677842231409388 0.0 0.0 
r 1.8438093360796817 -3.098143840100408 1.4167568812065447 1.3352598473093142 -0.20906809578496127 0.0 0.0 
r 1.8474174420293692 -3.0976367303764976 1.4170894459994177 1.3302199202564908 -0.21042046290046335 0.0 0.0 
r 1.8511031404441864 -3.0971230436330175 1.4174388647355716 1.3254900588225373 -0.2107918751017164 0.0 0.0 
r 1.854817145366019 -3.0966105530462467 1.4178029284571372 1.3210976296257417 -0.2101684685082044 0.0 0.0 
r 1.8585194409539687 -3.096105659612498 1.418180148680649 1.3170551988567176 -0.20856564305516517 0.0 0.0 
r 1.8621789677357563 -3.09561339088139 1.4185695414913526 1.31336008426315 -0.206024426470096 0.0 0.0 
r 1.8657725654573194 -3.0951375589870387 1.4189705386041598 1.3099931783198673 -0.2026114286407127 0.0 0.0 
r 1.8692837954058699 -3.094680871728203 1.4193826900192512 1.3069221109299156 -0.19841185307531028 0.0 0.0 
r 1.872701368195975 -3.0942451707785708 1.4198055803599328 1.3041018678947993 -0.19352963987524163 0.0 0.0 
r 1.8760183806392345 -3.0938315072688125 1.4202386637401556 1.3014793015740262 -0.18807958483903311 0.0 0.0 
r 1.8792307489090965 -3.093440352419586 1.4206811123535783 1.298995124514902 -0.18218615466231314 0.0 0.0 
r 1.882335390045245 -3.0930718797240733 1.4211317660485632 1.296588285388248 -0.1759802231517842 0.0 0.0 
r 1.8853296067227092 -3.09272604313303 1.4215890742158732 1.2942004739389996 -0.16959446522938906 0.0 0.0 
r 1.8882101689933743 -3.0924027165657475 1.4220510738966214 1.2917800230447374 -0.16316194070010756 0.0 0.0 
r 1.8909730227346278 -3.0921017243777444 1.4225153542360547 1.2892854995774872 -0.156811575023023 0.0 0.0 
r 1.8936131078440304 -3.09182289967887 1.4229791564371423 1.2866882349671618 -0.15066707284657396 0.0 0.0 
r 1.896124231640889 -3.091566131854547 1.4234394619545396 1.2839741225849985 -0.1448421656977958 0.0 0.0 
r 1.898499873540685 -3.0913312333163656 1.4238929955249202 1.2811442143067455 -0.13943918227273777 0.0 0.0 
r 1.9007333129165012 -3.091117954531384 1.4243363281568122 1.2782135741549907 -0.13454613812889182 0.0 0.0 
r 1.9028184296217303 -3.090925909997428 1.4247660333587735 1.2752094593644998 -0.13023260347349294 0.0 0.0 
r 1.9047506070574338 -3.0907544767043507 1.4251788014900133 1.2721693553455111 -0.1265478751764488 0.0 0.0 
r 1.906526942642463 -3.0906028042645928 1.4255715406092357 1.2691369851298209 -0.1235204575379974 0.0 0.0 
r 1.9081464002732365 -3.0904698204987433 1.4259414343443304 1.266158936256613 -0.12115709599583478 0.0 0.0 
r 1.9096100201010215 -3.090354241409253 1.4262860374057238 1.2632812082744915 -0.11944205584325483 0.0 0.0 
r 1.9109207348738 -3.0902546197382668 1.426603299752213 1.2605465165498855 -0.11833911120173261 0.0 0.0 
r 1.9120828915526138 -3.090169484685788 1.4268917141235002 1.2579900862297395 -0.11779448990887902 0.0 0.0 
r 1.9131023917481618 -3.09009729141712 1.4271502195373726 1.2556393516205482 -0.11773960902523409 0.0 0.0 
r 1.9139854005521246 -3.090036652604581 1.4273782471451955 1.2535117789466315 -0.11809652102851559 0.0 0.0 
r 1.9147386995282518 -3.0899862762816603 1.4275756992134438 1.2516148142304722 -0.11878193738244512 0.0 0.0 
r 1.9153687109227648 -3.089945097798964 1.4277428726860713 1.249946588222019 -0.1197117493997284 0.0 0.0 
r 1.9158817898975427 -3.0899122581174643 1.4278805300753243 1.2484958618505373 -0.1208052038646447 0.0 0.0 
r 1.9162836564723973 -3.0898871243434605 1.4279897062733364 1.2472439789075767 -0.12199105314521523 0.0 0.0 
r 1.9165796364481054 -3.0898692149615483 1.4280716164666771 1.246167159642599 -0.12320804868485659 0.0 0.0 
r 1.916774155984579 -3.0898582730154356 1.4281276387436095 1.2452368748964404 -0.12440767225034162 0.0 0.0 
r 1.9168709112027538 -3.0898541379682323 1.428159046349732 1.2444231815153142 -0.12555503612768507 0.0 0.0 
r 1.9168728244471374 -3.0898567847169995 1.4281671010666832 1.2436952799325078 -0.12662814974537312 0.0 0.0 
r 1.9167816643039504 -3.089866287739375 1.4281527932097509 1.2430227123320674 -0.1276174818318205 0.0 0.0 
r 1.9165978962629298 -3.089882848180275 1.4281168533298325 1.2423769838946874 -0.12852082965025705 0.0 0.0 
r 1.9163205114273412 -3.0899067924385757 1.428059674479374 1.2417330494355454 -0.1293429725784915 0.0 0.0 
r 1.9159471885735944 -3.089938566783638 1.4279813685998 1.2410697161766702 -0.13009038002287385 0.0 0.0 
r 1.9154751578034936 -3.0899786547380685 1.4278819209799944 1.2403705443309072 -0.1307692642230664 0.0 0.0 
r 1.914900794193941 -3.0900276142204874 1.4277611094785616 1.2396247027718166 -0.13138176496128748 0.0 0.0 
r 1.914220855426099 -3.090086000698375 1.4276188405405894 1.2388273144349542 -0.13192305339894392 0.0 0.0 
r 1.9134326355780829 -3.0901543753472023 1.4274552404784684 1.237980018300624 -0.13238146505152212 0.0 0.0 
r 1.912534947760311 -3.09023318952903 1.4272707795075634 1.237090658607021 -0.1327381224901183 0.0 0.0 
r 1.9115283184548284 -3.0903227886399853 1.427066377327948 1.2361739764807949 -0.1329676953148852 0.0 0.0 
r 1.9104151368904836 -3.090423384205494 1.4268434052251167 1.2352506270145382 -0.13304146562894426 0.0 0.0 
r 1.9091998205169327 -3.0905350329138273 1.4266037181455387 1.2343483107899205 -0.13292793867636551 0.0 0.0 
r 1.9078877675705455 -3.09065774317279 1.4263494943273387 1.2334982185286592 -0.13259936761416907 0.0 0.0 
r 1.9064849068326009 -3.0907914834128003 1.4260830679235237 1.232736529540144 -0.13203256708247246 0.0 0.0 
r 1.9049970704701211 -3.090936217596503 1.4258067519880995 1.2321021543836517 -0.13121203741265902 0.0 0.0 
r 1.9034292467877483 -3.0910919565521766 1.4255226437216837 1.2316349431390277 -0.13013229500452642 0.0 0.0 
r 1.9017843388933793 -3.0912588779584174 1.4252323861966092 1.2313740565640725 -0.12879633966992124 0.0 0.0 
r 1.9000633760905852 -3.0914372602751605 1.4249370661055345 1.2313565645742808 -0.1272164480851158 0.0 0.0 
r 1.8982654686243876 -3.09162747629172 1.424637157473983 1.2316146229271392 -0.12541038891251954 0.0 0.0 
r 1.896388920485725 -3.091829817448312 1.4243325211774998 1.2321733408832 -0.12340172567044011 0.0 0.0 
r 1.8944321286812915 -3.0920444415052586 1.4240226633504574 1.2330493693567126 -0.12121574117976841 0.0 0.0 
r 1.8923949298424794 -3.092271144429619 1.4237067027604142 1.2342494774124448 -0.11887780897789997 0.0 0.0 
r 1.8902804830231148 -3.0925092558795977 1.4233839663648777 1.2357678985041618 -0.11641218731193316 0.0 0.0 
r 1.8880965513251637 -3.092757455170582 1.4230540813407377 1.2375864325889483 -0.11384183585094752 0.0 0.0 
r 1.8858565933945082 -3.093013696763677 1.422717311029218 1.2396734377895064 -0.11119069312750184 0.0 0.0 
r 1.8835806793480514 -3.093275187366537 1.4223749799090966 1.2419844113401681 -0.10848258633356306 0.0 0.0 
r 1.8812954116310212 -3.0935383913607706 1.4220295086658359 1.2444638670913055 -0.10574519265973119 0.0 0.0 
r 1.8790335556346447 -3.093799119796292 1.4216845618948426 1.2470473086939105 -0.1030115498086985 0.0 0.0 
r 1.8768327460383851 -3.094052713603858 1.421345017907325 1.2496627264191573 -0.10032165482339257 0.0 0.0 
r 1.8747343632092293 -3.094294180331489 1.4210168683817415 1.2522349582093175 -0.09772196937573825 0.0 0.0 
r 1.8727808335288907 -3.094518559013385 1.4207069933793641 1.2546872552601196 -0.09526570334957263 0.0 0.0 
r 1.8710143385707005 -3.094721010704896 1.4204227707448498 1.2569462578725308 -0.09301017181622832 0.0 0.0 
r 1.8694744766874969 -3.0948970849494555 1.4201716532664144 1.258943703028693 -0.09101400435643685 0.0 0.0 
r 1.8681967253133516 -3.095042872013963 1.4199607670467271 1.2606188857373364 -0.08933507276647713 0.0 0.0 
r 1.8672110236196362 -3.0951551159502366 1.4197964224529713 1.2619212333420196 -0.08802525737454513 0.0 0.0 
r 1.8665406506465687 -3.0952313474059054 1.4196838328820462 1.262811687135545 -0.08712660232095035 0.0 0.0 
