l 1.249564860301299 -0.09693216839814954 1.8550968416135794 0.6468192758130694 2.7709055523594133 0.0 0.0 
l 1.2496427187362187 -0.09688372110871596 1.8550313831896357 0.6503433643204631 2.775163126269595 0.0 0.0 
l 1.2497647575333712 -0.0968101414798454 1.854935300122297 0.6554158522185967 2.7813503897914873 0.0 0.0 
l 1.2499370094501128 -0.0967104106433419 1.8548110709450696 0.6617952640396345 2.789245094895932 0.0 0.0 
l 1.2501669230224879 -0.09658330237545151 1.8546618276648281 0.669184797333512 2.798579286183328 0.0 0.0 
l 1.2504628739101706 -0.0964275042465791 1.8544912520903083 0.6772495679862935 2.8090566182831376 0.0 0.0 
l 1.250833609815147 -0.09624174893748447 1.8543034436081411 0.6856367102809731 2.820369762706714 0.0 0.0 
l 1.2512877857929432 -0.09602491201187995 1.8541027779971522 0.6939954213518956 2.8322140782877194 0.0 0.0 
l 1.2518334048294537 -0.09577613852217691 1.8538937663991881 0.7019961442454709 2.844297979097348 0.0 0.0 
l 1.252477442579948 -0.09549486852217583 1.8536807999119866 0.7093457739379926 2.856352564369409 0.0 0.0 
l 1.2532256165332194 -0.09518091160967719 1.8534681652549287 0.7158007102592907 2.868136176621036 0.0 0.0 
l 1.2540819273844588 -0.09483448419459828 1.8532597524565437 0.7211765397116804 2.8794360962094427 0.0 0.0 
l 1.2550487437213902 -0.0944561320054971 1.8530589271453375 0.7253488555581167 2.8900694805844864 0.0 0.0 
l 1.256127326171728 -0.09404650422257532 1.8528683740000582 0.7282610623020527 2.89988135895461 0.0 0.0 
l 1.2573175054093193 -0.09360639072540185 1.8526899154470362 0.72991619962868 2.9087481687870094 0.0 0.0 
l 1.258618127918115 -0.09313654771268316 1.8525244158210297 0.7303714745496105 2.9165668352052525 0.0 0.0 
l 1.2600271797810336 -0.09263761828763671 1.8523716548963998 0.7297306260245875 2.9232649351272815 0.0 0.0 
l 1.2615422004966321 -0.09210999122435237 1.852230278240837 0.7281315241911607 2.928792871846239 0.0 0.0 
l 1.263160952479005 -0.09155359062607238 1.8520977708854955 0.7257318850841068 2.933126939957128 0.0 0.0 
l 1.2648811259716406 -0.09096802089212697 1.8519705706066896 0.7226991453157913 2.9362661962794734 0.0 0.0 
l 1.2667006573117823 -0.09035253649263088 1.8518442348371627 0.7191954488348635 2.9382384042687035 0.0 0.0 
l 1.268617862358237 -0.08970609277315773 1.8517136752982557 0.7153734280657367 2.9390936654208 0.0 0.0 
l 1.2706321702708512 -0.08902722274596664 1.851573439996254 0.711358117753316 2.9389066523889675 0.0 0.0 
l 1.2727437080653534 -0.08831430431663835 1.8514180905430382 0.7072513512652866 2.9377700041980757 0.0 0.0 
l 1.2749538154598337 -0.08756549750259507 1.8512424783594308 0.7031263358702543 2.93579848128544 0.0 0.0 
l 1.2772653645340981 -0.08677877307983897 1.8510421216948534 0.6990304212750548 2.9331173693141896 0.0 0.0 
l 1.2796827803627056 -0.08595199751131834 1.8508134832402858 0.6949861515981517 2.92986580445851 0.0 0.0 
l 1.2822126810748768 -0.08508280560988765 1.8505541999150845 0.6909977814045566 2.9261864751122704 0.0 0.0 
l 1.2848640358117687 -0.08416856778334586 1.8502631449050642 0.6870543892312975 2.922213880537207 0.0 0.0 
l 1.2876487315043126 -0.08320622581571553 1.8499404757283073 0.6831354154814823 2.9180712460604252 0.0 0.0 
l 1.2905813484042292 -0.0821923431743133 1.8495875841986504 0.6792136408569149 2.9138636037181778 0.0 0.0 
l 1.2936790103740647 -0.08112312777541761 1.849207034985576 0.675257436278904 2.9096640542466616 0.0 0.0 
l 1.2969610001754102 -0.07999445466454293 1.8488022696735604 0.6712374726767381 2.9055063351008523 0.0 0.0 
l 1.3004478413810845 -0.07880211913604562 1.848377531052355 0.667125643359485 2.901387488726345 0.0 0.0 
l 1.304160045344136 -0.07754213962289937 1.8479376333517004 0.662900106368609 2.8972532350755857 0.0 0.0 
l 1.3081166970489584 -0.07621109781952351 1.8474877135453822 0.6585461746411794 2.893006947216381 0.0 0.0 
l 1.3123342731687253 -0.07480642891006987 1.8470330779847015 0.6540586007645349 2.8885076062808883 0.0 0.0 
l 1.316824879892066 -0.07332686602977694 1.8465790053977371 0.6494427994529689 2.8835806862454887 0.0 0.0 
l 1.3215946960370604 -0.0717728200833931 1.846130574847777 0.6447180112785404 2.8780263315746666 0.0 0.0 
l 1.3266431460866717 -0.07014654229078784 1.8456925248738534 0.6399182037697655 2.8716437921036397 0.0 0.0 
l 1.3319623062113253 -0.06845219812526829 1.845269045321139 0.6350909333664164 2.8642389698095014 0.0 0.0 
l 1.3375365898315965 -0.06669589002853302 1.8448636728615995 0.6302985899427391 2.855653348168855 0.0 0.0 
l 1.3433435355024685 -0.06488534504780655 1.8444791205347169 0.6256130742029876 2.8457784110606417 0.0 0.0 
l 1.3493547081178614 -0.06302960375298543 1.8441171729053238 0.6211156182026523 2.834573808548414 0.0 0.0 
l 1.355537094571581 -0.061138578783589394 1.8437785635875652 0.6168889960556929 2.8220615615787987 0.0 0.0 
l 1.361854585256672 -0.059222634014289094 1.8434629541795686 0.6130121740719716 2.8083778661576773 0.0 0.0 
l 1.3682695697067573 -0.05729216696055507 1.8431689983324282 0.6095591685145767 2.793707233479306 0.0 0.0 
l 1.374744333407073 -0.05535724031464973 1.84289430930436 0.606592530426396 2.7783052282467047 0.0 0.0 
l 1.3812425223892468 -0.053427267997093165 1.8426357271727498 0.6041539741199478 2.7624597527679686 0.0 0.0 
l 1.3877294538899492 -3.193103640736242 1.8423893737599994 0.6022705740105296 2.7464805731216435 0.0 0.0 
l 1.3941726861803954 -3.1912090539466025 1.8421509546022725 0.6009453553447274 2.7306547262166445 0.0 0.0 
l 1.4005421093105999 -3.1893434935189204 1.841916053502941 0.6001687567090801 2.7152382975837455 0.0 0.0 
l 1.4068096412084512 -3.1875137884147224 1.8416804626479517 0.5999089954148721 2.700435753358421 0.0 0.0 
l 1.4129491068480804 -3.185726345446279 1.8414404251069354 0.600122479668389 2.686391524002471 0.0 0.0 
l 1.4189356932889399 -3.18398735545267 1.841192986568551 0.6007574058617838 2.673187866745148 0.0 0.0 
l 1.4247458967195146 -3.1823028276911542 1.8409362515810668 0.601756044587077 2.6608654501389157 0.0 0.0 
l 1.430357009151307 -3.180678738160719 1.840669599672928 0.6030587725493483 2.649418169568694 0.0 0.0 
l 1.4357481221742059 -3.179120720604297 1.8403937445275838 0.6046123014351091 2.638822490718799 0.0 0.0 
l 1.4408989450099372 -3.1776343778978426 1.8401108070232481 0.6063663381776097 2.629042819974705 0.0 0.0 
l 1.4457908199446343 -3.1762249561152047 1.8398242382743366 0.6082796209861089 2.6200476897387843 0.0 0.0 
l 1.4504061939976867 -3.174897442939444 1.8395385983814592 0.6103179199751946 2.611820644858337 0.0 0.0 
l 1.4547280528708928 -3.1736566853302968 1.839259319944616 0.6124590547997377 2.6043708634789104 0.0 0.0 
l 1.4587401973185465 -3.172507274684844 1.8389923993203663 0.6146886384423708 2.5977297279389986 0.0 0.0 
l 1.4624270565148314 -3.1714535558438994 1.8387439289246896 0.6170033095189678 2.591961197231089 0.0 0.0 
l 1.4657725212720825 -3.1704999331423864 1.8385197309137007 0.6194045025695978 2.5871506042480164 0.0 0.0 
l 1.4687596669747736 -3.1696509292025756 1.8383249233160541 0.6218969368824439 2.583401321027568 0.0 0.0 
l 1.4713699078021474 -3.1689114252549038 1.8381636421740941 0.6244910131621597 2.580830600106391 0.0 0.0 
l 1.4735827880039298 -3.1682867160786765 1.838038664440389 0.6272014279227259 2.5795615754683383 0.0 0.0 
l 1.4753759514905058 -3.167782555617443 1.8379514082626824 0.6300382354287646 2.5797005612796755 0.0 0.0 
l 1.476724804968429 -3.167405259101848 1.8379017163799716 0.6330183978685285 2.581346092918391 0.0 0.0 
l 1.477602133891815 -3.1671618515386775 1.8378880290076096 0.6361548798103921 2.5845593995449847 0.0 0.0 
l 1.4779796597714674 -3.1670596695169637 1.8379075425018991 0.6394639724370118 2.58936752313354 0.0 0.0 
l 1.4778281015623604 -3.167106373136382 1.8379564351777737 0.6429650080395257 2.595757595793632 0.0 0.0 
l 1.4771186720059193 -3.1673095407703324 1.8380299745214497 0.6466783462931895 2.603661832643218 0.0 0.0 
l 1.4758245671979178 -3.1676763448117495 1.8381234916993974 0.6506285243362699 2.6129686651354755 0.0 0.0 
l 1.4739219797615395 -3.168213226968877 1.8382320866212256 0.6548415785020026 2.623520014469173 0.0 0.0 
l 1.4713931113470573 -3.1689250974863783 1.838351121870029 0.6593455684180116 2.635117305276013 0.0 0.0 
l 1.4682279653399772 -3.169814852200596 1.8384765297000962 0.6641664596282066 2.647531713580281 0.0 0.0 
l 1.4644267671983673 -3.170882688413668 1.838604849729519 0.6693258538562521 2.6605166625615198 0.0 0.0 
l 1.4600017087649255 -3.1721256125130166 1.8387333165457382 0.6748395479824785 2.6738168655507915 0.0 0.0 
l 1.4549792495923732 -3.17353679611091 1.8388599750141723 0.6807096233057487 2.687184699551824 0.0 0.0 
l 1.4494009943952764 -3.1751052899746894 1.8389835111573152 0.6869229608393682 2.700387205301029 0.0 0.0 
l 1.4433249956219028 -3.176815596951498 1.8391029977533053 0.693447700044585 2.7132169272246816 0.0 0.0 
l 1.4368252132410277 -3.1786477572030964 1.839217759218109 0.700230923932269 2.725499893948417 0.0 0.0 
l 1.429989495760934 -3.180577827284433 1.8393271881101507 0.7071943746086209 2.737093909546058 0.0 0.0 
l 1.4229176090146176 -3.18257834049775 1.8394305928714636 0.7142397120703359 2.7479005055214074 0.0 0.0 
l 1.4157172765709558 -3.184619309465022 1.8395269788627824 0.72124407337267 2.757852309596862 0.0 0.0 
l 1.4085004535295647 -3.1866691911214686 1.8396149702017313 0.7280742564391268 2.7669187408413474 0.0 0.0 
l 1.4013787178889827 -3.188696123933772 1.8396927627989874 0.7345854492666398 2.775097017767407 0.0 0.0 
l 1.394458259855825 -3.1906693394479064 1.8397582382386874 0.7406315378567525 2.782409676740079 0.0 0.0 
l 1.3878357867949602 -3.192560336859822 1.8398089749106494 0.7460784903508432 2.788902173991595 0.0 0.0 
l 1.3815949978288846 -0.052751325055963104 1.8398424881982485 0.7508096552568676 2.794636575964228 0.0 0.0 
l 1.37580400440079 -0.05440669580372017 1.8398564402067803 0.7547344382770472 2.799688082550182 0.0 0.0 
l 1.3705132412979482 -0.055917861496377265 1.8398489172855181 0.7578013037299491 2.8041499270596746 0.0 0.0 
l 1.3657553540561065 -0.057274088003022895 1.8398187566923 0.7599934945798241 2.8081243270191467 0.0 0.0 
l 1.3615457690274226 -0.058469829478130494 1.83976573457703 0.7613354268117486 2.811715151465376 0.0 0.0 
l 1.3578836084017738 -0.05950462488380727 1.839690865044361 0.7618923495006692 2.8150360924127886 0.0 0.0 
l 1.354753465578806 -0.06038266967870162 1.8395964677618994 0.7617646994500947 2.8181992007393935 0.0 0.0 
l 1.3521278233362517 -0.06111217157081215 1.83948623948681 0.761086031509749 2.8213118487142768 0.0 0.0 
l 1.34996879292065 -0.0617048404569571 1.8393651909677782 0.7600149832642985 2.8244691763287393 0.0 0.0 
l 1.3482304117179775 -0.06217516858101638 1.8392394809021033 0.7587267524901307 2.8277542167361687 0.0 0.0 
l 1.346860569940607 -0.06253975906389904 1.839116078788562 0.7574076907068427 2.831234150017087 0.0 0.0 
l 1.34580289164406 -0.06281664257132184 1.8390023597003262 0.7562443834274754 2.8349300361369285 0.0 0.0 
l 1.344998401179951 -0.0630246358463296 1.8389056157805765 0.7554097857157176 2.838864674227512 0.0 0.0 
l 1.344387173779438 -0.06318273403299786 1.8388326562583366 0.7550595547666121 2.843028693154058 0.0 0.0 
l 1.3439100535446884 -0.06330946277632307 1.838789274288723 0.755327317842909 2.8474018550713134 0.0 0.0 
l 1.343510896432753 -0.06342215811766956 1.838779981431728 0.7563069899364617 2.851950094900863 0.0 0.0 
l 1.3431381630537214 -0.06353641451494411 1.8388076187594262 0.7580583416287765 2.856647440308655 0.0 0.0 
l 1.3427467439523078 -0.0636655331590544 1.8388732126834406 0.7605990671550968 2.861474635797548 0.0 0.0 
l 1.3423002513314544 -0.06381991453874661 1.8389761431474496 0.763911767484426 2.8664145946158004 0.0 0.0 
l 1.341771742603532 -0.06400687553465707 1.8391142185124125 0.7679286335987716 2.8714946513894954 0.0 0.0 
l 1.341144873957647 -0.06423039172685141 1.8392839810024624 0.7725537786025649 2.8767400250111725 0.0 0.0 
l 1.3404137376816916 -0.064491226730331 1.8394810784317424 0.7776587054360421 2.8821829058603727 0.0 0.0 
l 1.3395837228670517 -0.06478681046327815 1.839700846575365 0.7830809993788438 2.8878594408344394 0.0 0.0 
l 1.3386670172090145 -0.06511253188368282 1.839938365940649 0.7886362411776959 2.8937954181872714 0.0 0.0 
l 1.3376841177238075 -0.06546147021238395 1.8401892174062116 0.7941191848284531 2.8999921328423204 0.0 0.0 
l 1.3366583056500407 -0.06582591060281345 1.840449213103196 0.7993094925395208 2.9064231194745007 0.0 0.0 
l 1.3356147697510476 -0.06619770828631316 1.8407148651575254 0.8039718613184621 2.913014841046935 0.0 0.0 
l 1.3345760488869416 -0.06656949889300236 1.8409829411558594 0.8078570970171859 2.9196518871619728 0.0 0.0 
l 1.3335595178485642 -0.0669354099080302 1.8412503542086298 0.8107119585776139 2.9261718559084886 0.0 0.0 
l 1.3325734456137377 -0.06729207843924084 1.8415135951990909 0.8122750163664587 2.932366097412893 0.0 0.0 
l 1.3316153406338476 -0.06763904450000163 1.841768312230914 0.812282152169106 2.9379891124348716 0.0 0.0 
l 1.3306697538961614 -0.06797927411221309 1.8420087759941544 0.8104674439736221 2.94276280713265 0.0 0.0 
l 1.3297065811330444 -0.06831943658073947 1.8422269726864433 0.8065632573068857 2.946383276850126 0.0 0.0 
l 1.3286802161824944 -0.06867010856477122 1.8424123976110374 0.8003042904516847 2.948526785064809 0.0 0.0 
l 1.3275299973233678 -0.06904548179062243 1.8425514575062178 0.7914345192364858 2.9488680832317815 0.0 0.0 
l 1.3261812600439438 -0.06946290126295337 1.8426270029937994 0.7796996446774238 2.9470717175259864 0.0 0.0 
l 1.3245476284497384 -0.06994205128099393 1.8426180489207524 0.7648611616095603 2.9428080666364806 0.0 0.0 
l 1.322533440842574 -0.07050416018270368 1.8424999000868776 0.7466892151325416 2.9357388209980897 0.0 0.0 
l 1.3200376797658038 -0.07117072094157584 1.842244353041385 0.7249716908771799 2.925513911969478 0.0 0.0 
l 1.3169581775812362 -0.07196215921807166 1.8418202573306832 0.6995047750731068 2.9117603215807697 0.0 0.0 
l 1.3131963264752273 -0.07289621694509481 1.8411938332594628 0.6701112765475022 2.894048569529835 0.0 0.0 
l 1.3086631687054722 -0.07398631383883061 1.8403305575618942 0.6366409725377575 2.871863970529249 0.0 0.0 
l 1.303284393482353 -0.07523998889337274 1.8391961990385113 0.5989702054839671 2.844537054839781 0.0 0.0 
l 1.2970058897769658 -0.07665749477466771 1.8377588106834888 0.5570163789440228 2.8111550931481095 0.0 0.0 
l 1.289798866286369 -0.07823065012290129 1.8359907236615285 0.5107598332797377 2.7704314410217097 0.0 0.0 
l 1.2816640575643863 -0.07994223674288586 1.83387074921901 0.46024318596971703 2.7204786869782027 0.0 0.0 
l 1.2726353001095347 -0.0817658802195122 1.8313863696586759 0.4056076893674693 2.658487067068876 0.0 0.0 
l 1.262781426836222 -0.08366671227536052 1.828535687468059 0.34709252834897986 2.5801670684449305 0.0 0.0 
l 1.2522059832285624 -0.08560290211054598 1.8253289166792726 0.28505935941739236 2.4789641911501477 0.0 0.0 
l 1.2410464472758012 -0.08752745806261926 1.8217892128769182 0.21998762953786952 2.345036542122825 0.0 0.0 
l 1.2294707544249013 -0.08939076708539385 1.8179526742946108 0.1524767264557133 2.1649701451506997 0.0 0.0 
l 1.2176716005234922 -0.09114353737974443 1.8138674679096145 0.08321937280457768 1.925655314567981 0.0 0.0 
l 1.2058592026702315 -0.09273974612110013 1.8095921119858778 0.012977771403281815 1.6292652440458575 0.0 0.0 
l 1.1942520930974176 -0.09413945883947347 1.8051928556883285 3.08412577874563 -1.829451859284393 0.0 0.0 
l 1.1830669199325468 -0.09531117762122177 1.8007405110506887 3.014251789769159 -2.1131682549222632 0.0 0.0 
l 1.172507700161392 -0.09623357047425843 1.7963070050661185 2.9456681227203383 -2.33523191655007 0.0 0.0 
l 1.1627554564964426 -0.0968963456995472 1.7919618103234622 2.879010006511519 -2.4989022737666096 0.0 0.0 
l 1.153958276666988 -0.0973005077351609 1.787768718988909 2.8148234964583 -2.6182658926945717 0.0 0.0 
l 1.146224320972721 -3.239050218542843 1.7837831700800515 2.7535523342251644 -2.706196827533174 0.0 0.0 
l 1.1396172129523698 -3.238980803277883 1.7800503131910093 2.695544681096762 -2.771894661293645 0.0 0.0 
l 1.1341540884561414 -3.2387128953626987 1.776603861655403 2.641064247784213 -2.821531881513454 0.0 0.0 
l 1.1298080364542118 -3.2382795013128844 1.7734658601196012 2.590309424066774 -2.8592246220641315 0.0 0.0 
l 1.1265128990836986 -3.237716379720624 1.7706471113901285 2.543414884054865 -2.887778684069891 0.0 0.0 
l 1.124171089375293 -3.2370597801213687 1.7681483140567824 2.5004680652856113 -2.9091586610187345 0.0 0.0 
l 1.1226629825909606 -3.236344360644141 1.7659614362257297 2.46150988042636 -2.924796472986431 0.0 0.0 
l 1.121856821380022 -3.2356015752451857 1.76407147278914 2.4265392391668024 -2.9357757057847635 0.0 0.0 
l 1.1216185471413098 -3.2348583290979294 1.7624580672168402 2.395512578585195 -2.942950826245291 0.0 0.0 
l 1.1218205900550076 -3.234136121909726 1.761097194253837 2.3683430888314634 -2.94702760675265 0.0 0.0 
l 1.1223484934532904 -3.233450674090724 1.759962580925458 2.344898265629779 -2.94861074981036 0.0 0.0 
l 1.123105389087025 -3.232811910192301 1.7590268148342434 2.3250025306860875 -2.9482384068279255 0.0 0.0 
l 1.1240142182106312 -3.2322243866759677 1.7582623964933228 2.308439442578082 -2.946390835512133 0.0 0.0 
l 1.1250174311197187 -3.2316880352520094 1.7576424239452504 2.2949454884465896 -2.943519826550872 0.0 0.0 
l 1.1260755622693306 -3.23119909499939 1.7571413307089694 2.284215141480175 -2.9400430041626153 0.0 0.0 
l 1.1271644518947785 -3.230751212116317 1.7567355088681051 2.2759191719414473 -2.936333270772968 0.0 0.0 
l 1.128271514454935 -3.230336596223201 1.7564037463734543 2.2696825714017987 -2.932732033749217 0.0 0.0 
l 1.1293917089801777 -3.2299471218638676 1.7561275180339382 2.265112825550388 -2.929533681443899 0.0 0.0 
l 1.1305247429256593 -3.2295752601692493 1.7558915750620199 2.261781215744618 -2.9269624111229993 0.0 0.0 
l 1.131671770915811 -3.229214965459282 1.755684249127233 2.2592450481553867 -2.925191866493944 0.0 0.0 
l 1.132833506480491 -3.2288621597847675 1.7554976160826095 2.2570383437240986 -2.9243285207634786 0.0 0.0 
l 1.1340079643335697 -3.2285151521688555 1.755327365055375 2.2546795258084398 -2.9243961303967247 0.0 0.0 
l 1.135193037424814 -3.2281741161697783 1.7551729859162601 2.2516701901546057 -2.9253490058901632 0.0 0.0 
l 1.1363834536075508 -3.227841377221182 1.755036994830525 2.2475137688104385 -2.9270720732987825 0.0 0.0 
l 1.137574757904636 -3.227520362395309 1.754924663789922 2.2417076271696534 -2.9293952950769104 0.0 0.0 
l 1.138761698281147 -3.2272154316147836 1.7548429373856842 2.2337593180096365 -2.932112437604318 0.0 0.0 
l 1.1399422645382564 -3.226930626677817 1.7547997218419378 2.223186429246351 -2.9349974938613017 0.0 0.0 
l 1.1411161239472545 -3.226669395917257 1.7548025567022232 2.2095303795047556 -2.9378309595082346 0.0 0.0 
l 1.1422872613390738 -3.2264335460752314 1.7548576247169156 2.1923563879235277 -2.9404176814905556 0.0 0.0 
l 1.1434630013795624 -3.2262229028978813 1.7549685320477217 2.1712643054290126 -2.9426002209036333 0.0 0.0 
l 1.1446534638154384 -3.2260349928771626 1.7551353296867915 2.145882890676406 -2.9442861737594166 0.0 0.0 
l 1.1458713761458328 -3.2258648737265854 1.7553540157079863 2.1158896337105455 -2.945431513459528 0.0 0.0 
l 1.1471301274196162 -3.2257052469424448 1.755615791326835 2.081014585268348 -2.9460559096184986 0.0 0.0 
l 1.1484421448482296 -3.225546922385746 1.7559072133184195 2.0410561099019984 -2.9462248031346694 0.0 0.0 
l 1.149817792574678 -3.2253793959935684 1.756210831829332 1.995898468266366 -2.946045282371082 0.0 0.0 
l 1.1512636696827854 -3.2251916043237885 1.7565059130614336 1.9455440360326084 -2.9456428496893343 0.0 0.0 
l 1.1527819599499387 -3.2249726821783176 1.7567696797938872 1.8901400808779 -2.945174255842201 0.0 0.0 
l 1.1543698825832582 -3.224712855228568 1.7569789171088632 1.8300228813861725 -2.9447825507076875 0.0 0.0 
l 1.1560198427101236 -3.2244042662602337 1.7571118205092757 1.7657419985223768 -2.9446024426452815 0.0 0.0 
l 1.1577199438671408 -3.2240416450355447 1.7571497430729184 1.6980820979067028 -2.9447554856996914 0.0 0.0 
l 1.159454816974962 -3.2236227770973658 1.7570787278903606 1.6280909291431798 -2.945330306754849 0.0 0.0 
l 1.1612067687322993 -3.223148708181831 1.7568906810861202 -1.5846033268071336 -2.9463944330018363 0.0 0.0 
l 1.1629570550627961 -3.22262375323862 1.7565842234364053 -1.6554626967048058 -2.9479813692905337 0.0 0.0 
l 1.1646873258608528 -3.2220551421126835 1.756164836982261 -1.7247015877932659 -2.9500823941878567 0.0 0.0 
l 1.1663806907874297 -3.2214524040306043 1.7556442178523086 -1.7910265199920532 -2.9526796994218896 0.0 0.0 
l 1.1680228475207672 -3.220826720613096 1.7550395399978747 -1.8533276878229974 -2.955713559980012 0.0 0.0 
l 1.1696019457378513 -3.2201904214698005 1.7543723501838753 -1.9107506507891299 -2.9591075332302657 0.0 0.0 
l 1.1711099546319752 -3.2195559397732523 1.7536669087622052 -1.9627255460145858 -2.962777063504884 0.0 0.0 
l 1.1725430550175941 -3.218935192944086 1.7529489335408213 -2.008962694198729 -2.9666366039205103 0.0 0.0 
l 1.1738998225594095 -3.2183394143497126 1.7522442332588795 -2.049418633476014 -2.970609037241202 0.0 0.0 
l 1.175180959150326 -3.2177787803475155 1.751577620391756 -2.0842416012109544 -2.9746444715525446 0.0 0.0 
l 1.1763899594306035 -3.217262177374054 1.7509725969760184 -2.113733082631839 -2.9787250230874216 0.0 0.0 
l 1.1775327897561505 -3.216797304238137 1.7504513314102343 -2.138274278719802 -2.9828649655787185 0.0 0.0 
l 1.1786172176478615 -3.216390872611026 1.7500347132573977 -2.1582889642413616 -2.9871260630008853 0.0 0.0 
l 1.1796527803272014 -3.2160489048968093 1.7497429828073423 -2.174190344397074 -2.991602799999427 0.0 0.0 
l 1.1806514893681068 -3.2157767994132698 1.7495962076877531 -2.186343517081913 -2.996423192346832 0.0 0.0 
l 1.1816290182586373 -3.215579691406403 1.7496157307860665 -2.195029201914684 -3.0017301087746633 0.0 0.0 
l 1.1826056229319486 -3.2154623021514506 1.7498243197505736 -2.2004295661600564 -3.0076831113777267 0.0 0.0 
l 1.1836069783711993 -3.2154288447556945 1.7502464597665377 -2.202601066912141 -3.0144235958072003 0.0 0.0 
l 1.1846650956491072 -3.2154827051964463 1.750908222808026 -2.20145757633796 -3.022062896059055 0.0 0.0 
l 1.185818121688416 -3.2156261942381756 1.7518368320587845 -2.1967839816206505 -3.030667783163603 0.0 0.0 
l 1.1871099074331997 -3.21585998462953 1.7530594474280432 -2.1882465878554154 -3.0402357039220265 0.0 0.0 
l 1.1885879974186506 -3.2161826413919807 1.754601443296511 -2.1754147622539275 -3.050690590615574 0.0 0.0 
l 1.1903007245481387 -3.216590157445913 1.7564842516346895 -2.157801183752173 -3.061867561468871 0.0 0.0 
l 1.192293587086616 -3.217075548003457 1.758722888958765 -2.1349119994871515 -3.0735227081944867 0.0 0.0 
l 1.194604869442534 -3.2176286102027634 1.7613232620489596 -2.106310139013661 -3.085349844039339 0.0 0.0 
l 1.1972612603572494 -3.2182358936506494 1.7642795972202032 -2.07168690368515 -3.0970025051336374 0.0 0.0 
l 1.2002732169164307 -3.2188810752721215 1.7675721783960443 -2.0309376644238233 -3.108126208373436 0.0 0.0 
l 1.2036320346669973 -3.219545453902655 1.771165682284185 -1.9842529516028387 -3.1184165280145004 0.0 0.0 
l 1.207309762862101 -3.2202085029294287 1.7750087016272025 -1.9321595669882186 -3.1276330827063226 0.0 0.0 
l 1.2112593616611842 -0.07925636035269662 1.779034531490351 -1.8755447841152029 -3.135618113528086 0.0 0.0 
l 1.2154163367493704 -0.07985355864956548 1.7831626421978117 -1.8156339076539572 -0.0007255445777920018 0.0 0.0 
l 1.2197035276788872 -0.08038838974091779 1.7873028158547752 -1.7539120932748709 -0.006193729069996154 0.0 0.0 
l 1.2240355172588018 -0.08084470596599615 1.7913595508004505 -1.6919712267441898 -0.010562693437709235 0.0 0.0 
l 1.2283243012839942 -0.08121043653113652 1.795238255541749 -1.6313861641989884 -0.014028494110108846 0.0 0.0 
l 1.2324833637131818 -0.08147851569778464 1.7988509168012974 -1.573557492198296 -0.016830841505457023 0.0 0.0 
l 1.2364345215623558 -0.08164707051591688 1.802122786620366 1.6219580000776603 -0.019199467191991403 0.0 0.0 
l 1.2401097449108334 -0.08171975490204507 1.804996847963961 1.6711381330426365 -0.02135589403712708 0.0 0.0 
l 1.2434531338606538 -0.08170561773044838 1.8074374566765883 1.715037697488685 -0.023469351688949546 0.0 0.0 
l 1.2464225414094932 -0.08161805625954764 1.8094311696744632 1.7533724881442567 -0.02561751477091811 0.0 0.0 
l 1.24898850912303 -0.08147395753971351 1.8109856630903043 1.7860651063138517 -0.02777516416329143 0.0 0.0 
l 1.2511320014026905 -0.08129263479139649 1.812126461146316 1.813187281755733 -0.029802095576623118 0.0 0.0 
l 1.2528419369172081 -0.0810944093911244 1.8128917312004342 1.8349017332397337 -0.03141909174620225 0.0 0.0 
l 1.2541107853861013 -0.08089964261383945 1.8133261778193646 1.8514289554509151 -0.032236857346955694 0.0 0.0 
l 1.254931942377899 -0.08072736332604506 1.8134746760826783 1.863006695719503 -0.031776821456892104 0.0 0.0 
l 1.2552966280712192 -0.08059434117448103 1.813376579137878 1.8698675819774173 -0.029524106240774155 0.0 0.0 
l 1.2551924201320275 -0.08051405599798739 1.8130609999053409 1.872220519379867 -0.024974069369051267 0.0 0.0 
l 1.2546029279620625 -0.0804959237911781 1.8125439045222373 1.870235922240699 -0.01773651909311713 0.0 0.0 
l 1.2535099898678617 -0.08054440084040465 1.8118271164330368 1.8640396502750025 -0.007578940914247721 0.0 0.0 
l 1.2518971513103019 -0.08065830311075126 1.8108992470284249 1.8537141014007095 -3.136074625005011 0.0 0.0 
l 1.2497545646707298 -0.08083030231976503 1.809738477141206 1.8393058697444538 -3.12027575079635 0.0 0.0 
l 1.2470848833154715 -0.08104652882625878 1.808316481625033 1.8208344333615922 -3.102258604583469 0.0 0.0 
l 1.2439087316833235 -0.08128675457303439 1.8066035049282083 1.7983112121006222 -3.0827243284506918 0.0 0.0 
l 1.2402693251012633 -0.08152500581986498 1.804573537417611 1.7717669788459385 -3.06252143494912 0.0 0.0 
l 1.2362357847030623 -0.0817307237556418 1.8022093160494208 1.7412731176359892 -3.0425826717293716 0.0 0.0 
l 1.2319040750526926 -0.08187053504536614 1.799506368456669 1.7069776377505816 -3.0238390890745053 0.0 0.0 
l 1.2273956560393218 -0.08191051961713497 1.7964758991650922 1.6691419833384655 -3.007144642597961 0.0 0.0 
l 1.2228532700931343 -0.08181886100300297 1.793146060771283 1.6281318416935422 -2.993231246680107 0.0 0.0 
l 1.2184344769074988 -0.08156856796021027 1.7895616936863883 1.5844949950988385 -2.9826501753745314 0.0 0.0 
l 1.2143030207049514 -0.08113989657000982 1.7857822319761099 -1.6026725594583535 -2.9757750262115468 0.0 0.0 
l 1.2106184722049846 -0.08052247530884724 1.781878723399164 -1.6493580809383783 -2.972789057480011 0.0 0.0 
l 1.2075254968026545 -0.07971653753747449 1.7779297806737437 -1.6962436792385627 -2.9736664429951998 0.0 0.0 
l 1.2051427255912517 -0.07873323553016437 1.774016647105455 -1.7423720218043175 -2.9782168622312706 0.0 0.0 
l 1.203553892752012 -3.219186572559407 1.7702186323293738 -1.7868238679661517 -2.9860827097072398 0.0 0.0 
l 1.202799460579913 -3.217921644239683 1.7666089688108906 -1.8287729093847958 -2.9967610607101483 0.0 0.0 
l 1.2028728647620934 -3.216568218932807 1.7632509434307515 -1.867552451502666 -3.0096450646009707 0.0 0.0 
l 1.2037217083313454 -3.2151673152181566 1.7601954473769656 -1.9026817334960895 -3.024058982711868 0.0 0.0 
l 1.2052512045642092 -3.2137612108637663 1.7574792814780877 -1.9338829524782504 -3.0393082769485864 0.0 0.0 
l 1.2073314718089274 -3.21239081956748 1.755124319753628 -1.96105900213298 -3.05472566307688 0.0 0.0 
l 1.209809352795564 -3.2110931586441644 1.753137840508877 -1.9842897842965181 -3.0697209360931894 0.0 0.0 
l 1.2125221794365468 -3.209899418303639 1.751514022286077 -2.0037721544990026 -3.0838006333403527 0.0 0.0 
l 1.2153110494649662 -3.2088335148047356 1.7502354233800936 -2.019811738907991 -3.09659137190665 0.0 0.0 
l 1.21803211020562 -3.2079115782917356 1.7492753738477362 -2.0327637843482496 -3.1078484366314227 0.0 0.0 
l 1.2205655463271903 -3.2071416968189155 1.748599896028732 -2.0430184210111246 -3.1174401733620547 0.0 0.0 
l 1.2228205990403986 -3.206524710206477 1.7481707314185915 -2.050953550658625 -3.125333369463822 0.0 0.0 
l 1.224737626510075 -3.2060550622015036 1.7479476155493108 -2.0569399059142066 -3.131569025498783 0.0 0.0 
l 1.2262862872409954 -3.205722126404843 1.7478903907373815 -2.06130775889583 -3.136235526940037 0.0 0.0 
l 1.227461534601117 -3.2055115561983256 1.7479605298750975 -2.064343053641875 -3.139448392797655 0.0 0.0 
l 1.2282778339941944 -3.2054068838538976 1.7481227008553282 -2.0662822403065495 -3.1413286235740716 0.0 0.0 
l 1.2287632051712813 -3.205390885494489 1.748345740580114 -2.0673112095941857 -0.0004010459744248797 0.0 0.0 
l 1.2289535687625455 -3.2054467276259238 1.7486031864568532 -2.0675670042384624 -3.141547512570595 0.0 0.0 
l 1.2288878347651915 -3.205558895630326 1.7488735181313189 -2.0671477615526044 -3.140072153918854 0.0 0.0 
l 1.2286034744225824 -3.205713987611866 1.7491401617199287 -2.066104018719252 -3.137643609842768 0.0 0.0 
l 1.2281356848338258 -3.205900678842449 1.7493910834601472 -2.0644538133273027 -3.1343140677451884 0.0 0.0 
l 1.2275145860501007 -3.206110056784286 1.749618214583099 -2.062177444028335 -3.1301200152630066 0.0 0.0 
l 1.2267658790561593 -3.2063354541935567 1.7498173518178561 -2.059210408625529 -3.1250785081008563 0.0 0.0 
l 1.2259093179871456 -3.206572348913489 1.7499869976198963 -2.0554623661414215 -3.1191961495461444 0.0 0.0 
l 1.2249582226595839 -3.2068181147181507 1.7501273582941563 -2.050796837781846 -3.112466404709316 0.0 0.0 
l 1.2239243585854673 -3.2070714259083895 1.7502413656935407 -2.04502979452825 -3.1048694687204024 0.0 0.0 
l 1.2228148631490736 -3.2073322305419794 1.750332860488313 -2.0379276116529876 -3.096372089386857 0.0 0.0 
l 1.22163345009294 -3.2076015519842453 1.750406676553662 -2.0291998402539546 -3.086930102902072 0.0 0.0 
l 1.220379369806484 -3.207881422115296 1.7504678550658972 -2.0185005546784094 -3.0764998389179814 0.0 0.0 
l 1.2190476678283728 -3.2081748205427805 1.7505215938481324 -2.0054260826350454 -3.0650367891096857 0.0 0.0 
l 1.2176255483178346 -3.2084860076375907 1.7505721251013175 -1.9895229892747281 -3.0525218183510834 0.0 0.0 
l 1.2160936700718725 -3.208820269747277 1.750622726119746 -1.970291937885881 -3.0389455428751337 0.0 0.0 
l 1.2144230700365073 -3.2091841709249986 1.7506747007496901 -1.947199738872076 -3.024346516210985 0.0 0.0 
l 1.2125724181324522 -3.2095857848826377 1.750726499378679 -1.9196929157714022 -3.0088149824627997 0.0 0.0 
l 1.2104890819860101 -3.21003444508944 1.7507736447987692 -1.8872227596518114 -2.9924933767349287 0.0 0.0 
l 1.2081057905611186 -3.210540576002409 1.7508065478102313 -1.8492755128299645 -2.9755757306788673 0.0 0.0 
l 1.205341277723473 -3.211115427686675 1.7508102861710506 -1.8053982942085163 -2.9583197324588495 0.0 0.0 
l 1.2021008592589357 -3.2117705992875623 1.7507639148855556 -1.7552555177647018 -2.9410198759104746 0.0 0.0 
l 1.1982762481109164 -3.2125177414828268 1.7506400076040531 -1.6986742842469473 -2.924004020299216 0.0 0.0 
l 1.1937484808964314 -3.2133677644316214 1.7504048229176252 -1.6357089064555912 -2.9076122803243183 0.0 0.0 
l 1.1883906001723983 -3.2143302397588456 1.7500191163678662 1.5748961487607975 -2.8921922346150226 0.0 0.0 
l 1.1820721254517192 -3.215412621656046 1.7494397162492699 1.6492890846786996 -2.8780508512232847 0.0 0.0 
l 1.1746636813730709 -3.2166196537813514 1.7486218528501885 1.7280463933721455 -2.865479309206636 0.0 0.0 
l 1.1660428319225287 -3.217952863825799 1.7475223514384028 1.809837581470786 -2.854722635065108 0.0 0.0 
l 1.1561014627715571 -3.2194100822340057 1.7461034074434008 1.8930913699240193 -2.845963548370511 0.0 0.0 
l 1.1447538694235058 -3.220985273075953 1.7443367945066397 1.976126726728717 -2.8393254213540944 0.0 0.0 
l 1.1319461903538668 -3.2226685143621756 1.7422079724760937 2.0572960949634487 -2.834864169771814 0.0 0.0 
l 1.1176664890125074 -3.2244463410427735 1.739719805499828 2.1351222084287036 -2.832553341120277 0.0 0.0 
l 1.1019552050383359 -3.2263023553528756 1.7368952598827165 2.2084022427686856 -2.8322944752185952 0.0 0.0 
l 1.084914574513696 -3.2282182011703946 1.7337786635709076 2.2762508659598844 -2.8338954823224274 0.0 0.0 
l 1.0667168756451746 -3.230174614579471 1.7304352495001305 2.338108824020055 -2.8370803815403214 0.0 0.0 
l 1.0476084194068078 -3.232152688203061 1.7269487731889401 2.3937071776697594 -2.841497241156228 0.0 0.0 
l 1.0279086147728247 -3.2341349854021466 1.7234173780202133 2.4430232249426367 -2.846731029433153 0.0 0.0 
l 1.0079986822895093 -3.2361067977216154 1.7199475288202961 2.4862146408110397 -2.8523278026976886 0.0 0.0 
l 0.9883043405837552 -3.238056733501202 1.71664732071506 2.5235720230583394 -2.857840242954544 0.0 0.0 
l 0.9692690123717275 -3.239977084529285 1.7136193552014882 2.555474485028452 -2.862864190646637 0.0 0.0 
l 0.9513203135095977 -3.24186368237882 1.710953705028873 2.582349611000999 -2.8670768760217595 0.0 0.0 
l 0.9348353003885363 -3.2437153015133293 1.7087221051606825 2.6046411617296372 -2.8702656525889867 0.0 0.0 
l 0.9201090315737415 -3.2455326323966007 1.7069735588360553 2.6227857423864283 -2.8723427812127578 0.0 0.0 
l 0.9073322042108768 -3.247316954256721 1.7057318603249554 2.637191530176399 -2.873340322566706 0.0 0.0 
l 0.8965824848751798 -3.249068670754304 1.7049953913186198 2.64822195753748 -2.8733855815446314 0.0 0.0 
l 0.8878295207122384 -3.2507859152699092 1.704738798153684 2.656180028040856 -2.872670022422692 0.0 0.0 
l 0.8809530811814088 -3.252463339305579 1.7049165085204874 2.6612999276473572 -2.8714082082035546 0.0 0.0 
l 0.8757701352135934 -3.254091329660711 1.7054677071627862 2.6637381698919267 -2.8698066128288846 0.0 0.0 
l 0.8720649638573293 -3.25565562959245 1.7063218634979833 2.663577986070893 -2.8680295587597073 0.0 0.0 
l 0.8696186738818459 -0.11554509966274852 1.7074049977451446 2.660818255232396 -2.8661992920967796 0.0 0.0 
l 0.8682326680404705 -0.11692308134178617 1.7086451548784807 2.6553830281696245 -2.8643604085890493 0.0 0.0 
l 0.8677453092635201 -0.11817275492748952 1.709977319481766 2.647125310115412 -2.862508991937066 0.0 0.0 
l 0.8680396830296111 -0.11926918787343763 1.7113467037320642 2.635842624700293 -2.8605744345677637 0.0 0.0 
l 0.869044298114692 -0.120188499945964 1.7127109806468697 2.6212723004848986 -2.8584765977476176 0.0 0.0 
l 0.8707278746222092 -0.12090957066938428 1.7140409672574104 2.603112665866271 -2.856111569201909 0.0 0.0 
l 0.8730890454099106 -0.12141552245363647 1.7153196613208264 2.5810317115196706 -2.853381328893664 0.0 0.0 
l 0.8761454044240806 -0.1216949036141592 1.716540697773249 2.554682450502563 -2.8502136964812457 0.0 0.0 
l 0.879920020577785 -0.12174254650783375 1.7177056314292738 2.5237123457648702 -2.8465698334994816 0.0 0.0 
l 0.8844298291743153 -0.12156007474574193 1.7188213055330555 2.487790651479833 -2.8424523837330584 0.0 0.0 
l 0.8896749920318261 -0.12115590170555222 1.7198968949488755 2.446629156180623 -2.837910496105333 0.0 0.0 
l 0.8956322371972136 -0.12054481453491887 1.7209416468613556 2.4000144158344305 -2.833017240343092 0.0 0.0 
l 0.9022489150652325 -0.11974767959100623 1.7219630105495347 2.347852650956403 -2.8278916233137688 0.0 0.0 
l 0.9094443462120624 -0.11878992760013678 1.722965462907963 2.290219192543717 -2.822673256719718 0.0 0.0 
l 0.917109753642066 -0.11770079778227155 1.7239498063321659 2.227410293389761 -2.817508450345357 0.0 0.0 
l 0.9251142156324044 -0.11651209887553296 1.724913652070309 2.160001394883422 -2.8125559390462294 0.0 0.0 
l 0.9333148569597267 -0.11525639066148187 1.7258524111803766 2.0888683368084386 -2.8079664413932637 0.0 0.0 
l 0.9415597568814753 -0.11396632325081776 1.7267594162277478 2.0151860774418973 -2.8038859721463885 0.0 0.0 
l 0.9497030880598247 -0.11267284396557416 1.72762836458501 1.9403778620126295 -2.8004523935771815 0.0 0.0 
l 0.9576138291501495 -0.11140425045392947 1.7284548374380035 1.8660192150977262 -2.7977950006650807 0.0 0.0 
l 0.9651840569834048 -0.11018531968221061 1.7292377847813005 1.79371017505749 -2.7960338673764897 0.0 0.0 
l 0.9723355725355964 -0.10903667677582546 1.729980808154482 1.724943562740739 -2.795282660290633 0.0 0.0 
l 0.9790245761125242 -0.10797449040543923 1.7306932789192313 1.6609991220148441 -2.7956511932777737 0.0 0.0 
l 0.9852432474348574 -0.1070105251611942 1.7313909588475944 1.6028810741100694 -2.7972467908795067 0.0 0.0 
l 0.9910214824648228 -0.10615196351533024 1.732096360539575 -1.5902895699611959 -2.800175310619127 0.0 0.0 
l 0.9964244952923471 -0.10540182381991448 1.7328386139877658 -1.6348808305179372 -2.804542744340429 0.0 0.0 
l 1.0015463222838028 -0.10475927327577333 1.7336518042403233 -1.672259634517519 -2.810453990894305 0.0 0.0 
l 1.0065081479544868 -0.10421995833258292 1.7345750908437296 -1.7023683789166186 -2.8180107110980406 0.0 0.0 
l 1.0114478496320953 -0.10377636037781135 1.7356499024658953 -1.7252693746480208 -2.8273055811424475 0.0 0.0 
l 1.0165121565496107 -0.10341801724011827 1.736917906171331 -1.7411061547517594 -2.8384165041279714 0.0 0.0 
l 1.0218471258015212 -0.10313181361189101 1.7384185265853351 -1.7500783675642917 -2.8513969596011064 0.0 0.0 
l 1.0275869858910487 -0.10290255228571975 1.7401862526128005 -1.7524284753642811 -2.86626875133568 0.0 0.0 
l 1.0338442787364603 -0.10271334423067996 1.7422479080124869 -1.748439091711856 -2.88300828242435 0.0 0.0 
l 1.0407007233125274 -0.10254630395455422 1.7446202855524195 -1.7384391199342686 -2.9015420046511773 0.0 0.0 
l 1.0481986796329623 -0.10238352773913101 1.74730789490661 -1.722816302727745 -2.9217389871213335 0.0 0.0 
l 1.0563375090679228 -0.10220782880760437 1.7503015094164533 -1.7020300983480552 -2.943406617106772 0.0 0.0 
l 1.0650709812974322 -0.10200406134348972 1.7535774500747054 -1.6766257924381398 -2.966291186458213 0.0 0.0 
l 1.0743094744139428 -0.10176010608811491 1.7570976938589866 -1.6472436403328006 -2.990085483778603 0.0 0.0 
l 1.0839255796361122 -0.10146781286666685 1.7608110999174889 -1.614619998988936 -3.0144357159652526 0.0 0.0 
l 1.093761741235892 -0.10112368567428492 1.7646552152955424 -1.5795786961324991 -3.0389556003655125 0.0 0.0 
l 1.1036412540133043 -0.10072919049962684 1.7685594905960211 1.5985852161628769 -3.0632379715709854 0.0 0.0 
l 1.1133789652804147 -0.10029054995382132 1.7724484235857356 1.6357658236404506 -3.0868731689193964 0.0 0.0 
l 1.122791908721179 -0.0998182088111 1.7762452523188146 1.6726418967308405 -3.1094628411623613 0.0 0.0 
l 1.1317098814693287 -0.09932568791977733 1.7798757350219532 1.708348768486065 -3.130630775870682 0.0 0.0 
l 1.139982707975356 -0.09882835792447711 1.7832712529495285 1.7421075016964505 -0.008443234662081207 0.0 0.0 
l 1.1474880797973057 -0.09834163650406111 1.7863718884029323 1.773254749686352 -0.025786210212872678 0.0 0.0 
l 1.1541334146467515 -0.09787970257611446 1.7891278093524854 1.8012574558216932 -0.04081464019695165 0.0 0.0 
l 1.1598577843051556 -0.09745398726319912 1.7915001506218027 1.8257179403776347 -0.05332807755663004 0.0 0.0 
l 1.1646313274787448 -0.09707209461504787 1.7934610306806542 1.8463660138532927 -0.0631814971576075 0.0 0.0 
l 1.1684528434373833 -0.09673704375961578 1.7949925825087973 1.8630448491714162 -0.07028224627157535 0.0 0.0 
l 1.1713456445998545 -0.09644700395618008 1.7960852875245892 1.8756893990374586 -0.07459238534910362 0.0 0.0 
l 1.1733527468652787 -0.09619545756250555 1.7967361326771076 1.88430663405576 -0.07612582311362903 0.0 0.0 
l 1.1745313592673874 -0.0959716878729455 1.7969464646550055 1.8889532783394438 -0.0749452469114419 0.0 0.0 
l 1.1749480746245493 -0.09576154282722087 1.7967204623718087 1.8897194169779152 -0.07115604372968785 0.0 0.0 
l 1.1746741611095455 -0.09554840718481812 1.796063892874555 1.886714333864892 -0.06490229465874582 0.0 0.0 
l 1.173782050097771 -0.09531420481938023 1.7949835561848781 1.8800576141964687 -0.05635965472225723 0.0 0.0 
l 1.1723432895351595 -0.09504041750547275 1.7934876391044996 1.8698762142093284 -0.0457289149352069 0.0 0.0 
l 1.1704276295717226 -0.09470898597326086 1.7915864877405296 1.856305159593208 -0.03322910148708549 0.0 0.0 
l 1.1681034228789198 -0.09430316839633537 1.7892940543201097 1.8394945329370418 -0.019090473064380144 0.0 0.0 
l 1.1654388196192234 -0.09380832221323629 1.7866295680945181 1.819617806171096 -0.0035495793325930804 0.0 0.0 
l 1.162503211713935 -0.09321272802097195 1.7836193222837815 1.7968847909910135 -3.128436210308885 0.0 0.0 
l 1.1593689130831817 -0.09250806906427914 1.7802976786134226 1.7715479099874494 -3.110803407592588 0.0 0.0 
l 1.156112366077672 -0.09168997423335522 1.7767078241608474 1.7439116503403753 -3.0924809009002874 0.0 0.0 
l 1.152813977002307 -0.09075857804390332 1.7729017654793104 1.7143382929461048 -3.073703098003717 0.0 0.0 
l 1.149556850134379 -0.08971873097586847 1.7689390798113618 1.683243862259585 -3.054701915995706 0.0 0.0 
l 1.1464244918699196 -0.08858015168120471 1.7648852925721767 1.651093142418735 -3.0357069965005645 0.0 0.0 
l 1.143496778018913 -0.0873573203066877 1.760809261246572 1.6183862991540623 -3.0169443898785304 0.0 0.0 
l 1.1408454181679062 -3.2276617107214194 1.75678024045028 1.5856422759740958 -2.9986326277781434 0.0 0.0 
l 1.138527816483617 -3.22633062310128 1.7528645333029367 -1.5882139364794252 -2.980978643113707 0.0 0.0 
l 1.1365835255912222 -3.2249819960376587 1.7491227879216529 -1.6194983023378908 -2.964172611381392 0.0 0.0 
l 1.135030587494592 -3.2236426369699185 1.7456074707131861 -1.649340452624628 -2.9483779993585095 0.0 0.0 
l 1.1338628794648031 -3.2223395577750877 1.7423605889001885 -1.6773245296904917 -2.9337263336534174 0.0 0.0 
l 1.1330503375269125 -3.221098730272747 1.7394127197791973 -1.703086824387794 -2.920307036833654 0.0 0.0 
l 1.1325402033237837 -3.2199439967451533 1.7367824318485316 -1.7263142507674858 -2.908160931171613 0.0 0.0 
l 1.132262644516748 -3.218895752427237 1.734476595606487 -1.7467385614486064 -2.8972744694954975 0.0 0.0 
l 1.1321355269444666 -3.2179704820556414 1.7324915427665184 -1.7641248699197916 -2.887576790214551 0.0 0.0 
l 1.1320705909764492 -3.217180277189878 1.7308143320663885 -1.7782583344933114 -2.8789409875624994 0.0 0.0 
l 1.1319790930505726 -3.2165328370494457 1.7294244994322228 -1.7889295369737803 -2.8711886188271736 0.0 0.0 
l 1.1317761180443326 -3.2160318511394848 1.728295940213099 -1.795920075873128 -2.8640981001718955 0.0 0.0 
l 1.131383624727167 -3.215677546470667 1.7273986523194236 -1.7989899293701637 -2.857417081379433 0.0 0.0 
l 1.1307311117859244 -3.2154675817009 1.726700375839336 -1.7978674784600788 -2.850878474158867 0.0 0.0 
l 1.1297545657160537 -3.2153979935519725 1.7261678304388695 -1.7922428525391734 -2.8442190712196243 0.0 0.0 
l 1.128394687698924 -3.2154641364663843 1.7257678174894087 -1.7817652192306042 -2.8371970755406464 0.0 0.0 
l 1.126595446221467 -3.2156614146948845 1.7254681444660096 -1.7660448692800532 -2.8296102019167977 0.0 0.0 
l 1.1243022324055962 -3.2159858759915787 1.725238186850013 -1.744661604364433 -2.8213097326059184 0.0 0.0 
l 1.1214606819571373 -3.2164345760301987 1.7250492850008623 -1.7171816829753697 -2.8122124523485903 0.0 0.0 
l 1.1180176622077864 -3.2170055581912247 1.7248752146866506 -1.6831853318778471 -2.8023057575039574 0.0 0.0 
l 1.113923405595126 -3.217697552780933 1.7246925305061194 -1.642309006604535 -2.7916479105700596 0.0 0.0 
l 1.1091351241338423 -3.218509438880265 1.7244809911868355 -1.594304629528703 -2.780362586526491 0.0 0.0 
l 1.1036222340129556 -3.219439446454763 1.7242240597660508 1.602476231867593 -2.768631765706742 0.0 0.0 
l 1.0973714137096366 -3.2204843137954717 1.7239092210011786 1.6646233931121242 -2.7566787048146737 0.0 0.0 
l 1.0903928434931005 -3.221638347078097 1.7235285111176164 1.733138973963582 -2.7447555069087874 0.0 0.0 
l 1.0827236687868214 -3.2228928573022517 1.7230786856577964 1.8070066678380012 -2.7331288647892285 0.0 0.0 
l 1.074431915064562 -3.2242355264696085 1.7225613693748096 1.8847840907992508 -2.7220636341817586 0.0 0.0 
l 1.0656170913481304 -3.2256502424708042 1.721982841516123 1.9646828676480268 -2.7118080270339964 0.0 0.0 
l 1.05640792131307 -3.227117319937879 1.721353490075488 2.0447276127653664 -2.7025839332369843 0.0 0.0 
l 1.0469595024718696 -3.228613869488524 1.7206873478288347 2.1229640451070946 -2.6945763599297767 0.0 0.0 
l 1.0374445459447674 -3.2301147837631867 1.7200007006699043 2.197660644854107 -2.687923883629512 0.0 0.0 
l 1.0280459204134718 -3.2315937908243937 1.7193113254297225 2.2674565431555926 -2.682712785674417 0.0 0.0 
l 1.0189465184793254 -3.2330246775117693 1.7186371524742068 2.3314257393010687 -2.6789716288037866 0.0 0.0 
l 1.0103189151195144 -3.2343826419494874 1.7179951139360932 2.389063774018167 -2.6766689983721816 0.0 0.0 
l 1.0023158095345637 -3.235645558544785 1.7174001100882532 2.4402245430929486 -2.6757116571839057 0.0 0.0 
l 0.9950629567796204 -3.2367949787437698 1.716864337490689 2.48503435798767 -2.675945362249608 0.0 0.0 
l 0.9886521436164528 -3.2378171774183597 1.71639665685679 2.523804988925693 -2.6771633740226366 0.0 0.0 
l 0.9831385772593508 -3.23870356824567 1.7160023484889566 2.556961405369913 -2.6791178733238388 0.0 0.0 
l 0.9785404926131563 -3.239450878297703 1.715683171084129 2.584986609918337 -2.681533297023524 0.0 0.0 
l 0.9748407748323076 -3.2400610438995443 1.7154376187888527 2.608380469696923 -2.68413112280034 0.0 0.0 
l 0.971991309389526 -3.240540705407175 1.7152614372543635 2.627632481450683 -2.6866452700778702 0.0 0.0 
l 0.9699184102314011 -3.2409004412144773 1.7151481144492464 2.6432008144001977 -2.688847015180333 0.0 0.0 
l 0.9685299422126334 -3.24115378404669 1.7150896056383582 2.6554984202493275 -2.690560784899975 0.0 0.0 
l 0.9677222731681961 -3.2413160801724463 1.715076808227172 2.6648827199991074 -2.691672959650224 0.0 0.0 
l 0.9673887450063952 -3.2414031874334235 1.715100289652734 2.671646658523011 -2.6921403644984827 0.0 0.0 
l 0.9674268611509629 -3.2414302985823165 1.7151508150566037 2.6760124841550423 -2.6919873425270824 0.0 0.0 
l 0.9677454229956567 -3.241410716936844 1.7152197931465571 2.6781273166155737 -2.691305333588754 0.0 0.0 
l 0.9682706775235596 -3.2413548384307407 1.7152997131804317 2.6780613462405602 -2.690237623661503 0.0 0.0 
l 0.9689509979791621 -3.2412693744648253 1.7153844735128057 2.6758084348941384 -2.688972905325885 0.0 0.0 
l 0.9697596910111954 -3.24115683831429 1.7154695087503853 2.6712894625350176 -2.687731858685567 0.0 0.0 
l 0.9706965986443891 -3.241015345026903 1.715551990071195 2.664358337278965 -2.6867529876226217 0.0 0.0 
l 0.9717871364263316 -3.2408388427817094 1.7156308520015497 2.654811357339045 -2.6862736762991744 0.0 0.0 
l 0.9730790800253726 -3.240617662299594 1.7157065741008222 2.6423969255173922 -2.6865171613729184 0.0 0.0 
l 0.974637905296777 -3.240339410831873 1.7157810002317788 2.6268270749045493 -2.6876788478067937 0.0 0.0 
l 0.9765398725357881 -3.2399901644689066 1.715856881840807 2.607789744488572 -2.6899129663113186 0.0 0.0 
l 0.978864630036745 -3.239555826825203 1.715937505980391 2.5849625408164227 -2.6933222757844555 0.0 0.0 
l 0.9816865522061822 -3.239023538810221 1.7160260119724882 2.5580246956355177 -2.6979547276558606 0.0 0.0 
l 0.9850665113030126 -3.2383831719157152 1.716124988619773 2.5266713988739524 -2.7038065340367305 0.0 0.0 
l 0.9890447862515543 -3.2376284818076124 1.716235971300287 2.490629660156903 -2.710824250405704 0.0 0.0 
l 0.9936340937225294 -3.236758210884126 1.7163589686050251 2.4496748221778546 -2.7189169512812104 0.0 0.0 
l 0.9988159079969591 -3.2357766774332597 1.7164923284234466 2.40365306344182 -2.727963759295675 0.0 0.0 
l 1.0045403445006813 -3.2346937972148933 1.716632942846226 2.3525082961093924 -2.7378245805718247 0.0 0.0 
l 1.0107274086190758 -3.233524774214485 1.7167764387459972 2.2963115806693697 -2.748351917692954 0.0 0.0 
l 1.0172709675919425 -3.2322893842671423 1.7169176312269823 2.2352947687807934 -2.7593921341263177 0.0 0.0 
l 1.0240441777868075 -3.231011130621901 1.7170512394159945 2.1698815422994224 -2.770794978428097 0.0 0.0 
l 1.0309090930001674 -3.2297154735511544 1.7171724207396393 2.100709432544398 -2.782413217566974 0.0 0.0 
l 1.0377243780536731 -3.228428696983406 1.717277618277493 2.0286368700622885 -2.7941052067030356 0.0 0.0 
l 1.0443544076602878 -3.2271763472624264 1.7173650574593704 1.9547230685980597 -2.805736465975404 0.0 0.0 
l 1.0506766957981997 -3.2259820488212907 1.717435190230336 1.8801800649010643 -2.8171816399204683 0.0 0.0 
l 1.0565881081298574 -3.224866524851304 1.7174909715002762 1.80629996154142 -2.8283245479794457 0.0 0.0 
l 1.0620084324052939 -3.223846941702845 1.7175377141402213 1.7343644083557108 -2.839062049126216 0.0 0.0 
l 1.0668833940670783 -3.2229366872589305 1.717583458803219 1.665558881348308 -2.8493083465722577 0.0 0.0 
l 1.071183612148939 -3.22214544779969 1.7176384833030878 1.6009009566218966 -2.858997391630541 0.0 0.0 
l 1.0749037631209497 -3.221479463249698 1.7177152107234859 -1.6003946718659265 -2.8680882809201687 0.0 0.0 
l 1.0780588765521837 -3.2209423451512476 1.71782819593984 -1.6545592221401004 -2.8765703533518803 0.0 0.0 
l 1.080681894603605 -3.220535642678742 1.7179941605244529 -1.7028135406000138 -2.8844645906542885 0.0 0.0 
l 1.0828202557403257 -3.220259529206327 1.718231974889566 -1.7449688179722134 -2.891826060524611 0.0 0.0 
l 1.0845331391976125 -3.220113465796449 1.7185628963246946 -1.7809831466959447 -2.8987418483460186 0.0 0.0 
l 1.085890092130432 -3.220096481971874 1.7190106506918268 -1.810923809303233 -2.905327233954507 0.0 0.0 
l 1.0869690671713859 -3.220207408667956 1.7196012861076098 -1.8349345772474788 -2.911719097427739 0.0 0.0 
l 1.0878565533706221 -3.220444782097237 1.7203632353871556 -1.8532082760577557 -2.918067185235283 0.0 0.0 
l 1.0886490099877875 -3.2208060083666807 1.7213265719689728 -1.865966673981224 -2.924524468049084 0.0 0.0 
l 1.0894493882345881 -3.2212871639336216 1.7225218288942798 -1.8734471623116817 -2.9312356998844575 0.0 0.0 
l 1.0903685471853657 -3.2218817774623667 1.7239787974522718 -1.8758940243616609 -2.9383289629307225 0.0 0.0 
l 1.0915223255415507 -3.2225800511267306 1.725724717154974 -1.8735554910122738 -2.945904177877914 0.0 0.0 
l 1.093027836276101 -3.2233679901111993 1.7277820576187648 -1.866685628410155 -2.954032056617868 0.0 0.0 
l 1.0949978323305771 -3.22422692665781 1.7301662501038633 -1.8555480236150337 -2.962747245840089 0.0 0.0 
l 1.0975354095363912 -3.2251331658491114 1.7328835181808204 -1.840423643467923 -2.972049970183231 0.0 0.0 
l 1.1007264736792626 -3.2260582940957594 1.7359286446797784 -1.8216207772195614 -2.98190633647954 0.0 0.0 
l 1.1046326413254133 -3.2269700785710405 1.739283332044072 -1.7994857575611023 -2.9922537856804827 0.0 0.0 
l 1.109285420829691 -3.227833926031679 1.74291532274747 -1.774412879835677 -3.003004376743132 0.0 0.0 
l 1.1146815722739882 -3.228614884355678 1.7467782270727472 -1.7468542472066841 -3.0140517391078 0.0 0.0 
l 1.1207800166378248 -3.2292800939504933 1.7508121879977856 -1.7173238366937422 -3.0252745098580305 0.0 0.0 
l 1.1275027714285053 -3.2298012465464074 1.7549459490937327 -1.686397140723511 -3.036540611114872 0.0 0.0 
l 1.1347354347709566 -0.08856460248405582 1.7590992492677433 -1.6547032900956387 -3.047711181534685 0.0 0.0 
l 1.142331826099613 -0.08874356412204125 1.7631862145502675 -1.6229100604442588 -3.05864166859698 0.0 0.0 
l 1.1501198682068958 -0.08874406486652425 1.767119051089784 -1.5917029441835844 -3.0691834728949487 0.0 0.0 
l 1.1579095089389613 -0.08857546231906355 1.7708119391983341 1.5798334752860215 -3.079186064898238 0.0 0.0 
l 1.1655011000955129 -0.08825715867342696 1.7741845181055933 1.6078725326977517 -3.0884972112591065 0.0 0.0 
l 1.1726947421616134 -0.08781675628337501 1.7771648384594343 1.63342726466209 -3.0969652189900527 0.0 0.0 
l 1.1792993363729254 -0.08728745357747082 1.7796915876635953 1.656000926296732 -3.1044413360852285 0.0 0.0 
l 1.18514131164568 -0.0867048502173864 1.7817154715413355 1.6751957290022848 -3.110780557307838 0.0 0.0 
l 1.1900724915520724 -0.0861035136501094 1.783199722732063 1.690720483306483 -3.115847212908571 0.0 0.0 
l 1.1939766112698371 -0.08551383824433267 1.7841201880627526 1.7023924901495635 -3.119514886885666 0.0 0.0 
l 1.1967740516732222 -0.08495940303192165 1.7844648138514085 1.7101347269475495 -3.1216752239318732 0.0 0.0 
l 1.1984249547025894 -0.0844550953015328 1.78423297702627 1.7139676959660184 -3.122237126386362 0.0 0.0 
l 1.1989304085057837 -0.08400621770700988 1.7834348667254674 1.714000205966029 -3.1211323173177723 0.0 0.0 
l 1.1983315488832018 -0.08360858359033171 1.7820908266209778 1.7104181003626644 -3.118319204191798 0.0 0.0 
l 1.1967073671154795 -3.2248421274635666 1.7802309335097988 1.7034730792598165 -3.11378653485248 0.0 0.0 
l 1.1941705262239102 -3.2245020978270262 1.777894558008081 1.6934712917367343 -3.107556506427753 0.0 0.0 
l 1.190862401655733 -3.224157271966581 1.775130016345634 1.6807614071924435 -3.0996884902106125 0.0 0.0 
l 1.1869468978340318 -3.2237819644063643 1.771993978730837 1.6657246884095973 -3.0902807016299287 0.0 0.0 
l 1.182603529522149 -3.2233513176843895 1.7685505225998277 1.648762857771298 -3.079471873362154 0.0 0.0 
l 1.178020197601511 -3.2228437700999466 1.7648699984913414 1.6302886111936066 -3.0674411907909893 0.0 0.0 
l 1.1733859312884722 -3.2222429584431658 1.7610272479438571 1.610715075919247 -3.0544049906394433 0.0 0.0 
l 1.1688828953636068 -3.2215392080517664 1.7570994480486186 1.5904473449170131 -3.0406126008930996 0.0 0.0 
l 1.1646789950195933 -3.2207302268260536 1.7531635917208424 -1.5717196147787431 -3.0263382046246994 0.0 0.0 
l 1.1609208787078318 -3.219821131750349 1.7492938278430648 -1.5922371419837411 -3.0118716997861856 0.0 0.0 
l 1.1577273203408542 -3.218823910951562 1.7455587879945509 -1.6123661367929423 -2.997506151904838 0.0 0.0 
l 1.155184184979424 -3.217756225575836 1.7420190229164343 -1.6318097967423004 -2.9835257027726 0.0 0.0 
l 1.153340044028359 -3.216640104331918 1.738724977285764 -1.6503131167377398 -2.970194502424712 0.0 0.0 
l 1.152205482337086 -3.2155000626958175 1.735715431543719 -1.6676650632281491 -2.9577430321953226 0.0 0.0 
l 1.151752534789495 -3.2143617543015286 1.7330168203000123 -1.6837008222881897 -2.9463621580920054 0.0 0.0 
l 1.151919402750396 -3.2132500985557693 1.7306430601970717 -1.6983048417825923 -2.9361942851615965 0.0 0.0 
l 1.1526157085441673 -3.212188098189232 1.7285962547004774 -1.7114098677594212 -2.927332475960214 0.0 0.0 
l 1.1537302596538566 -3.211195781143942 1.7268678907958592 -1.7229965214437506 -2.9198199204357858 0.0 0.0 
l 1.155139714595454 -3.2102895434652288 1.7254405675078675 -1.7330908540535344 -2.9136543839502167 0.0 0.0 
l 1.156717925724551 -3.209481775130977 1.724290131129976 -1.7417585051001503 -2.90879214847758 0.0 0.0 
l 1.1583429777415342 -3.20878082294898 1.723387375985077 -1.7490998018373396 -2.9051547625978187 0.0 0.0 
l 1.1599046708231615 -3.208191207799999 1.7227005057920213 -1.7552408945884785 -2.902637903786837 0.0 0.0 
l 1.1613086306512805 -3.2077140425201756 1.7221968403347994 -1.7603255008496983 -2.90111666684948 0.0 0.0 
l 1.1624801038364336 -3.2073472873736617 1.72184429315428 -1.7645048965637455 -2.9004530966736937 0.0 0.0 
l 1.1633642533779271 -3.207086417240124 1.7216126266268454 -1.7679294145481754 -2.9005026903971345 0.0 0.0 
l 1.1639258493059448 -3.2069249421033272 1.7214743737328397 -1.770740474087451 -2.9011193641086424 0.0 0.0 
l 1.1641482072008498 -3.206854787195994 1.7214053060308399 -1.773063938332274 -2.9021609859478548 0.0 0.0 
l 1.1640306190853162 -3.206866819809983 1.7213847221365999 -1.775006445881014 -2.90349328837749 0.0 0.0 
l 1.1635861248801094 -3.2069511966744675 1.7213955085885018 -1.7766529053744293 -2.904993464910649 0.0 0.0 
l 1.1628385747109338 -3.2070976333561716 1.7214237311758553 -1.7780672150311168 -2.906553770027825 0.0 0.0 
l 1.1618190065873675 -3.2072959824221856 1.7214586209200937 -1.7792939049773502 -2.9080830244930236 0.0 0.0 
l 1.160566299196028 -3.2075359628925075 1.7214923316121653 -1.7803608984816237 -2.909509760603464 0.0 0.0 
l 1.1591217140199037 -3.2078078090551023 1.7215192556298198 -1.7812843975648116 -2.910782625270166 0.0 0.0 
l 1.1575284832436354 -3.208102233666355 1.7215358018522113 -1.7820726577840436 -2.9118724036530637 0.0 0.0 
l 1.1558301695644806 -3.2084105600931805 1.7215400295330385 -1.7827293969365203 -2.9127667124135534 0.0 0.0 
l 1.1540687639691485 -3.208724877007539 1.7215312084428585 -1.783257955975469 -2.9134723283422597 0.0 0.0 
l 1.1522838117444958 -3.209038091459158 1.7215095563024878 -1.7836634562709721 -2.9140101706653474 0.0 0.0 
l 1.1505111059873743 -3.2093440780158704 1.7214760108765306 -1.7839543777035278 -2.9144111415399103 0.0 0.0 
l 1.148782669616268 -3.209637615076665 1.7214320468536846 -1.7841430085077188 -2.9147128891849645 0.0 0.0 
l 1.1471255164604686 -3.2099144491686684 1.721379293215094 -1.7842458940897519 -2.9149548023453082 0.0 0.0 
l 1.145561963337617 -3.2101712836158565 1.7213196074938915 -1.7842821621484988 -2.915173079074823 0.0 0.0 
l 1.144109036125817 -3.210405806108149 1.7212548802129013 -1.7842732190359583 -2.915399293133054 0.0 0.0 
l 1.142779265634004 -3.2106165369023807 1.7211870059808068 -1.7842403321820925 -2.915656558158722 0.0 0.0 
l 1.1415806999483409 -3.210802815162938 1.7211178507007734 -1.7842035438954036 -2.9159580047949327 0.0 0.0 
l 1.1405173831571522 -3.210964678758254 1.7210491772191099 -1.7841796443387807 -2.9163075810392645 0.0 0.0 
l 1.1395898643870148 -3.2111027669363166 1.7209826365566485 -1.7841802649149543 -2.9166986886230717 0.0 0.0 
l 1.1387956449673724 -3.2112182037024253 1.720919696719384 -1.7842105570170057 -2.9171165454458863 0.0 0.0 
l 1.1381299550715238 -3.2113124200232415 1.7208615717745983 -1.7842689853010432 -2.9175403050759368 0.0 0.0 
l 1.1375859077290795 -3.2113871138710457 1.7208092035298599 -1.7843469661690925 -2.9179449038186824 0.0 0.0 
l 1.137155222645392 -3.2114440897215535 1.7207632078026884 -1.784429551714196 -2.918303691191279 0.0 0.0 
l 1.1368281712620012 -3.211485218090981 1.7207237731173652 -1.7844967212385576 -2.9185908531168665 0.0 0.0 
l 1.1365946993909863 -3.2115123051606917 1.7206908234838565 -1.7845247132368662 -2.9187828759402756 0.0 0.0 
l 1.1364440050335307 -3.2115271087198227 1.7206638915305497 -1.7844892199117282 -2.9188609767901426 0.0 0.0 
l 1.1363653606456299 -3.2115312547590866 1.720642261517129 -1.7843672679920923 -2.9188114419321964 0.0 0.0 
l 1.1363483834573476 -3.211526228538183 1.7206250553102198 -1.7841394788655764 -2.9186262142366566 0.0 0.0 
l 1.1363837039717652 -3.2115133093284287 1.7206113523420175 -1.7837916178068856 -2.918302417770019 0.0 0.0 
l 1.1364630986558315 -3.2114935745349196 1.720600249007767 -1.7833159115385895 -2.917841176081417 0.0 0.0 
l 1.1365796443299538 -3.211467923247969 1.7205909676023772 -1.78271169206899 -2.9172470504841517 0.0 0.0 
l 1.1367281175160249 -3.21143704238527 1.7205829385169604 -1.781984856160237 -2.916525973781606 0.0 0.0 
l 1.1369048972521334 -3.2114014241984647 1.720575799438647 -1.7811463240798011 -2.9156831624778605 0.0 0.0 
l 1.1371080067811263 -3.2113613673079278 1.7205694134876666 -1.7802110212403641 -2.914722917887394 0.0 0.0 
l 1.1373362645322018 -3.2113170966801374 1.720563795197362 -1.7791964750058336 -2.913647472103217 0.0 0.0 
l 1.1375892076480973 -3.2112687677294334 1.7205590897623761 -1.7781206913333927 -2.9124567613645826 0.0 0.0 
l 1.1378663306540386 -3.211216573459355 1.7205555060434043 -1.7770011437048727 -2.9111494741058648 0.0 0.0 
l 1.1381666977292328 -3.211160782321919 1.7205532472281484 -1.7758539344916677 -2.909724040132685 0.0 0.0 
l 1.1384881881023947 -3.2111018636469266 1.7205524856491596 -1.7746927268551753 -2.9081807731570666 0.0 0.0 
l 1.1388275271799375 -3.2110404716710046 1.7205533415391483 -1.7735296022789242 -2.9065236882914878 0.0 0.0 
l 1.1391796115547004 -3.2109775540269276 1.7205558529557843 -1.772375174807061 -2.904762335222201 0.0 0.0 
l 1.1395374924903094 -3.2109143823723674 1.7205600355095936 -1.7712394083825327 -2.9029141909466727 0.0 0.0 
l 1.1398931636901224 -3.2108524701799537 1.7205660137973018 -1.7701314051007342 -2.9010052994991016 0.0 0.0 
l 1.1402374942691373 -3.210793526146592 1.7205738964338722 -1.769060599524671 -2.8990693757027546 0.0 0.0 
l 1.1405608077386578 -3.2107394458266807 1.7205839833419154 -1.7680359666324386 -2.897145748570172 0.0 0.0 
l 1.1408531010350065 -3.2106922150500634 1.720596644031604 -1.7670665048562757 -2.895278073933787 0.0 0.0 
l 1.1411050398726172 -3.2106538065676133 1.7206124825352511 -1.7661596704629117 -2.8935102283069756 0.0 0.0 
l 1.1413085499265294 -3.2106260529484154 1.7206322934884932 -1.76532052476223 -2.8918828531694007 0.0 0.0 
l 1.1414567491791943 -3.210610615459464 1.7206569663820184 -1.7645511343956102 -2.890430927096465 0.0 0.0 
l 1.141545072922474 -3.2106088442428287 1.7206876213289768 -1.7638481940010573 -2.8891782687343897 0.0 0.0 
l 1.1415714251747477 -3.2106217173268603 1.7207255346300094 -1.7632023776031391 -2.8881356368492965 0.0 0.0 
l 1.141536395308138 -3.2106497718546154 1.72077207372064 -1.7625977488590587 -2.8873000078083284 0.0 0.0 
l 1.14144366158404 -3.2106930627525667 1.720828765353529 -1.7620107689084603 -2.8866526466544142 0.0 0.0 
l 1.1413001583127307 -3.2107511544012834 1.7208973442959894 -1.7614109589028295 -2.8861601869915394 0.0 0.0 
l 1.1411153444487867 -3.210823202993206 1.7209796476851005 -1.760761554239544 -2.8857769030920757 0.0 0.0 
l 1.1409012774710758 -3.2109080008788036 1.7210777440284497 -1.760020705685026 -2.88544793197214 0.0 0.0 
l 1.1406717777182198 -3.21100409316819 1.72119386346828 -1.759143928435217 -2.8851134666888365 0.0 0.0 
l 1.1404415712500666 -3.2111099581852574 1.7213304569892967 -1.7580868617079806 -2.8847130662391534 0.0 0.0 
l 1.1402253728216636 -3.2112240963644334 1.7214900359657188 -1.756807812442685 -2.884190961859091 0.0 0.0 
l 1.1400363788533319 -3.2113452566032357 1.7216750738407212 -1.755271218069534 -2.8834989537635436 0.0 0.0 
l 1.1398857703783567 -3.2114724472589105 1.721887839691954 -1.7534508580030408 -2.882601554445192 0.0 0.0 
l 1.1397811400367155 -3.211605101155729 1.7221301362841237 -1.7513324210521444 -2.881478541129299 0.0 0.0 
l 1.1397264057897936 -3.2117429751709587 1.7224030481933 -1.7489162295792267 -2.88012651528627 0.0 0.0 
l 1.1397213662065018 -3.2118860943886594 1.722706639864602 -1.7462185176708547 -2.8785591289412538 0.0 0.0 
l 1.1397619823150897 -3.212034568925998 1.7230396617610817 -1.7432715740093625 -2.8768064604218293 0.0 0.0 
l 1.1398407994128668 -3.212188378187195 1.7233992381137981 -1.7401236633026582 -2.874911915171898 0.0 0.0 
l 1.1399482893440254 -3.21234707117104 1.7237807377148955 -1.7368367425916282 -2.8729289793986683 0.0 0.0 
l 1.140073812418794 -3.2125095600205635 1.7241776968528766 -1.7334840828661344 -2.8709165242937704 0.0 0.0 
l 1.140206413525227 -3.2126739704621956 1.7245818027718784 -1.7301468195961098 -2.868935084314275 0.0 0.0 
l 1.1403364475230622 -3.2128374936449267 1.724983218815106 -1.7269099462793638 -2.8670425608107486 0.0 0.0 
l 1.140456192237627 -3.2129963864185087 1.7253708347433805 -1.7238586696251468 -2.8652908286717085 0.0 0.0 
l 1.1405604586846616 -3.213146124708419 1.7257328512293864 -1.7210743856328035 -2.863723759360165 0.0 0.0 
l 1.1406462731161964 -3.2132817111264655 1.7260573265619072 -1.7186318199989057 -2.862376073141182 0.0 0.0 
l 1.140712769889082 -3.213398019355444 1.7263328861589486 -1.7165961109438859 -2.8612737224447597 0.0 0.0 
l 1.1407605329223092 -3.213490231874086 1.7265494064975482 -1.7150211343569817 -2.8604345777354414 0.0 0.0 
l 1.1407911647990794 -3.213554216210273 1.7266986538878244 -1.713948112395344 -2.8598699989570266 0.0 0.0 
