l 0.9571582949512044 0.6014959075555039 -2.3432427735110086 -2.114029425886802 -2.4031627000558444 0.0 0.0 
l 0.9574675403735594 0.6009626047519344 -2.342999682538278 -2.1117232972019515 -2.4012048344662222 0.0 0.0 
l 0.9579044039085223 0.6001900140944116 -2.3426354050186715 -2.108356777557659 -2.3983496681217256 0.0 0.0 
l 0.958439297820353 0.5992083441643026 -2.342150590952847 -2.104042122877 -2.3946948311362735 0.0 0.0 
l 0.9590371945657057 0.5980538658419113 -2.341546574433031 -2.098930787423293 -2.3903613527392755 0.0 0.0 
l 0.9596604739124663 0.5967663612420698 -2.340825707590517 -2.093215010162779 -2.3854977261722574 0.0 0.0 
l 0.960271885524662 0.5953862349900804 -2.339991452966594 -2.0871218043756485 -2.3802701158733255 0.0 0.0 
l 0.9608377049871599 0.5939516486097538 -2.339048697242914 -2.0809041433646835 -2.374854953580445 0.0 0.0 
l 0.9613308869314109 0.5924960624263502 -2.338004485564456 -2.074841515523055 -2.3694329573623585 0.0 0.0 
l 0.9617314454087512 0.5910476298828238 -2.3368677838790908 -2.069213139896081 -2.3641789182461297 0.0 0.0 
l 0.962028900992781 0.5896272370557004 -2.3356499624401623 -2.0642887430140933 -2.3592504675178194 0.0 0.0 
l 0.9622219657054082 0.5882492653976924 -2.3343652600605016 -2.060311208292137 -2.354782014969097 0.0 0.0 
l 0.9623168054981904 0.5869227228153705 -2.3330301246712737 -2.05747216749819 -2.35087407421147 0.0 0.0 
l 0.9623258073798631 0.58565243427883 -2.331663153714564 -2.0559032906686916 -2.3475894596916476 0.0 0.0 
l 0.9622655054152883 0.5844412919586743 -2.3302852913792576 -2.055668607723919 -2.344951905574762 0.0 0.0 
l 0.9621552904028379 0.5832907625820589 -2.328918980439699 -2.056759872394886 -2.3429407159914364 0.0 0.0 
l 0.9620138545940744 0.582203621249091 -2.327587329377052 -2.0591043270168443 -2.3415015437359514 0.0 0.0 
l 0.9618575168901163 0.5811850330448382 -2.3263135051354586 -2.062580429171929 -2.34054978806955 0.0 0.0 
l 0.9616982584796939 0.5802433694027086 -2.3251195393124546 -2.0670309799052102 -2.339978236605049 0.0 0.0 
l 0.9615370098538045 0.579394785137684 -2.324024188120113 -2.072264638093319 -2.3396652701074903 0.0 0.0 
l 0.9613738043970255 0.5786535104451348 -2.323043179045863 -2.078106767215761 -2.3394860712031362 0.0 0.0 
l 0.9611973153444532 0.5780400490628181 -2.3221870119828933 -2.0843797317880224 -2.3393165330963503 0.0 0.0 
l 0.9609869192278243 0.57757840439661 -2.321460138835866 -2.0909258530199617 -2.339043453468554 0.0 0.0 
l 0.9607144457199153 0.5772944055528617 -2.320860989409247 -2.0976191170695584 -2.3385700403211525 0.0 0.0 
l 0.9603444293671932 0.5772145558366558 -2.3203809659070407 -2.104359400653202 -2.337822370190902 0.0 0.0 
l 0.9598340848995421 0.5773664577553029 -2.3200048641100026 -2.1110684110097466 -2.336748931355225 0.0 0.0 
l 0.959137369198739 0.5777759820058419 -2.3197120891554395 -2.117691017297587 -2.335324320274924 0.0 0.0 
l 0.9582033747075781 0.5784683953383586 -2.3194761849291003 -2.124187797696705 -2.333552649532937 0.0 0.0 
l 0.9569800965915783 0.5794664742680149 -2.3192668011591753 -2.1305289988502243 -2.3314630800879232 0.0 0.0 
l 0.9554144784577107 0.5807909300226521 -2.319050254083579 -2.136681390676908 -2.3291038023983557 0.0 0.0 
l 0.9534554503494097 0.5824596619978581 -2.318792001149526 -2.1426267364306293 -2.326554064654913 0.0 0.0 
l 0.9510555072374993 0.5844872650172649 -2.3184578546201657 -2.1483394465602634 -2.3239030019581732 0.0 0.0 
l 0.9481731590851848 0.5868846329436864 -2.3180162167343705 -2.153795478317284 -2.321249560758571 0.0 0.0 
l 0.9447752400658143 0.5896578779903 -2.317439400671063 -2.158973254763857 -2.3186956924505986 0.0 0.0 
l 0.9408406710514615 0.5928071515391474 -2.3167063311704563 -2.1638617115579133 -2.3163354761585353 0.0 0.0 
l 0.9363625436330467 0.5963256843237373 -2.3158036513698614 -2.1684658664908003 -2.314252680419908 0.0 0.0 
l 0.9313527793564159 0.6001960774929739 -2.314726504071956 -2.1728014529228963 -2.3125106910529074 0.0 0.0 
l 0.9258425503352159 0.604391841679978 -2.3134804459990312 -2.1769147211367272 -2.3111501736252906 0.0 0.0 
l 0.9198865694250697 0.6088731050306954 -2.312081092140048 -2.1808778125312935 -2.3101876442801954 0.0 0.0 
l 0.913563055467166 0.6135866398420359 -2.310553863740167 -2.1847848478581167 -2.3096148792062516 0.0 0.0 
l 0.9069726197890804 0.618466154517684 -2.3089329272301926 -2.188745264708053 -2.309400854240487 0.0 0.0 
l 0.9002366307817692 0.6234324395435099 -2.307259513028615 -2.192881404959558 -2.309498543841478 0.0 0.0 
l 0.8934896570927453 0.6283980268960153 -2.305579026836546 -2.1973099857939364 -2.3098524777035276 0.0 0.0 
l 0.8868725562199126 0.6332711360581414 -2.303938196944796 -2.2021357095700234 -2.310400570421836 0.0 0.0 
l 0.8805254008989438 0.6379596130542182 -2.3023821501899233 -2.2074322454649655 -2.3110876901662136 0.0 0.0 
l 0.8745751708107906 0.6423793519853179 -2.3009509064065927 -2.2132296456604914 -2.311866569083231 0.0 0.0 
l 0.8691293815213319 0.6464576845294487 -2.2996766661632493 -2.219512138714948 -2.3127043428149037 0.0 0.0 
l 0.864267886837129 0.6501395968382825 -2.2985821438752225 -2.2262127213180163 -2.313582123868486 0.0 0.0 
l 0.8600433760164118 0.6533846295210145 -2.2976779742761773 -2.2332117040159414 -2.3144958348727123 0.0 0.0 
l 0.8564720882216043 0.6561774480143767 -2.29696430512205 -2.240341554515613 -2.315456529984218 0.0 0.0 
l 0.853536978486 0.6585229486465224 -2.29642890870328 -2.247399411414738 -2.3164845861311987 0.0 0.0 
l 0.8511946325116829 0.6604421947029233 -2.2960498907408105 -2.2541605235504134 -2.317611552858561 0.0 0.0 
l 0.849378270302325 0.6619714369700407 -2.2957976270356926 -2.2603926552754734 -2.318875508343681 0.0 0.0 
l 0.8480081984314616 0.6631554056891485 -2.29563829427297 -2.2658708002966685 -2.320318078286749 0.0 0.0 
l 0.846997788455607 0.6640445925518154 -2.2955370251316554 -2.2703933430338346 -2.3219836000548617 0.0 0.0 
l 0.8462624324832244 0.6646893839955266 -2.295460839464504 -2.2737889988681106 -2.3239143954341412 0.0 0.0 
l 0.8457263512972472 0.6651368998602424 -2.295382212223208 -2.275935138986833 -2.3261523329918825 0.0 0.0 
l 0.8453290508635419 0.6654272128285835 -2.2952816674060625 -2.276753930627755 -2.328731217884752 0.0 0.0 
l 0.8450274624723377 0.6655928173380561 -2.295149382272307 -2.2762244197836186 -2.331678130503888 0.0 0.0 
l 0.8447982433761575 0.6656578018515728 -2.294986648092756 -2.2743729814188685 -2.3350087352012645 0.0 0.0 
l 0.8446350028753278 0.6656388412837094 -2.2948041147805442 -2.2712739705905207 -2.338725774513388 0.0 0.0 
l 0.8445463032844027 0.6655461060718708 -2.294620722676708 -2.267037348445892 -2.342820953240443 0.0 0.0 
l 0.8445546270063394 0.6653832004028742 -2.2944626074687653 -2.2617960597789253 -2.3472669759952955 0.0 0.0 
l 0.8446916196058243 0.6651478453598872 -2.294359046848482 -2.25570042475635 -2.35202581373937 0.0 0.0 
l 0.8449944000381939 0.6648323444709215 -2.2943392565678407 -2.2488987608166013 -2.3570491858249523 0.0 0.0 
l 0.8455047606240089 0.6644227439154983 -2.294430745445912 -2.2415234731087397 -2.3622801355567478 0.0 0.0 
l 0.8462686705136433 0.6638970632060502 -2.2946570264748196 -2.2336888442903344 -2.3676585273009394 0.0 0.0 
l 0.8473349008126306 0.6632257498942038 -2.295036723151694 -2.225475021150924 -2.3731250098547623 0.0 0.0 
l 0.84875383649156 0.6623700763849256 -2.2955807542479416 -2.216926017205733 -2.3786242279702265 0.0 0.0 
l 0.850582141634234 0.6612822882052075 -2.296297158729081 -2.2080547171825877 -2.384107237638271 0.0 0.0 
l 0.8528773906546309 0.6599074099043549 -2.2971875754086546 -2.198842779073428 -2.3895351725677565 0.0 0.0 
l 0.8556977093932131 0.6581854036971906 -2.29824908704118 -2.189245303346545 -2.3948772400681047 0.0 0.0 
l 0.8590967170782623 0.6560565281229241 -2.299474633931653 -2.1792027213386658 -2.4001152073459013 0.0 0.0 
l 0.8631194353889207 0.6534652634536815 -2.3008529235593973 -2.1686518514912687 -2.405237029201622 0.0 0.0 
l 0.8677946673896737 0.6503669336897479 -2.3023675596568802 -2.157537388422378 -2.4102389311335854 0.0 0.0 
l 0.873129308263609 0.646733475657918 -2.3039972287434076 -2.1458222038049035 -2.415123243395571 0.0 0.0 
l 0.8791033552602211 0.6425574084797749 -2.30571472312317 -2.133520240532526 -2.4198941853760974 0.0 0.0 
l 0.8856570866589488 0.6378634077584685 -2.3074858861492658 -2.1206501731808762 -2.4245587628081107 0.0 0.0 
l 0.892700332361588 0.6327010368149996 -2.309271352735051 -2.1073067123490548 -2.429122942108104 0.0 0.0 
l 0.9001088487971421 0.6271491750030476 -2.3110273297301935 -2.093631098775309 -2.4335906053990537 0.0 0.0 
l 0.907728976952682 0.6213134664956516 -2.312707512532041 -2.0798055306874694 -2.437956603378537 0.0 0.0 
l 0.9153878345141852 0.6153204843987073 -2.314267253090413 -2.06605681196989 -2.4422096560404802 0.0 0.0 
l 0.9229046485868817 0.6093093674800937 -2.3156663405891584 -2.0526459460101716 -2.4463268689317252 0.0 0.0 
l 0.9301001196820035 0.6034251549131403 -2.31687167014724 -2.0398432495539933 -2.450271689140619 0.0 0.0 
l 0.9368130008258773 0.5978063910448966 -2.317861457527027 -2.0279164850099702 -2.45399229067253 0.0 0.0 
l 0.9429078528821268 0.5925775917212807 -2.3186256001141023 -2.0171074761990666 -2.4574194945903063 0.0 0.0 
l 0.9482853602134913 0.587840244168189 -2.3191671787528643 -2.00762396019448 -2.460473723673573 0.0 0.0 
l 0.9528864328704506 0.5836669901163168 -2.3195008346467327 -1.999606927061864 -2.4630585738418906 0.0 0.0 
l 0.9566949326140737 0.5800972193907802 -2.319651086602269 -1.9931355931137724 -2.465070461192483 0.0 0.0 
l 0.9597366668387284 0.5771349434602552 -2.3196490147828515 -1.9882132822307137 -2.4664065559539368 0.0 0.0 
l 0.9620751532119322 0.5747496815036963 -2.3195286423772856 -1.9847722267868881 -2.4669705537007802 0.0 0.0 
l 0.9638036856692074 0.5728801716325255 -2.319322371068734 -1.9826785815388046 -2.4666824950796338 0.0 0.0 
l 0.965038774304077 0.5714377912085866 -2.3190575270076854 -1.981735471194909 -2.4654804176410012 0.0 0.0 
l 0.965908776141844 0.5703154337392886 -2.3187537958121895 -1.981706945700524 -2.4633318155412027 0.0 0.0 
l 0.9665463187738588 0.5693915636229908 -2.3184194748104656 -1.9823233861204952 -2.460237266630752 0.0 0.0 
l 0.9670775777557198 0.5685407329573902 -2.318051514081315 -1.9832942288220872 -2.4562225778662365 0.0 0.0 
l 0.9676146885340416 0.5676412992802818 -2.317635864051875 -1.9843336643551195 -2.4513445685277175 0.0 0.0 
l 0.9682533797252822 0.5665801410482498 -2.317150090854785 -1.9851626307832002 -2.445683592098447 0.0 0.0 
l 0.9690671847989879 0.5652604117209632 -2.3165656598949855 -1.9855209421843742 -2.439335521561004 0.0 0.0 
l 0.97010728886518 0.5636049925935612 -2.315851485963002 -1.985181696386305 -2.4324026004345587 0.0 0.0 
l 0.9714025849131162 0.5615593783313332 -2.3149770858940997 -1.9839546542088093 -2.424992752858477 0.0 0.0 
l 0.9729608158117519 0.5590933679856301 -2.313915613567831 -1.9816914184765713 -2.417207819268289 0.0 0.0 
l 0.9747745819121143 0.5561974598278292 -2.3126463100005044 -1.9782932893715266 -2.4091422720430957 0.0 0.0 
l 0.9768209652644346 0.5528839427665195 -2.311155397276499 -1.9737249371791585 -2.4008826434662414 0.0 0.0 
l 0.979066370285334 0.5491817072505839 -2.3094356761318444 -1.9680126009228291 -2.392507629217355 0.0 0.0 
l 0.9814659400348374 0.5451367808420224 -2.307486739529342 -1.9612559124773805 -2.3840841755099373 0.0 0.0 
l 0.9839746685744745 0.5407986261126247 -2.305311862964351 -1.953629814275711 -2.3756803583271004 0.0 0.0 
l 0.9865427369369716 0.536224541462835 -2.302918147257367 -1.9453819451980645 -2.3673635630737735 0.0 0.0 
l 0.989116639585044 0.5314772569238505 -2.30031530530242 -1.93682698435787 -2.359203055307267 0.0 0.0 
l 0.9916402702405643 0.5266172113887211 -2.2975082996919225 -1.9283430657165626 -2.351270693875265 0.0 0.0 
l 0.9940561654164333 0.5217058224837661 -2.294502546892045 -1.920368383741899 -2.3436495306637593 0.0 0.0 
l 0.9963085329304 0.5168012429261419 -2.291302512645096 -1.9133580899801421 -2.3364251196470396 0.0 0.0 
l 0.9983425388701155 0.5119612669228428 -2.2879144054303384 -1.907785199414467 -2.329693972867272 0.0 0.0 
l 1.000106479168728 0.5072411990400599 -2.284346219953689 -1.9040996362602722 -2.3235568063023164 0.0 0.0 
l 1.001557328677107 0.5026939155240602 -2.2806139399624694 -1.9027202234281049 -2.3181218235330863 0.0 0.0 
l 1.0026661383940132 0.49836825766268733 -2.276745574119741 -1.9040001922215248 -2.3135017165298315 0.0 0.0 
l 1.0034249349993598 0.49430935716850277 -2.2727889558840504 -1.9081977372041294 -2.3097968173620735 0.0 0.0 
l 1.0038550741775059 0.4905571043936702 -2.2688187633550028 -1.9154641795844345 -2.3071128070050313 0.0 0.0 
l 1.00401670075315 0.48714379186565326 -2.2649434932831705 -1.9258268603372366 -2.3055454408387797 0.0 0.0 
l 1.0040152824822646 0.48409458733000016 -2.261312361669951 -1.9391788099418894 -2.305185765676394 0.0 0.0 
l 1.0040105885854254 0.4814250875390748 -2.258121313309948 -1.955266524116979 -2.30610908171228 0.0 0.0 
l 1.0042200453038004 0.4791425684798335 -2.255617566685147 -1.973693847733976 -2.3083899482892307 0.0 0.0 
l 1.0049179527181245 0.4772447511954073 -2.2540975217659844 -1.9939295414530571 -2.312105957965631 0.0 0.0 
l 1.0064300896202572 0.4757238964785287 -2.2539075598944045 -2.0153381898115486 -2.3173283969971674 0.0 0.0 
l 1.0091198017687484 0.4745647752976094 -2.255430484449441 -2.0371960322131484 -2.324145589773861 0.0 0.0 
l 1.0133689017439766 0.4737487779523781 -2.2590762914892197 -2.058723530035949 -2.332661010890676 0.0 0.0 
l 1.0195471911590834 0.47325681669601155 -2.2652614778871736 -2.0791204531544127 -2.3430086237052077 0.0 0.0 
l 1.0279878784811594 0.47307011281561345 -2.2743933982782174 -2.097598971883666 -2.355356017350392 0.0 0.0 
l 1.0389547156658816 0.4731723196333007 -2.2868463107639334 -2.1134228135980795 -2.3699187756300386 0.0 0.0 
l 1.052618629066609 0.4735501186730955 -2.302942353396387 -2.1259298655705647 -2.386967303635636 0.0 0.0 
l 1.069041152293963 0.4741951643615727 -2.3229353715911234 -2.1345656204707533 -2.406824386533784 0.0 0.0 
l 1.0881682260593797 0.4751063855195086 -2.346998350270783 -2.1389021915071043 -2.429893757045926 0.0 0.0 
l 1.109841675831481 0.4762883236785916 -2.3752175341070534 -2.1386670786336737 -2.4566330903052656 0.0 0.0 
l 1.133816692368928 0.4777541105957037 -2.407591849726635 -2.1337549936383002 -2.4875789834911632 0.0 0.0 
l 1.1597898694516113 0.4795250299413629 -2.4440363265491354 -2.12427896238086 -2.523315222925721 0.0 0.0 
l 1.1874278469339532 0.4816344616549791 -2.4843908373844794 -2.110534517089425 -2.564459926640139 0.0 0.0 
l 1.2163975042769613 0.48412943219086896 -2.5284307920940745 -2.0930445068618377 -2.6116129443940297 0.0 0.0 
l 1.2463898443790558 0.4870753847998726 -2.575878631721772 -2.0725422134267335 -2.6652968985071404 0.0 0.0 
l 1.2771363914061469 0.49056543076447157 -2.6264149698615276 -2.0499270670041083 -2.7258574515098015 0.0 0.0 
l 1.3084186583515205 0.49473681866830843 -2.6796888698096133 -2.0262264062621202 -2.793329805951566 0.0 0.0 
l 1.340069792414753 0.49980299158235314 -2.7353249477774857 -2.002516903920055 -2.867320579077139 0.0 0.0 
l 1.3719696716187295 0.5061225417100988 -2.7929288229055573 -1.979841188705796 -2.946888359119499 0.0 0.0 
l 1.4040354342677188 0.5143546261784063 -2.852089819903022 -1.9591346276800905 -3.03055242389009 0.0 0.0 
l 1.4362071959506153 0.5258647279289547 -2.9123823359692382 -1.9411541026151116 -3.116363866725365 0.0 0.0 
l 1.468432829598262 0.5439777822288798 -2.9733662485758146 -1.9264433643244068 -0.060551185706436736 0.0 0.0 
l 1.5006491252034766 0.5792671629056636 -3.034587906254601 -1.9153084895146852 -0.144179545289852 0.0 0.0 
l 1.5327675313789417 0.6906041287278814 -3.095582871828341 -1.9078274848878813 -0.22386043072310813 0.0 0.0 
l 1.5646593166029834 -0.40567633274805115 -0.014287925662737592 -1.9038675568187882 -0.2982999188170897 0.0 0.0 
l -1.5454467290458223 0.33197291418385244 -0.07341804235777379 -1.9031151889951106 -0.3667474255811565 0.0 0.0 
l -1.5145991420631126 0.4037678521347228 -0.13092035942742966 -1.9051188633028484 -0.4289191191827572 0.0 0.0 
l -1.4846758400064004 0.4294067429293981 -0.18635447649737086 -1.9093176131730472 -0.4848922315565974 0.0 0.0 
l -1.4560058898859811 0.4414505462945259 -0.2393120550491541 -1.9150783104441533 -0.5349661756483028 0.0 0.0 
l -1.4289435842136433 0.4471745868644146 -0.2894266160301965 -1.9217374501206583 -0.5795530211358614 0.0 0.0 
l -1.4038448108925154 0.4490915330269304 -0.33638430500136507 -1.9286245442056544 -0.6190997580904649 0.0 0.0 
l -1.3810432680916984 0.4483015412922686 -0.3799308440136625 -1.9351060818825236 -0.6540290356689773 0.0 0.0 
l -1.3608193593965874 0.445392911540342 -0.41987965502310504 -1.9406077765131395 -0.6847253913922612 0.0 0.0 
l -1.3433771813287978 0.440751348696408 -0.45611177678561987 -1.9446504026705558 -0.7115151695646751 0.0 0.0 
l -1.32882726484719 0.4346835815134181 -0.4885762617967674 -1.9468644609277546 -0.7346833207794348 0.0 0.0 
l -1.3171684461823543 0.4274797849390229 -0.5172938567991694 -1.9470231388593335 -0.754471822595017 0.0 0.0 
l -1.3082899671016732 0.4194318861184313 -0.542350401442931 -1.9450476718813836 -0.7710954447443752 0.0 0.0 
l -1.301978865196913 0.4108408277731632 -0.5638902573527969 -1.940995094852114 -0.7847669687518619 0.0 0.0 
l -1.2979379251362322 0.40200999643370416 -0.5821093238103412 -1.9350628755843386 -0.7957034913692206 0.0 0.0 
l -1.2958117353021437 0.39323248849834597 -0.5972454166618109 -1.927548802572367 -0.8041466296672417 0.0 0.0 
l -1.2952192641623221 0.38477360037170427 -0.609566213539138 -1.9188249758305442 -0.8103722121391845 0.0 0.0 
l -1.2957856824840495 0.3768543844022642 -0.6193577554617617 -1.9092779658513286 -0.8147032040990412 0.0 0.0 
l -1.297172735003762 0.3696362244812315 -0.6269118455242273 -1.8992831289915708 -0.8175121279502796 0.0 0.0 
l -1.2991058834036031 0.363206826679851 -0.6325127558366308 -1.8891362840474213 -0.8192210669469427 0.0 0.0 
l -1.3013861251809358 0.35757818000451136 -0.6364290388775171 -1.8790208474155166 -0.8203073287450361 0.0 0.0 
l -1.3038985009994877 0.3526855764663452 -0.638903709927078 -1.869003595838775 -0.8212771720999672 0.0 0.0 
l -1.30660735483337 0.3483971504934669 -0.6401485819909584 -1.8590014910235402 -0.8226697416692312 0.0 0.0 
l -1.3095487137292228 0.3445245077030279 -0.6403387052287828 -1.8487952485213404 -0.8250307915169292 0.0 0.0 
l -1.312812930049083 0.34084060408425937 -0.6396124138383695 -1.838028841449219 -0.8289025741209834 0.0 0.0 
l -1.3165260543675215 0.33709858499670614 -0.638071719049716 -1.826233330687041 -0.8348083195690459 0.0 0.0 
l -1.320826030762308 0.3330531270627211 -0.6357893520358796 -1.8128548163068836 -0.8432358603702323 0.0 0.0 
l -1.3258436609149706 0.32847768949274103 -0.6328140131450529 -1.7972626205205502 -0.8546367866035166 0.0 0.0 
l -1.331682926890694 0.3231808968874523 -0.6291800780352977 -1.7787606913288305 -0.86942840078487 0.0 0.0 
l -1.3384011546380665 0.31702413437669463 -0.6249187201544825 -1.756616936883674 -0.8879777948924163 0.0 0.0 
l -1.3459988248114134 0.3099296005073023 -0.6200682492365833 -1.73006661995241 -0.9106072206310427 0.0 0.0 
l -1.3544059665321684 0.3018961070864562 -0.6146842905627087 -1.6982979307460082 -0.937609157673816 0.0 0.0 
l -1.363482475423612 0.2930007067266175 -0.6088488186152903 -1.6604684558055074 -0.969227663377134 0.0 0.0 
l -1.3730151373789445 0.2834096067607369 -0.602676724997667 -1.6156769180092398 -1.0056753451462226 0.0 0.0 
l -1.3827287663086354 0.2733739443128689 -0.5963196787536125 -1.5629972049556973 -1.047100896190208 0.0 0.0 
l -1.3922989596872568 0.26322807803645704 -0.5899615850617894 -1.5015066714179484 -1.0935733384488004 0.0 0.0 
l -1.4013693500304305 0.25337846965342486 -0.5838142442337646 -1.430352940783902 -1.1450598076701994 0.0 0.0 
l -1.4095830924366428 0.2442694868571775 -0.5781056592035119 -1.3489095235899298 -1.2013711494318566 0.0 0.0 
l -1.416601171119562 0.2363605791994823 -0.5730647137748021 -1.2569936121514873 -1.2621308097903365 0.0 0.0 
l -1.4221307847076166 0.23007930366329635 -0.5689049973134388 -1.1551556013907942 -1.326736507895804 0.0 0.0 
l -1.4259476879412345 0.22577697737927288 -0.5658047669238435 -1.0449813510510146 -1.3943322854758116 0.0 0.0 
l -1.4279163574215112 0.2236812684431729 -0.56389312145838 -0.9292094347990796 -1.4638244546142178 0.0 0.0 
l -1.4279985814712648 0.22386897176091286 -0.5632378516959863 -0.8115718242386311 -1.5339276043713128 0.0 0.0 
l -1.4262550578535271 0.2262568752535428 -0.5638372992543473 -0.6962555842507147 1.5383413880586787 0.0 0.0 
l -1.4228432553960326 0.23060634898953894 -0.5656212621106343 -0.5871937221126812 1.471189368874062 0.0 0.0 
l -1.4179974707241134 0.23656376564805143 -0.5684577975576648 -0.4874152389076627 1.4074733768612857 0.0 0.0 
l -1.4120087688807021 0.24370532784595467 -0.5721647365833639 -0.3987909619978086 1.3482602898915 0.0 0.0 
l -1.4051996713124586 0.2515864960889608 -0.5765282853615334 -0.3220634510959181 1.294344928200926 0.0 0.0 
l -1.397892229285369 0.2597951239088932 -0.5813223448393959 -0.2571152389676278 1.2462377750272802 0.0 0.0 
l -1.3903877823442694 0.2679804843198214 -0.5863237412641988 -0.2032788875441266 1.2041797490884638 0.0 0.0 
l -1.3829278893296706 0.275893411610361 -0.591340552345441 -0.15959144558399774 1.168174958703337 0.0 0.0 
l -1.3756819970570826 0.2833897489133642 -0.5962217731467684 -0.12497613955518838 1.1380414588255883 0.0 0.0 
l -1.3687358107483925 0.2904289751675318 -0.600868497259349 -0.09833053680700155 1.113438251361683 0.0 0.0 
l -1.3620835582968296 0.2970678553190155 -0.6052429952519185 -0.07858872628789348 1.0939205083157804 0.0 0.0 
l -1.355632003563974 0.3034427908812596 -0.609371348387017 -0.06472280600920488 1.0789561362501936 0.0 0.0 
l -1.3492002217730177 0.30976094108819396 -0.6133447543443227 -0.05574041347409642 1.0679522593315454 0.0 0.0 
l -1.3425359809411954 0.3162735964659602 -0.6173150628012847 -0.05067790740372724 1.0602733986281179 0.0 0.0 
l -1.3353257463884831 0.3232602541346162 -0.6214882665432746 -0.0485790408280532 1.0552529842921847 0.0 0.0 
l -1.327210406531396 0.33100639714380137 -0.6261144271689784 -0.04849389375304336 1.0522110440572852 0.0 0.0 
l -1.3177985212821208 0.3397840936274434 -0.6314759739145803 -0.049470056645939176 1.05046579385577 0.0 0.0 
l -1.306683090622923 0.34982830707033113 -0.637873223658597 -0.05055853777288011 1.0493476857110813 0.0 0.0 
l -1.293457547289891 0.3613155868647297 -0.6456080479864617 -0.0508267657362772 1.0482188881147871 0.0 0.0 
l -1.2777346784683432 0.3743424909890059 -0.6549667296541595 -0.04937926168286333 1.0464897536627336 0.0 0.0 
l -1.2591653886411858 0.3889114323561611 -0.666202143617733 -0.04537656090754971 1.0436390111977503 0.0 0.0 
l -1.237461185053307 0.4049219608903623 -0.6795167032164677 -0.03807341044518198 1.0392370837920668 0.0 0.0 
l -1.2124170633499745 0.42217320007142 -0.6950476805453394 -0.02684536855400632 1.032963879345434 0.0 0.0 
l -1.183936798210427 0.4403758801650977 -0.7128541587864556 -0.011211190384583847 1.0246169492054849 0.0 0.0 
l -1.1520519915445746 0.45917573459023975 -0.7329122877513021 0.009130116458216264 1.014125745469599 0.0 0.0 
l -1.1169469618248022 0.47817718620351507 -0.7551078322227297 0.03428096775085088 1.001551383328549 0.0 0.0 
l -1.0789586222024576 0.49697887681501846 -0.7792439474789632 0.06412080788662411 0.9870731272361611 0.0 0.0 
l -1.0385730644755655 0.5151996233570827 -0.8050493326975569 0.09830332270821462 0.9709744173204014 0.0 0.0 
l -0.996406035889557 0.5325009911052403 -0.8321899780724686 0.1362570990839509 0.9536194115724541 0.0 0.0 
l -0.9531673083899331 0.5486027094520594 -0.8602861013048699 0.17720849427420027 0.9354179941362405 0.0 0.0 
l -0.9096128590416712 0.5632922121481314 -0.888930624146053 0.2202332899393732 0.916794237413695 0.0 0.0 
l -0.8664979896827044 0.5764264530252701 -0.9177041832687789 0.2643121183477197 0.898163034170356 0.0 0.0 
l -0.8245265650917977 0.5879314824974785 -0.9461938706989054 0.30840073485329333 0.8798945558153065 0.0 0.0 
l -0.7843131216864526 0.5977983556693961 -0.9740071301451759 0.3515110177027796 0.8623198023750079 0.0 0.0 
l -0.746356505835404 0.6060813955982521 -1.0007809006057697 0.39277019088786735 0.8457146994800312 0.0 0.0 
l -0.7110236117587241 0.6128913252963609 -1.026196042548963 0.43147958925552365 0.8302812935614157 0.0 0.0 
l -0.6785558186153284 0.618387063603735 -1.0499799251483213 0.46712388938199734 0.8161701469404883 0.0 0.0 
l -0.6490783654182891 0.6227674118678292 -1.0719113812652865 0.49937873073782635 0.8034839971378303 0.0 0.0 
l -0.6226217309669384 0.6262587888459996 -1.0918199447509183 0.5280931994550426 0.7922903691534077 0.0 0.0 
l -0.5991446801612447 0.6290997830008297 -1.1095850194017942 0.5532613405360753 0.7826296702906227 0.0 0.0 
l -0.5785621762771225 0.6315271785231491 -1.125126651478328 0.5749879392992374 0.774529554893008 0.0 0.0 
l -0.5607739223734212 0.6337613548957867 -1.1383933939998738 0.5934554115667499 0.7680111753321224 0.0 0.0 
l -0.5456930224804872 0.6359929051871122 -1.1493465922054455 0.6088867932538773 0.7631022374438347 0.0 0.0 
l -0.533269210333527 0.6383743684706665 -1.1579435898218962 0.6215155375279877 0.7598354969275115 0.0 0.0 
l -0.5235063763070329 0.6410180666395477 -1.1641203321311848 0.6315523379985613 0.7582611510707948 0.0 0.0 
l -0.5164775946277291 0.6439963439025393 -1.167774173969328 0.6391672971621163 0.7584469221915003 0.0 0.0 
l -0.512327292953755 0.647347996087109 -1.1687529158484344 0.6444654002100263 0.7604712826144204 0.0 0.0 
l -0.5112684084348613 0.6510845825013352 -1.1668483490715662 0.6474710538319122 0.7644314906971927 0.0 0.0 
l -0.5135669737544505 0.6552018947912432 -1.1617967076206297 0.6481171382273436 0.7704282520240598 0.0 0.0 
l -0.519521830384919 0.6596863335795021 -1.1532873712918525 0.6462358219213786 0.7785601999717955 0.0 0.0 
l -0.5294345525076691 0.6645228212808136 -1.1409794317566462 0.6415623588758446 0.7889147472904947 0.0 0.0 
l -0.5435726663647364 0.6697027906377776 -1.1245253764654664 0.6337382345868834 0.80154982728975 0.0 0.0 
l -0.5621315128439018 0.6752230357669784 -1.1036058114343035 0.6223262565329573 0.8164838015825573 0.0 0.0 
l -0.5851908452525217 0.6810908244064556 -1.0779685671741852 0.6068398160472248 0.8336760467539202 0.0 0.0 
l -0.6126770416837877 0.68732325808846 -1.047474019853785 0.58677616752483 0.853017579019102 0.0 0.0 
l -0.6443324898966656 0.6939495984727204 -1.0121395951863283 0.5616771323075598 0.8743202463962445 0.0 0.0 
l -0.6797029288501963 0.7010054905807814 -0.9721832851482566 0.531188851119833 0.8973165991790053 0.0 0.0 
l -0.7181431072978769 0.7085293366958836 -0.9280545824365932 0.4951338547285693 0.9216635851407544 0.0 0.0 
l -0.7588453805795544 0.7165629756577225 -0.8804395446050909 0.45359648735266966 0.9469545151406207 0.0 0.0 
l -0.8008952075500534 0.7251441558863603 -0.8302387853730195 0.4069847754458431 0.9727394859928544 0.0 0.0 
l -0.843336199232728 0.7343014360428727 -0.778516148108206 0.3560658293876089 0.9985453139112743 0.0 0.0 
l -0.8852422787743385 0.7440510681504413 -0.7264153792361773 0.30194979417005885 1.0239079591229288 0.0 0.0 
l -0.9257833177563853 0.7543880073260416 -0.6750677947672011 0.24600957686539326 1.0483943205681827 0.0 0.0 
l -0.9642664123677405 0.765282578903451 -0.6255059745433512 0.18974472201462067 1.0716255869323439 0.0 0.0 
l -1.0001717430485164 0.7766758154300801 -0.5785834902006077 0.1346210515146783 1.0932926161172971 0.0 0.0 
l -1.0331465852206931 0.7884784839197524 -0.5349438443418155 0.08191761680552856 1.1131660441968951 0.0 0.0 
l -1.0629925497806703 0.8005752194788311 -0.4950083833657824 0.03262440280173551 1.1311041101141561 0.0 0.0 
l -1.0896413163619778 0.8128345279253211 -0.45898884753271413 -0.01261417263881226 1.147047525502632 0.0 0.0 
l -1.1131225214260705 0.8251241566549862 -0.42691849692713874 -0.05348264362114874 1.161014684903349 0.0 0.0 
l -1.1335469752991933 0.8373146213220677 -0.3986870499691469 -0.08994759195603053 1.1730882647425807 0.0 0.0 
l -1.1510658965682805 0.8493092812505738 -0.37408180112293093 -0.12218105484062791 1.1834054411306707 0.0 0.0 
l -1.16585391485029 0.861053070757615 -0.352821829155569 -0.15048957352582515 1.1921410975888982 0.0 0.0 
l -1.178090795329946 0.8725390487935163 -0.3345899511003928 -0.17523999860526052 1.1994856960555385 0.0 0.0 
l -1.1879506810878333 0.883806923232986 -0.31905674813367635 -0.19681989854858006 1.205645850113982 0.0 0.0 
l -1.195595357219464 0.8949303111281023 -0.3059014769561743 -0.21559828830324623 1.210820490544978 0.0 0.0 
l -1.2011712032433497 0.9059996297998234 -0.2948265531796033 -0.23189966324035338 1.2151934183426985 0.0 0.0 
l -1.2048117039499924 0.9170961003994232 -0.2855684835354046 -0.24600263160431435 1.2189302274750684 0.0 0.0 
l -1.2066419381756883 0.9282671615187316 -0.27790415415519404 -0.2581400861101203 1.2221754013358346 0.0 0.0 
l -1.20678334505157 0.9395085931551327 -0.2716529764044714 -0.2685049206111671 1.2250533566300013 0.0 0.0 
l -1.205361182913804 0.9507511024886566 -0.2666757824411382 -0.2772573346077469 1.227666297779436 0.0 0.0 
l -1.2025072152266296 0.9618623565280751 -0.2628711698435428 -0.2845577782852893 1.2301162151965752 0.0 0.0 
l -1.1983662538107027 0.972664771144536 -0.26016262096292897 -0.2905621295297609 1.2324978089233776 0.0 0.0 
l -1.1930957866396383 0.9829459493777843 -0.2584962493863957 -0.2954547382432662 1.2349182627821254 0.0 0.0 
l -1.186867848502024 0.9924872346488527 -0.2578273878163718 -0.29945218827506503 1.2375039295704573 0.0 0.0 
l -1.1798641289601615 1.001089556446976 -0.25811255366610286 -0.30283247301703764 1.24041718124755 0.0 0.0 
l -1.1722725971595493 1.0085912319601302 -0.259302578430833 -0.30593085331612097 1.2438550712621064 0.0 0.0 
l -1.1642894638360102 1.014861259875065 -0.26134338892870956 -0.3091722683516763 1.2480719357454826 0.0 0.0 
l -1.1561159519903021 1.019817996796255 -0.26416492675718134 -0.3130744730189627 1.2533761832814942 0.0 0.0 
l -1.1479557392342397 1.0234098704018861 -0.26768923993402605 -0.31826131357559106 1.2601369578900696 0.0 0.0 
l -1.140017421388632 1.0256009945720728 -0.2718324886109155 -0.3254711520049936 1.2687851160329338 0.0 0.0 
l -1.1325128077401736 1.0263542727658996 -0.27651176375102215 -0.33556164743295674 1.2798024987166043 0.0 0.0 
l -1.1256579108122655 1.025607966100247 -0.2816548569513516 -0.349517399893975 1.2937206884986796 0.0 0.0 
l -1.1196733562006762 1.0232688395850664 -0.28720153695135314 -0.36847529208860075 1.311122842166312 0.0 0.0 
l -1.1147772278157624 1.0191960322505704 -0.2931159903314914 -0.39370887290459256 1.3326132067042407 0.0 0.0 
l -1.1111845503992728 1.01319548281826 -0.2993886326653722 -0.4266355880927972 1.3588021322260364 0.0 0.0 
l -1.109100301616197 1.0050162186479485 -0.3060410675674835 -0.4688197059231893 1.39028646566677 0.0 0.0 
l -1.1087090973660505 0.9943729250582478 -0.3131165742221783 -0.5219405094011755 1.427617379626098 0.0 0.0 
l -1.1101690934837154 0.9809363477713059 -0.32068798424112954 -0.5877242395325863 1.4712598014357314 0.0 0.0 
l -1.1136013072728113 0.9643612570347445 -0.32884614700445414 -0.6677807583507681 1.5215411087860717 0.0 0.0 
l -1.1190806159323878 0.9443114594675632 -0.33769119148947174 -0.7633044037636595 -1.563006827486847 0.0 0.0 
l -1.1266252805363692 0.9204959971497076 -0.3473216815155433 -0.8745984235662937 -1.4993521975813808 0.0 0.0 
l -1.1361895239602118 0.8927125413609316 -0.35782230520822356 -1.0004895371402511 -1.4295908238315798 0.0 0.0 
l -1.1476582194810587 0.8608970372435595 -0.3692519337204295 -1.1378630274448405 -1.3546278450825213 0.0 0.0 
l -1.1608448918885452 0.8251765368570638 -0.38163172573369564 -1.2817167695408302 -1.2757729883967075 0.0 0.0 
l -1.1754950319215247 0.7859123823660106 -0.394935931856646 -1.4259798099210135 -1.194681027353171 0.0 0.0 
l -1.1912971659011982 0.7437198087842599 -0.4090854120694125 -1.5648598782751109 -1.1132131498747864 0.0 0.0 
l -1.2078963128084803 0.6994559188672039 -0.4239464990076655 -1.694020151193154 -1.0332568644012736 0.0 0.0 
l -1.2249177209809576 0.6541589249464304 -0.4393338940402606 -1.8110501023362244 -0.9565326693933679 0.0 0.0 
l -1.2419916962507243 0.6089520804608449 -0.455018004993943 -1.915238127668348 -0.8844469814450746 0.0 0.0 
l -1.2587802450329877 0.5649236616156289 -0.4707370995124407 -2.0070045813228576 -0.8180043466021668 0.0 0.0 
l -1.2750012598764355 0.5230140747206092 -0.48621008136563515 -2.0873515634290665 -0.7577998806214038 0.0 0.0 
l -1.2904435200924274 0.4839360503752417 -0.5011518727272994 -2.157471223684378 -0.7040623748248142 0.0 0.0 
l -1.3049756566170905 0.4481371353480811 -0.5152867164884041 -2.2185217698023076 -0.6567263526492854 0.0 0.0 
l -1.3185461825714255 0.4158058156860896 -0.5283592296279753 -2.271526676790814 -0.6155133900525139 0.0 0.0 
l -1.3311716078801952 0.38691577809373606 -0.5401424711995186 -2.317355667950757 -0.5800063769143184 0.0 0.0 
l -1.342926666938406 0.3612740785383205 -0.5504433392929919 0.7848631127127557 -0.5497103605462985 0.0 0.0 
l -1.3539233969037603 0.3385838978634895 -0.5591056458866874 0.7513457729323485 -0.5241018640664904 0.0 0.0 
l -1.3642920148296331 0.3184962528133503 -0.5660121599821447 0.7231716980658367 -0.5026672943225763 0.0 0.0 
l -1.374160807610767 0.30065348202034065 -0.5710870274960169 0.6998837598538281 -0.4849302492695351 0.0 0.0 
l -1.3836426044925765 0.28471736687742427 -0.5742952058799307 0.6810598484359334 -0.4704738441416415 0.0 0.0 
l -1.3928208217090166 0.2703904994805781 -0.5756461676386884 0.6662921577360863 -0.45895235216065916 0.0 0.0 
l -1.4017402994143382 0.2574296595583435 -0.575196558576959 0.6551846090524744 -0.45010431152561 0.0 0.0 
l -1.410404953237211 0.2456500780786266 -0.5730517787878769 0.6473451156312375 -0.44375228731729616 0.0 0.0 
l -1.4187754730463031 0.23493032322390056 -0.5693690429122543 0.6423936657684073 -0.4397917604413121 0.0 0.0 
l -1.4267759910513722 0.2252072202265824 -0.5643571901087561 0.6399679019510485 -0.43820586148769125 0.0 0.0 
l -1.43430241003918 0.21647020757647994 -0.5582736289034493 0.6397387081264545 -0.439038713419813 0.0 0.0 
l -1.441227525336091 0.20876149340265357 -0.5514179039258846 0.641414169862897 -0.4423890313427852 0.0 0.0 
l -1.4474231689026535 0.2021490960556819 -0.544120546028236 0.6447636913055546 -0.44840657386050364 0.0 0.0 
l -1.4527683273721284 0.19671797118733367 -0.5367288896960184 0.6496221850762536 -0.4572774066877412 0.0 0.0 
l -1.4571603699526219 0.19255203372964308 -0.5295906358133774 0.6558981556978021 -0.4692239699013564 0.0 0.0 
l -1.460524306563503 0.189714736072545 -0.523036322731201 0.6635821153295838 -0.48449024973038646 0.0 0.0 
l -1.462817534213832 0.18823291494504021 -0.5173639346738395 0.6727492615519024 -0.503358605953173 0.0 0.0 
l -1.4640314130623362 0.18808426181888013 -0.5128266791010976 0.6835660915879533 -0.5261336293890849 0.0 0.0 
l -1.464187884969388 0.18919399251536595 -0.5096253755532043 0.6962954375758827 -0.5531427914582467 0.0 0.0 
l -1.4633339994996493 0.1914383364571726 -0.5079052057192879 0.7113114959075018 -0.584731727332129 0.0 0.0 
l -1.461535565008864 0.19465395901363539 -0.5077559820981195 0.7291150515063702 -0.6212488224034283 0.0 0.0 
l -1.4588662629414304 0.1986584991431327 -0.5092173238519805 0.7503739553048465 -0.6630277884514523 0.0 0.0 
l -1.4554000537509983 0.20326874010806303 -0.5122838366276817 0.7759699568106526 -0.710358361241637 0.0 0.0 
l -1.4512022703973733 0.20832075879403586 -0.5169130909664177 0.8070789391301982 -0.7634331021093453 0.0 0.0 
l -1.446323573336095 0.21368645468093542 -0.5230280544086254 -2.296292940878084 -0.8223020107083449 0.0 0.0 
l -1.4407949343909978 0.2192841742412715 -0.5305230172289024 -2.2487553686119206 -0.8868051003655815 0.0 0.0 
l -1.4346275684201992 0.2250783044493146 -0.5392689682502664 -2.188817602360797 -0.9565106391517061 0.0 0.0 
l -1.4278155297754633 0.23107275838099348 -0.5491182285485299 -2.112147174627701 -1.03066470266503 0.0 0.0 
l -1.420327680680078 0.237322345165302 -0.5599041590652877 -2.0127780291835364 -1.1081874459874246 0.0 0.0 
l -1.4121204514899917 0.24390071775502675 -0.571459541644718 -1.8830011365815507 -1.187709014473 0.0 0.0 
l -1.4031385339418483 0.250896690174942 -0.5836185230347455 -1.714606394985917 -1.2676664930375519 0.0 0.0 
l -1.393321936925723 0.25839588206291103 -0.5962299886372144 -1.5035649305492822 -1.3464458288683185 0.0 0.0 
l -1.3826098781670257 0.26646728170006345 -0.6091725333884169 -1.2588352495124493 -1.4225367593492189 0.0 0.0 
l -1.3709446058009072 0.2751506630589063 -0.6223683756841512 -1.0068166605536555 -1.4946651911646558 0.0 0.0 
l -1.3582738273816917 0.28444643107020073 -0.6357955855581395 -0.7786287842533732 -1.5618804887186473 0.0 0.0 
l -1.3445514989802323 0.2943077673210185 -0.6494981191998379 -0.5914510947550615 1.5180105440857374 0.0 0.0 
l -1.3297365438383852 0.3046373981334277 -0.663589818828511 -0.44588916735184025 1.4620895780934988 0.0 0.0 
l -1.3137913360777111 0.3152877720794563 -0.6782510147915147 -0.3346008924693305 1.4119307864788953 0.0 0.0 
l -1.2966845715846842 0.32605664456620154 -0.6937237685219404 -0.24912970098890974 1.3672910485725112 0.0 0.0 
l -1.2783885689099188 0.33670150380836344 -0.710289213737499 -0.18242377908235008 1.3277639390077922 0.0 0.0 
l -1.2588828880989806 0.346945239041374 -0.7282507405814596 -0.129159269042059 1.292831956124124 0.0 0.0 
l -1.2381589578875407 0.35648905741898884 -0.7479085700481661 -0.08542135165209008 1.261911489476883 0.0 0.0 
l -1.2162301748795536 0.36502560542209833 -0.7695299509929685 -0.04832157792074776 1.2343890509612616 0.0 0.0 
l -1.1931393134776416 0.37225618855603865 -0.7933219920360898 -0.0157031497631287 1.2096518661768783 0.0 0.0 
l -1.168969398149284 0.37790561597123606 -0.819404955445626 0.014063379421263345 1.1871128507152517 0.0 0.0 
l -1.1438536414194513 0.3817369851189264 -0.8477884605646405 0.04220427417820305 1.1662339754784719 0.0 0.0 
l -1.1179854788049752 0.38356118517789994 -0.8783560654177351 0.06962417033851653 1.1465448647798662 0.0 0.0 
l -1.091625006989654 0.3832461802351405 -0.9108562237260168 0.09695578377886194 1.1276600331570934 0.0 0.0 
l -1.0651028509117721 0.3807207732101609 -0.9449066135751429 0.12459340907269245 1.1092906375514129 0.0 0.0 
l -1.0388228262426304 0.37597522980051773 -0.9800081165809025 0.15272028494084278 1.0912500952858468 0.0 0.0 
l -1.0132575558149348 0.3690612411843929 -1.0155720042934688 0.18133611064690314 1.073454574774249 0.0 0.0 
l -0.988940780884671 0.36009002295744086 -1.050955607706725 0.2102957467010893 1.0559161237087795 0.0 0.0 
l -0.966457021537048 0.3492280759204315 -1.0855031844975587 0.2393386620357415 1.0387317433892025 0.0 0.0 
l -0.9464311514551573 0.33668996474026663 -1.1185859422106508 0.2681275901641944 1.022065533559258 0.0 0.0 
l -0.9295076779181014 0.3227331400850302 -1.1496385163101694 0.2962957704019671 1.0061260253238697 0.0 0.0 
l -0.9163322226672291 0.30764811665328895 -1.1781844498966583 0.3234708529804986 0.9911456571423138 0.0 0.0 
l -0.9075247514137743 0.2917476606788284 -1.2038523792814504 0.3493060098261971 0.9773581831381499 0.0 0.0 
l -0.9036475976419692 0.2753548858664854 -1.2263795086630433 0.37349954010758224 0.9649791910945339 0.0 0.0 
l -0.9051727252912546 0.2587879007022935 -1.2456044999215314 0.3958089679497623 0.9541907363818779 0.0 0.0 
l -0.9124347850712925 0.24234716197997008 -1.2614554086253655 0.4160486195001383 0.9451320426678252 0.0 0.0 
l -0.9255877910308775 0.22630302374835692 -1.2739295421037935 0.4340887345144717 0.9378964600282501 0.0 0.0 
l -0.944557853042679 0.21088509878007744 -1.2830760478336158 0.449851751290423 0.9325304039758057 0.0 0.0 
l -0.9690149031494233 0.1962746762266241 -1.288974774359921 0.46330356153935104 0.9290398931325607 0.0 0.0 
l -0.9983639125214014 0.18260091095837674 -1.291719323370271 0.47444548649926244 0.9273994017885243 0.0 0.0 
l -1.0317711537330378 0.1699408179896783 -1.2914015780368011 0.4833043091837843 0.9275610732889195 0.0 0.0 
l -1.0682297185575782 0.15832092735103845 -1.2880999542231024 0.489926314695754 0.9294652568623509 0.0 0.0 
l -1.1066461848520568 0.1477233792101148 -1.2818724076763623 0.49436748583405765 0.9330502295719667 0.0 0.0 
l -1.145939753350006 0.13809291110104543 -1.2727532641634907 0.496686212928378 0.938259850719968 0.0 0.0 
l -1.1851328379923365 0.1293440569948383 -1.2607539704101003 0.4969355265148483 0.9450463869776703 0.0 0.0 
l -1.2234168355508621 0.12136777480791552 -1.245867342688462 0.4951553548672283 0.9533713520984924 0.0 0.0 
l -1.2601794226021532 0.11403879060700181 -1.2280761344726052 0.4913663171365432 0.9632012794959189 0.0 0.0 
l -1.2950053853181336 0.1072206989351719 -1.2073639046457911 0.4855622397760868 0.9745020226474842 0.0 0.0 
l -1.327656286098572 0.10076931473594747 -1.183728865058299 0.47770681322312325 0.9872297718362555 0.0 0.0 
l -1.3580326145718509 0.09453702318374844 -1.1572013219411073 0.4677299181449326 1.001319898122103 0.0 0.0 
l -1.3861426294956607 0.08837338808493682 -1.1278592477218397 0.45552683715929776 1.0166796236936613 0.0 0.0 
l -1.4120650059883415 0.08212844566301726 -1.0958460041679428 0.44096667657387 1.0331794267211805 0.0 0.0 
l -1.4359209552283136 0.07565482570611724 -1.0613861430011462 0.42389951422679006 1.0506497033416378 0.0 0.0 
l -1.4578503888333498 0.0688121576240605 -1.0247963083853997 0.4041758404899112 1.0688781751836485 0.0 0.0 
l -1.4779965047023211 0.06147176339507707 -0.9864883090267467 0.38166940430656315 1.0876173131760611 0.0 0.0 
l -1.4964964195355481 0.053521620558417235 -0.9469662450197671 0.3563080043676492 1.106594168337436 0.0 0.0 
l -1.5134707724506073 0.04487681453084393 -0.9068119871635856 0.3281053167088799 1.1255235124353695 0.0 0.0 
l -1.5290236157293233 0.03548689097091951 -0.8666590123773901 0.29719625308605346 1.1441259302257403 0.0 0.0 
l -1.5432411638973946 0.025345585923030812 -0.8271616686846215 0.2638516771989301 1.1621465854493453 0.0 0.0 
l -1.55619392865591 0.014498889627717742 -0.7889554865868692 0.22847977416282927 1.1793765370639189 0.0 0.0 
l -1.5679385110298398 0.0030515780783452284 -0.7526208515592955 0.19160538738855726 1.1956696026024896 0.0 0.0 
l 1.5630629992987795 -0.008841218948708924 -0.7186514726317845 0.15381145869747326 1.210959766881842 0.0 0.0 
l 1.5535747083980902 -0.020974876242503146 -0.6874273154189245 0.1156633742910016 1.2252735629113314 0.0 0.0 
l 1.5451302575572383 -0.03311997390128743 -0.6592032806246967 0.07761917350713088 1.238738860139808 0.0 0.0 
l 1.5376614967843696 -0.04504145114320547 -0.634106716979618 0.03994776704766301 1.25158958057257 0.0 0.0 
l 1.531085023966538 -0.056529035493682406 -0.6121437348766137 0.002660863998241725 1.2641656298235937 0.0 0.0 
l 1.5252994311330208 -0.06742482313076266 -0.5932150142046426 -0.03453026858823505 1.276907937006454 0.0 0.0 
l 1.5201852386449688 -0.07764369014500208 -0.5771364267937441 -0.07223211327526657 1.2903489094008849 0.0 0.0 
l 1.5156065788370272 -0.08718408684968593 -0.5636619524635992 -0.1113788813502562 1.3051001494075127 0.0 0.0 
l 1.5114154778847335 -0.09612608076353142 -0.5525072144799171 -0.15323787932719146 1.3218356766743902 0.0 0.0 
l 1.5074595208987769 -0.10461521809985189 -0.5433730302719949 -0.19942011201264653 1.3412726617759565 0.0 0.0 
l 1.5035910751252433 -0.1128374288059027 -0.5359651486703404 -0.25190999223592914 1.3641493913951068 0.0 0.0 
l 1.4996784336191111 -0.12098722672141567 -0.5300100239207417 -0.31310411138673844 1.3912005163898586 0.0 0.0 
l 1.4956145501828908 -0.12923967068678263 -0.5252646905330404 -0.38584193273006806 1.4231282755747507 0.0 0.0 
l 1.491325320420168 -0.1377248699733123 -0.5215218947882323 -0.47336578652954237 1.460568180307995 0.0 0.0 
l 1.4867744841120576 -0.1465114439565856 -0.5186099307161022 -0.5790824967805484 1.5040451916998532 0.0 0.0 
l 1.4819638282721168 -0.15560197278125304 -0.516387559844698 -0.7059089420532287 1.5539196899152699 0.0 0.0 
l 1.476929201675933 -0.16493898082055394 -0.514736763409401 -0.8549681364830409 -1.5312684747978154 0.0 0.0 
l 1.4717330379766387 -0.17441927088586118 -0.5135552993214809 -1.023751392985298 -1.4684982907716204 0.0 0.0 
l 1.4664539499261378 -0.18391552975751446 -0.5127479098243425 -1.2048335120778062 -1.3998828473834284 0.0 0.0 
l 1.4611742082972585 -0.19330072236789989 -0.5122221151285078 -1.3869290320520617 -1.3263316113322994 0.0 0.0 
l 1.4559694551373976 -0.20246818862185761 -0.5118849111734362 -1.5586175131408606 -1.249127203466185 0.0 0.0 
l 1.450900472569582 -0.21134537584794041 -0.5116444516175231 -1.7121361671948137 -1.1698456640932118 0.0 0.0 
l 1.4460076498488559 -0.21990117505125378 -0.5114132688491131 -1.8445516354054825 -1.0902183468340951 0.0 0.0 
l 1.441309321947246 -0.22814552681340614 -0.5111119404000823 -1.956531207868932 -1.01196182422039 0.0 0.0 
l 1.436805264490771 -0.23611808146070382 -0.5106758239818173 -2.050511932999113 -0.9366140254798696 0.0 0.0 
l 1.432482322384231 -0.24387474844205462 -0.5100582857678636 -2.1293784167661007 -0.8654144279242311 0.0 0.0 
l 1.4283185787399566 -0.25147779865854575 -0.5092322841920315 -2.1958031551968635 -0.7992480645292034 0.0 0.0 
l 1.4242923585829226 -0.25897807648182103 -0.5081916135908502 -2.252025001034095 -0.7386546720835677 0.0 0.0 
l 1.420387760719356 -0.26640517986064366 -0.50694892418827 -2.299826560194923 -0.6838737400816874 0.0 0.0 
l 1.4165998451197548 -0.2737595299115296 -0.5055319559276783 0.8009926130901965 -0.634914193059526 0.0 0.0 
l 1.4129389572656592 -0.28100615126495126 -0.5039798361863983 0.7661640600974351 -0.591626316377792 0.0 0.0 
l 1.409430480616135 -0.2880780261928635 -0.5023370981627494 0.7364320262242043 -0.5537628016888236 0.0 0.0 
l 1.4061143848215223 -0.2948784956653811 -0.5006504976712206 0.7111190695826675 -0.5210257942505276 0.0 0.0 
l 1.4030438350870613 -0.3012875939735461 -0.49896290756319944 0.689673671198711 -0.49310175498481573 0.0 0.0 
l 1.4002816199190553 -0.3071699620831788 -0.4973112678161352 0.671633215763578 -0.4696849848096391 0.0 0.0 
l 1.3978949058409513 -0.3123853066045521 -0.4957253488066127 0.6566004346176038 -0.45048890804368097 0.0 0.0 
l 1.3959511891492247 -0.31679500222889917 -0.4942291856704621 0.6442295855259135 -0.435253548924087 0.0 0.0 
l 1.3945135683290388 -0.3202701544039739 -0.49284192548863814 0.6342137077509695 -0.42374834050174454 0.0 0.0 
l 1.3936355850465176 -0.3226982710740704 -0.49158151483805707 0.626282372839287 -0.41577246065497886 0.0 0.0 
l 1.3933574142350653 -0.32398754405759617 -0.4904683127212714 0.6202003526746189 -0.41115496406346036 0.0 0.0 
l 1.393704051144911 -0.3240673925541474 -0.4895291888035326 0.6157680141740021 -0.4097552351985833 0.0 0.0 
l 1.394683257645493 -0.32289068678251454 -0.488800289067999 0.6128238322517987 -0.4114641589942334 0.0 0.0 
l 1.3962841458266835 -0.32043583423284605 -0.4883291779065029 0.6112483727339684 -0.41620579231583477 0.0 0.0 
l 1.398477631005891 -0.31670705960715145 -0.4881758209858493 0.6109664249751419 -0.42394025277379227 0.0 0.0 
l 1.4012172424265272 -0.3117366066258316 -0.48841077393679716 0.6119503601911456 -0.4346660824905591 0.0 0.0 
l 1.4044420620810845 -0.3055826039793833 -0.48911461315674454 0.6142191050927996 -0.44842317610334215 0.0 0.0 
l 1.4080796422000135 -0.2983265875298437 -0.49037796077927875 0.6178409498548119 -0.46529514189211013 0.0 0.0 
l 1.4120457727660625 -0.290081079013809 -0.4922943474651321 0.6229371203718883 -0.4854058752637632 0.0 0.0 
l 1.416248985621239 -0.28098370872702666 -0.4949589745752482 0.6296832665851135 -0.5089170423578292 0.0 0.0 
l 1.4205937946059408 -0.27119328463937 -0.4984660376133121 0.6383154058512757 -0.536020436627217 0.0 0.0 
l 1.4249834103108197 -0.260885218863178 -0.5029061355937302 0.649137979052183 -0.566926441289932 0.0 0.0 
l 1.4293259288829314 -0.25023913552432414 -0.5083642152561322 0.6625380427765752 -0.6018509917269238 0.0 0.0 
l 1.4335377938732146 -0.2394300293600168 -0.5149178908176667 0.6790026985844027 -0.6409948259411012 0.0 0.0 
l 1.437548690688508 -0.2286177293762372 -0.522633458249685 0.6991506727927721 -0.6845194926483178 0.0 0.0 
l 1.4413077560554097 -0.21793364746614366 -0.5315631594933196 0.7237732156440897 -0.7325195577037239 0.0 0.0 
l 1.4447872964041402 -0.20747366102132173 -0.5417408414899756 0.753899659825698 -0.7849888990932206 0.0 0.0 
l 1.447987208857463 -0.19729153241678107 -0.5531772793712797 0.7908889479355024 -0.841786212258711 0.0 0.0 
l 1.4509387445380704 -0.18739609312390093 -0.5658540026262864 -2.3050362412842063 -0.9026019411290003 0.0 0.0 
l 1.453705345629319 -0.17775497828782014 -0.5797168474242567 -2.2482467036348814 -0.966933535481951 0.0 0.0 
l 1.4563815583919226 -0.16830118566938934 -0.5946727615090398 -2.177053295373457 -1.0340738583269575 0.0 0.0 
l 1.4590908638975835 -0.15894220107999943 -0.6105853093037739 -2.0871385356959005 -1.1031239598798395 0.0 0.0 
l 1.4619814408987986 -0.1495696263449208 -0.6272755899189651 -1.9731732070532089 -1.1730319286457154 0.0 0.0 
l 1.4652202025485044 -0.14006845796931108 -0.6445278177565721 -1.8295741380033455 -1.24265734309715 0.0 0.0 
l 1.4689868644712611 -0.1303235976198366 -0.6620981613641876 -1.652926262341475 -1.3108522196896404 0.0 0.0 
l 1.473465780096121 -0.12022532488069224 -0.6797313963442291 -1.4465812836102125 -1.376547259388682 0.0 0.0 
l 1.4788469373080309 -0.10966208941654067 -0.6971787365667103 -1.2246721136261511 -1.4388258363215436 0.0 0.0 
l 1.4853161071242396 -0.09852644399589205 -0.7142181334999994 -1.0089400201540304 -1.4969754504696224 0.0 0.0 
l 1.4930603329016825 -0.08670410357027783 -0.7306697964912674 -0.8180081435407558 -1.5505124361311893 0.0 0.0 
l 1.5022659469839996 -0.07407324979768139 -0.7464170006847921 -0.6599083722898437 1.5424113763951246 0.0 0.0 
l 1.513121624242382 -0.06050319644122033 -0.7614127906636299 -0.5335608023899265 1.49865887281608 0.0 0.0 
l 1.5258199085137611 -0.04585771448917236 -0.7756828573327025 -0.433765374970429 1.4596948015280977 0.0 0.0 
l 1.5405578792727606 -0.030002289594481892 -0.7893207516554409 -0.35469362097008933 1.4252531857871293 0.0 0.0 
l 1.5575349655859854 -0.012816019769229546 -0.802476128481354 -0.2912937973288645 1.3949670948674144 0.0 0.0 
l -1.564646481235161 0.005792211000303689 -0.8153374109217906 -0.23957376628978166 1.3684038850553364 0.0 0.0 
l -1.5426244908293005 0.025863404045359292 -0.8281137829452349 -0.19648436579379658 1.3450962020042228 0.0 0.0 
l -1.5178444410692065 0.047376011062728776 -0.8410103316869412 -0.15971598509468676 1.3245678117111892 0.0 0.0 
l -1.4902162605133826 0.07022498704634955 -0.8542143868572756 -0.12752073923266272 1.3063552696828096 0.0 0.0 
l -1.4597261245196933 0.09421849656437278 -0.8678739973745999 -0.09858187046061573 1.2900265094755352 0.0 0.0 
l -1.4264643400033559 0.11907525934068491 -0.8820879572829042 -0.07191335125198073 1.275191714541801 0.0 0.0 
l -1.3906524826554034 0.14443055792134735 -0.8968970701067207 -0.04679256949857602 1.261512805452313 0.0 0.0 
l -1.3526602418325377 0.1698538616537415 -0.9122830627436512 -0.022704421072586745 1.2487047257668489 0.0 0.0 
l -1.313019102093949 0.19486808151929172 -0.9281682581405932 0.0006999348689755713 1.2365352789606265 0.0 0.0 
l -1.2724168026411422 0.2189764453233961 -0.9444205826221875 0.02364183484428184 1.2248229778553679 0.0 0.0 
l -1.231677110316259 0.24168765152314803 -0.960862616100222 0.04624101241179057 1.2134307355721343 0.0 0.0 
l -1.1917162713538343 0.2625437322525333 -0.9772824311976689 0.0685434713579468 1.2022624204533379 0.0 0.0 
l -1.1534996507487145 0.2811371479800898 -0.993440511322459 0.09054443500470821 1.1912566305841885 0.0 0.0 
l -1.1179801170332224 0.2971294533360489 -1.0090836287882943 0.11220330364338382 1.180384988703837 0.0 0.0 
l -1.086039570370776 0.3102646806423526 -1.0239569622234632 0.13345507321858885 1.1696506977295489 0.0 0.0 
l -1.0584447924155147 0.3203749604862988 -1.037814904971888 0.1542177078569551 1.1590891135604997 0.0 0.0 
l -1.0358095794936562 0.32738658798554476 -1.050431633998622 0.17439814631587003 1.148768160344875 0.0 0.0 
l -1.0185763735914648 0.33131841022881586 -1.0616100633969672 0.19389406866812764 1.1387907995712065 0.0 0.0 
l -1.0070052674883165 0.3322794610000187 -1.0711890766087326 0.212593589003239 1.1292968402068062 0.0 0.0 
l -1.0011758451354202 0.330462374838257 -1.079044982507486 0.2303796242791446 1.1204601864110113 0.0 0.0 
l -1.0009928104843533 0.3261334505293748 -1.0850915887423371 0.24713086970904252 1.1124877931438726 0.0 0.0 
l -1.0061977353494473 0.31961837994484477 -1.0892765781624583 0.2627213792869938 1.105612479839597 0.0 0.0 
l -1.0163822946302006 0.3112873909375839 -1.0915743179538544 0.2770215917864469 1.1000858743646424 0.0 0.0 
l -1.031013144679432 0.30153425337740813 -1.0919763103426927 0.2898979175224059 1.0961671117106269 0.0 0.0 
l -1.0494607264364664 0.29075568067396557 -1.0904812202859937 0.3012109352030137 1.0941094632323476 0.0 0.0 
l -1.0710323930657133 0.2793321597733287 -1.0870859006176978 0.31081372105941085 1.094146059891855 0.0 0.0 
l -1.0950117739766132 0.2676100101761448 -1.0817777578073813 0.31855291504706096 1.0964734113943444 0.0 0.0 
l -1.1206990467150213 0.25588607327013324 -1.0745312749374827 0.32426159071701655 1.101237023183452 0.0 0.0 
l -1.147442309123033 0.24439967157147033 -1.065309050523818 0.3277593934322893 1.1085174561696487 0.0 0.0 
l -1.1746716165613913 0.23332416208759515 -1.0540644612619532 0.3288448359102103 1.118319965949934 0.0 0.0 
l -1.201907580909973 0.222769371202595 -1.0407535932681145 0.32730058961627995 1.1305664323791225 0.0 0.0 
l -1.228764461717196 0.21278578506950682 -1.0253491756472368 0.3228972438308455 1.1450904788104022 0.0 0.0 
l -1.254949292014232 0.20336915369167893 -1.0078554024379618 0.31539934578999596 1.1616384339117394 0.0 0.0 
l -1.280251857208775 0.19446823680541647 -0.9883242478842883 0.3045829042209729 1.1798754123801278 0.0 0.0 
l -1.3045287558853995 0.18599520411369916 -0.9668710618394711 0.2902583196532562 1.1993984090703036 0.0 0.0 
l -1.3276882904087408 0.1778360260688308 -0.9436861900308235 0.27230563389972096 1.2197512745144379 0.0 0.0 
l -1.349676784214508 0.1698608538637483 -0.9190415955188646 0.2507134799448647 1.2404471530989827 0.0 0.0 
l -1.3704634255823416 0.16193776580220268 -0.8932898435084878 0.22563209737662193 1.2609909314515744 0.0 0.0 
l -1.3900318731463035 0.15394420774237869 -0.8668538148793523 0.19741900669183 1.2809026452958965 0.0 0.0 
l -1.408370683744022 0.1457812901916978 -0.8402090545808326 0.16667509311024165 1.2997400966053303 0.0 0.0 
l -1.4254667360776798 0.13738781966412741 -0.8138587546249367 0.13424611168772838 1.3171185469698279 0.0 0.0 
l -1.4413017469602964 0.128752091729166 -0.7883054748677384 0.10118615173480294 1.3327244713330233 0.0 0.0 
l -1.4558504974626636 0.1199212608853985 -0.7640214564430352 0.06866683511309146 1.3463253462319682 0.0 0.0 
l -1.4690802769945743 0.11100682843372107 -0.7414205263536834 0.03786023705763164 1.3577723716227135 0.0 0.0 
l -1.480952703058702 0.10218186874103195 -0.7208398981905694 0.009801435146275628 1.3670003719742256 0.0 0.0 
l -1.4914285553289803 0.09366945332900638 -0.7025264346477033 -0.014725552417880206 1.3740207741873944 0.0 0.0 
l -1.5004702473828808 0.08572710250099522 -0.6866319196830158 -0.03525354028405758 1.378912364112187 0.0 0.0 
l -1.5080484400164014 0.07862137201786334 -0.673217127430445 -0.05164283494249289 1.381810445262841 0.0 0.0 
l -1.5141447865263937 0.07260506720883171 -0.6622600056871972 -0.0640411301714634 1.3828936789796467 0.0 0.0 
l -1.5187619106658394 0.06788592796210377 -0.6536699409467892 -0.07280750657671686 1.3823704003034984 0.0 0.0 
l -1.521921863089957 0.06461405695721716 -0.64730150098203 -0.07842191580523583 1.3804646083149388 0.0 0.0 
l -1.52367361955306 0.06286302602405111 -0.6429736665200485 -0.0814062344522114 1.3774067617559578 0.0 0.0 
l -1.5240927678086886 0.06262865283492602 -0.6404790043465924 -0.08225624960234457 1.3734221016173065 0.0 0.0 
l -1.5232806687848115 0.0638329121154969 -0.6396012326985955 -0.08139968031823952 1.3687235889606113 0.0 0.0 
l -1.5213629218794302 0.06633365389870427 -0.640124259340378 -0.07917356799234931 1.3635077957170678 0.0 0.0 
l -1.5184855310933028 0.06993913903103001 -0.6418410126197125 -0.07582130946646393 1.3579505657139521 0.0 0.0 
l -1.5148094308146418 0.07442510208322882 -0.6445590233970792 -0.07150170859836391 1.352206221149796 0.0 0.0 
l -1.510502712000001 0.0795537080986052 -0.6481036900054314 -0.06630466203917562 1.3464078291211414 0.0 0.0 
l -1.5057315576100592 0.08509211072167332 -0.6523196743282185 -0.06027100089510595 1.3406685952065087 0.0 0.0 
l -1.5006553933973275 0.0908224034218366 -0.6570743006079468 -0.05341112439321938 1.335083447944426 0.0 0.0 
l -1.4954125337888986 0.09656307045046535 -0.6622512922003557 -0.04571792897421534 1.3297298972071572 0.0 0.0 
l -1.490119067312846 0.1021689834262839 -0.6677556166212658 -0.0371781663709545 1.324668303437445 0.0 0.0 
l -1.4848594496621703 0.10754244947123834 -0.6735077958903943 -0.027778735774817487 1.3199432098491917 0.0 0.0 
l -1.4796826995041157 0.11263491242118866 -0.6794435843229921 -0.017509015188514887 1.3155820442939836 0.0 0.0 
l -1.4746023135700526 0.11744405902695886 -0.6855110544952363 -0.006366186946311525 1.311596665117064 0.0 0.0 
l -1.4695946366116672 0.12201260359523877 -0.6916687659186564 0.005648241508813712 1.307983032971851 0.0 0.0 
l -1.464605256312071 0.1264176257842063 -0.6978838417350192 0.0185263332267398 1.3047200555770235 0.0 0.0 
l -1.459550588009065 0.1307666364772838 -0.7041291894413461 0.032254422695856544 1.301772943795694 0.0 0.0 
l -1.4543299945486867 0.13518177524938385 -0.7103813159377913 0.046806197568774466 1.2990938325150863 0.0 0.0 
l -1.448829627986919 0.13979463680880228 -0.7166188275834547 0.062142338815333265 1.296626495049679 0.0 0.0 
l -1.4429351631817997 0.14473177262116538 -0.722820398744539 0.07820350047814706 1.2943083631035524 0.0 0.0 
l -1.4365420442063275 0.1501041792361824 -0.7289630546467806 0.09490274908404028 1.292074976205968 0.0 0.0 
l -1.4295641137620134 0.15599920121595356 -0.7350217194639354 0.11212154582559619 1.2898645949856753 0.0 0.0 
l -1.4219440849985616 0.1624712174887125 -0.7409686504317663 0.12970243222786104 1.2876221282083757 0.0 0.0 
l -1.4136593525256602 0.16953791921625277 -0.7467735711250618 0.14745063056142793 1.285302833301109 0.0 0.0 
l -1.4047273793111488 0.1771770814075839 -0.7524044870872684 0.16513345975166904 1.282874868780238 0.0 0.0 
l -1.395207613461488 0.1853269488124504 -0.7578287548162292 0.1824914224607862 1.2803212128368473 0.0 0.0 
l -1.385201094018472 0.19388866259422885 -0.763014176090772 0.1992471696820619 1.2776402953865935 0.0 0.0 
l -1.3748458826887593 0.20273230158912284 -0.7679302782054257 0.21512225898649273 1.2748449292168773 0.0 0.0 
l -1.36431141890677 0.21170297883420414 -0.7725498654746417 0.22985825590001796 1.2719605993293817 0.0 0.0 
l -1.3537848928680272 0.220633941090127 -0.7768508693945253 0.24323221169933562 1.2690235432249177 0.0 0.0 
l -1.343464032431885 0.2293525051176176 -0.78081696290959 0.25507046912735043 1.266076774287309 0.0 0.0 
l -1.3335450280502101 0.23769042622532793 -0.7844378743585569 0.2652594178130372 1.2631667312916137 0.0 0.0 
l -1.3242103446117799 0.2454937551044041 -0.7877099467675497 0.27375290868667124 1.2603398417923128 0.0 0.0 
l -1.3156197416408522 0.2526297189035455 -0.7906357567720795 0.2805698351832493 1.2576397708728377 0.0 0.0 
l -1.3079035364529732 0.25899154093964644 -0.7932237326900067 0.28579024309607926 1.25510314128055 0.0 0.0 
l -1.301155554374666 0.2645042264211164 -0.7954871349838178 0.2895450451272954 1.2527591586954512 0.0 0.0 
l -1.295434989658204 0.26912242008742204 -0.79744228910399 0.2920028840366946 1.2506272984231528 0.0 0.0 
l -1.2907642252811509 0.2728320193263543 -0.7991083161473466 0.293357777745727 1.2487171522071283 0.0 0.0 
l -1.287131712033129 0.2756483738186552 -0.8005046181632383 0.29381572560912517 1.247029019855517 0.0 0.0 
l -1.284494717118625 0.2776136428809402 -0.8016509291745321 0.2935844625759376 1.24555375330317 0.0 0.0 
l -1.2827879026862745 0.2787899106688815 -0.802565041801923 0.29285690673853293 1.2442745531182906 0.0 0.0 
l -1.281927477371753 0.2792558428397033 -0.8032622935868078 0.2918073767339253 1.243169249013052 0.0 0.0 
l -1.2818175566609473 0.279101441299209 -0.8037546456015606 0.29058610399667617 1.242210607029792 0.0 0.0 
l -1.282358417531984 0.27842100052195223 -0.8040496740608394 0.28931345690672394 1.2413696363695554 0.0 0.0 
l -1.28344962383437 0.27731024386481734 -0.8041509678506653 0.28808176181784373 1.2406161655299646 0.0 0.0 
l -1.284997412430998 0.27585993623133515 -0.804057251192162 0.28695529291410016 1.239920049090536 0.0 0.0 
l -1.286918314180405 0.2741524657533276 -0.8037626535485908 0.28597945844060324 1.2392529156183998 0.0 0.0 
l -1.289142346770604 0.27225866574545715 -0.8032571759770232 0.28517961324435737 1.238589658911327 0.0 0.0 
l -1.2916164599981155 0.2702338988471784 -0.8025279798166657 0.2845719141776286 1.2379089741032616 0.0 0.0 
l -1.2943013052062313 0.26812014080972807 -0.8015615138735762 0.28416611031156735 1.2371943050001555 0.0 0.0 
l -1.297173654587317 0.2659436085649017 -0.8003435806365522 0.2839723089618176 1.2364347941486387 0.0 0.0 
l -1.3002217651725057 0.26371749231621444 -0.7988627584990817 0.2840064779951512 1.2356257003620086 0.0 0.0 
l -1.3034424483505602 0.2614443049030326 -0.7971113750118533 0.2842892171680491 1.2347689549675418 0.0 0.0 
l -1.306837943482394 0.25911804906784536 -0.7950872584370506 0.2848469764343591 1.2338728604698483 0.0 0.0 
l -1.3104113096426617 0.25672841417157816 -0.7927944568278176 0.2857094950700674 1.232952760056245 0.0 0.0 
l -1.3141631828320421 0.2542640041324441 -0.7902433837071117 0.286905009163116 1.2320299785422795 0.0 0.0 
l -1.3180873276063092 0.2517169569224752 -0.7874507818629419 0.2884576847933584 1.2311329350422806 0.0 0.0 
l -1.3221699625439653 0.24908506505931402 -0.7844373644901346 0.2903796284517868 1.2302934316916754 0.0 0.0 
l -1.326387981590527 0.24637479693523634 -0.7812259392777914 0.29266755335731043 1.229548128808129 0.0 0.0 
l -1.3307091620949834 0.2436024762930288 -0.777839305006538 0.29530001487502733 1.2289362163974586 0.0 0.0 
l -1.3350921598716088 0.24079589354020228 -0.7742976464461662 0.29823541217582505 1.2284975709110992 0.0 0.0 
l -1.3394904700709689 0.23799186437702247 -0.7706158032980414 0.301417544192216 1.2282711725261048 0.0 0.0 
l -1.3438513917723622 0.2352379979716519 -0.7668021668936668 0.30477563276451347 1.2282936899053516 0.0 0.0 
l -1.3481196589664648 0.23258934588980526 -0.7628582296773929 0.30823570369430864 1.2285967618570135 0.0 0.0 
l -1.3522399979308668 0.23010529560930926 -0.7587797981823108 0.31172215159490313 1.2292048633727237 0.0 0.0 
l -1.3561578406453147 0.22784784002439146 -0.7545593898549285 0.31516747500713604 1.2301339995593126 0.0 0.0 
l -1.3598238170930983 0.22587597905737858 -0.7501884000483325 0.31851698563935793 1.2313903246471751 0.0 0.0 
l -1.363192937235366 0.2242443513232281 -0.7456622899349474 0.3217345612010982 1.2329675217245837 0.0 0.0 
l -1.366228795145937 0.22299738007492523 -0.7409838083548302 0.3248025863066506 1.2348469047121142 0.0 0.0 
l -1.3689057184208662 0.2221651596271369 -0.7361667370256141 0.32771828143288717 1.2369963495823184 0.0 0.0 
l -1.3712077448147446 0.22176241836399516 -0.7312400200045308 0.3304953149900407 1.2393708959470906 0.0 0.0 
l -1.3731318051947132 0.22178401574812362 -0.726248703352689 0.33315244697489277 1.2419145144682933 0.0 0.0 
l -1.3746872724997254 0.22220399940437394 -0.7212550402443832 0.33570715994499634 1.244562032341017 0.0 0.0 
l -1.3758975200474028 0.2229731918272165 -0.7163372507699141 0.33816949108051175 1.2472405820820365 0.0 0.0 
l -1.3767949051482793 0.22402432088687219 -0.7115877423168164 0.340536338402885 1.2498739634698486 0.0 0.0 
l -1.377421926114796 0.22527147202736877 -0.7071087949244361 0.34278791147690324 1.2523841982498158 0.0 0.0 
l -1.3778269570767412 0.22661623917369692 -0.7030077683087215 0.3448862856952555 1.2546965654672741 0.0 0.0 
l -1.3780610220171972 0.22795375187130157 -0.6993912977670473 0.34677957958416683 1.2567413815164394 0.0 0.0 
l -1.378174913192958 0.2291788945004417 -0.6963596240819101 0.34840400792427473 1.2584565161356824 0.0 0.0 
l -1.3782152842900357 0.2301943078647347 -0.6940009716846413 0.3496941185045379 1.2597901035153634 0.0 0.0 
l -1.3782189835105743 0.2309204940822933 -0.6923868896087628 0.3505920952075843 1.2607020279315972 0.0 0.0 
